SINAL     NFT                         FFT                         NFT INVERSA     FFT INVERSA
-----     -----------------------     -----------------------     -----------     -----------
   83         973.000       0.000         465.000       0.000              83              62
   47          94.204      48.045          33.503    -333.966              47              61
  218        -268.000     211.000        -135.000      70.000             218             130
  117          -6.205     140.045         132.497     102.035             117              96
   39          51.000      -0.000         137.000       0.000              39              20
   78          -6.204    -140.046         132.497    -102.034              78              38
  172        -267.999    -211.001        -135.000     -70.000             172              20
  219          94.206     -48.045          33.502     333.965             219              38
