SINAL     NFT                         FFT                         NFT INVERSA     FFT INVERSA
-----     -----------------------     -----------------------     -----------     -----------
   27        1041.000       0.000         456.000       0.000              27              49
   57        -248.392      17.326         -95.329    -344.940              57              50
  142        -105.000     122.000        -115.000     173.000             142             107
  230          68.392      87.326         149.330     -60.940             230             136
  117        -255.000      -0.001        -118.000       0.000             117              36
  206          68.392     -87.326         149.329      60.940             206              21
  107        -104.999    -122.000        -115.000    -173.000             107              36
  155        -248.390     -17.327         -95.330     344.940             155              21
