SINAL     NFT                         FFT                         NFT INVERSA     FFT INVERSA
-----     -----------------------     -----------------------     -----------     -----------
  125         886.000       0.000         427.000       0.000             125              98
  170         -21.518      62.334         163.891    -218.525             170             103
   17         137.000    -197.000         108.000     -55.000              17              44
  115         101.518     -15.665          86.109    -184.525             115              75
   85        -320.000      -0.001        -143.000       0.000              85              36
  230         101.519      15.666          86.109     184.525             230              18
   56         137.000     197.000         108.000      55.000              56              36
   88         -21.517     -62.335         163.891     218.525              88              18
