SINAL     NFT                         FFT                         NFT INVERSA     FFT INVERSA
-----     -----------------------     -----------------------     -----------     -----------
   77         765.000       0.000         446.000       0.000              77              71
  176         -18.553    -139.371         143.468    -293.434             176             112
  111          -2.000    -111.000         -34.000     -94.000             111              88
   82        -127.447    -153.371          10.532     -71.434              82              65
  150         147.000       0.001         -70.000       0.000             150              32
   34        -127.448     153.371          10.532      71.434              34              23
  118          -2.000     111.000         -34.000      94.000             118              32
   17         -18.552     139.370         143.468     293.434              17              23
