SINAL     NFT                         FFT                         NFT INVERSA     FFT INVERSA
-----     -----------------------     -----------------------     -----------     -----------
  186         869.000       0.000         516.000       0.000             186             125
  125         186.204      11.955         180.343    -254.434             125              95
   72         -14.000      87.000         114.000       8.000              72              68
  133          85.796    -200.045         191.657    -110.434             133              99
   50         103.000       0.000           0.000       0.000              50              32
   23          85.795     200.045         191.657     110.434              23              32
  178         -13.999     -87.001         114.000      -8.000             178              32
  102         186.206     -11.955         180.343     254.434             102              32
