SINAL     NFT                         FFT                         NFT INVERSA     FFT INVERSA
-----     -----------------------     -----------------------     -----------     -----------
  247        1200.000       0.000         682.000       0.000             247             176
  200         121.719     -16.342         233.565    -312.278             200             133
   16         235.000      97.000         231.000      19.000              16              60
  219          38.281    -310.342         260.435    -280.278             219             142
  167         -14.000      -0.000        -156.000       0.000             167              52
   55          38.280     310.341         260.435     280.278              55              33
  163         235.001     -97.000         231.000     -19.000             163              52
  133         121.721      16.341         233.565     312.278             133              33
