SINAL     NFT                         FFT                         NFT INVERSA     FFT INVERSA
-----     -----------------------     -----------------------     -----------     -----------
   64        1252.000       0.000         544.000       0.000              64              67
  195          58.598     144.924         140.368    -397.404             195             130
  198        -340.000    -160.001        -134.000    -108.000             198             134
   87         -20.598      38.924         -12.367      -1.404              87              76
   45        -136.000      -0.001         -20.000       0.000              45              35
  232         -20.598     -38.924         -12.368       1.404             232              33
  251        -340.000     159.998        -134.000     108.000             251              35
  180          58.601    -144.924         140.367     397.404             180              33
