SINAL     NFT                         FFT                         NFT INVERSA     FFT INVERSA
-----     -----------------------     -----------------------     -----------     -----------
   32        1058.000       0.000         518.000       0.000              32              62
  234          17.175     -32.393         102.711    -378.215             234             136
  118         -79.000    -105.000         -86.000    -100.000             118             105
  134        -117.176      53.606         -38.711    -142.215             134              86
   82        -444.000      -0.001        -218.000       0.000              82              46
  194        -117.174     -53.607         -38.711     142.215             194              19
   75         -78.999     105.000         -86.000     100.000              75              46
  189          17.177      32.393         102.710     378.215             189              19
