SINAL     NFT                         FFT                         NFT INVERSA     FFT INVERSA
-----     -----------------------     -----------------------     -----------     -----------
   20        1000.000       0.000         425.000       0.000              20              37
  210          73.759     -13.343         167.078    -342.907             210             132
  193        -166.000     -84.000        -173.000    -208.000             193             123
    2        -395.760      24.656        -127.078      43.093               2              28
  181         136.000       0.000           1.000       0.000             181              26
   48        -395.759     -24.658        -127.078     -43.093              48              27
  174        -165.999      83.999        -173.000     208.000             174              26
  172          73.761      13.343         167.078     342.907             172              27
