SINAL     NFT                         FFT                         NFT INVERSA     FFT INVERSA
-----     -----------------------     -----------------------     -----------     -----------
   11        1242.000       0.000         642.000       0.000              11              58
  206         -49.562    -127.551           3.222    -507.106             206             130
  208        -248.000     140.000        -197.000      11.000             208             157
  217        -216.439    -101.552          18.778     -91.106             217             136
  144        -126.000      -0.000        -204.000       0.000             144              53
   66        -216.439     101.550          18.778      91.106              66              27
  195        -247.999    -140.001        -197.000     -11.000             195              53
  195         -49.560     127.551           3.222     507.106             195              27
