SINAL     NFT                         FFT                         NFT INVERSA     FFT INVERSA
-----     -----------------------     -----------------------     -----------     -----------
   16         788.000       0.000         295.000       0.000              16              36
   95        -242.335     -18.950         -10.163    -212.513              95              56
   52         161.000      41.000         -36.000      37.000              52              54
  132        -195.666       9.050          42.163    -108.513             132              75
  235        -106.000      -0.000        -159.000       0.000             235              28
  108        -195.665      -9.051          42.163     108.513             108               8
   38         161.001     -40.999         -36.000     -37.000              38              28
  112        -242.334      18.949         -10.163     212.513             112               8
