SINAL     NFT                         FFT                         NFT INVERSA     FFT INVERSA
-----     -----------------------     -----------------------     -----------     -----------
   11         909.000       0.000         479.000       0.000              11              48
  229         -35.574     -92.439          96.560    -369.295             229             132
  131        -153.000    -182.000        -120.000    -121.000             131             108
  108        -120.426     -74.439         -74.560    -107.295             108              72
   89        -203.000      -0.000        -195.000       0.000              89              42
  140        -120.426      74.438         -74.560     107.295             140              18
  122        -153.000     181.999        -120.000     121.000             122              42
   79         -35.572      92.438          96.560     369.295              79              18
