SINAL     NFT                         FFT                         NFT INVERSA     FFT INVERSA
-----     -----------------------     -----------------------     -----------     -----------
  150         830.000       0.000         512.000       0.000             150              96
  101         141.515     -80.905         172.628    -312.208             101              93
  192         -64.000     -76.000         -42.000     -32.000             192             117
   69         158.485     259.095         127.373      71.792              69              77
    0        -102.000      -0.001         172.000       0.000              -0              21
  170         158.486    -259.095         127.373     -71.792             170              43
   22         -64.000      75.999         -42.000      32.000              22              21
  126         141.516      80.904         172.627     312.208             126              43
