SINAL     NFT                         FFT                         NFT INVERSA     FFT INVERSA
-----     -----------------------     -----------------------     -----------     -----------
  113        1077.000       0.000         281.000       0.000             113              59
   17         -99.130     259.541         124.314    -162.728              17              41
  150         105.000       6.000         -37.000     -16.000             150              77
    1        -152.871     365.541         101.686     137.272               1              33
  239         121.000      -0.001         245.000       0.000             239               2
  219        -152.869    -365.542         101.686    -137.272             219              33
   97         105.001      -6.000         -37.000      16.000              97               2
  241         -99.127    -259.542         124.314     162.728             241              33
