SINAL     NFT                         FFT                         NFT INVERSA     FFT INVERSA
-----     -----------------------     -----------------------     -----------     -----------
   56         753.000       0.000         447.000       0.000              56              64
   78         -50.359     -57.004         -35.924    -307.233              78              59
  105        -166.000     111.000         -49.000     130.000             105              88
  208         160.359     -83.003         147.924     -97.232             208             124
    1        -193.000      -0.001        -125.000       0.000               1              36
  103         160.359      83.004         147.924      97.233             103              20
  118        -165.999    -111.001         -49.000    -130.000             118              36
   84         -50.358      57.003         -35.924     307.232              84              20
