SINAL     NFT                         FFT                         NFT INVERSA     FFT INVERSA
-----     -----------------------     -----------------------     -----------     -----------
  199         866.000       0.000         530.000       0.000             199             128
  150         122.879     -51.134         247.790    -263.342             150             112
  100          81.000    -141.000          99.000     -69.000             100              79
   81         127.121     -35.134         150.210     -63.342              81              78
   74          64.000      -0.000          68.000       0.000              74              29
  121         127.121      35.133         150.210      63.342             121              37
   92          81.000     141.000          99.000      69.000              92              29
   49         122.880      51.133         247.790     263.342              49              37
