SINAL     NFT                         FFT                         NFT INVERSA     FFT INVERSA
-----     -----------------------     -----------------------     -----------     -----------
  134        1133.000       0.000         501.000       0.000             134             108
  110        -120.921      78.570          59.047    -271.517             110              77
   41          94.000     181.000          93.000     106.000              41              61
  216         -77.079    -303.430         208.953    -189.517             216             130
  233         147.000       0.000        -151.000       0.000             233              41
   46         -77.081     303.429         208.953     189.517              46              22
  232          94.001    -181.001          93.000    -106.000             232              41
  121        -120.919     -78.571          59.047     271.517             121              22
