SINAL     NFT                         FFT                         NFT INVERSA     FFT INVERSA
-----     -----------------------     -----------------------     -----------     -----------
   32        1043.000       0.000         528.000       0.000              32              71
  250        -236.238     -78.049          75.134    -367.420             250             136
   57          -3.000    -268.000         -25.000     -61.000              57              83
  189         -29.762    -250.049         -11.133    -253.420             189             106
  165        -249.000      -0.000        -350.000       0.000             165              55
  207         -29.763     250.049         -11.134     253.420             207              11
  143          -3.001     268.000         -25.000      61.000             143              55
    0        -236.237      78.047          75.133     367.420               0              11
