SINAL     NFT                         FFT                         NFT INVERSA     FFT INVERSA
-----     -----------------------     -----------------------     -----------     -----------
    7         890.000       0.000         215.000       0.000               7              16
   68        -176.122     235.915          33.870    -179.296              68              49
  110        -147.000     -79.000        -103.000     -38.000             110              67
   30        -171.879       5.915         -19.870      40.704              30              30
  181         156.000       0.000          19.000       0.000             181              12
  155        -171.879      -5.916         -19.870     -40.704             155              15
  225        -147.000      78.999        -103.000      38.000             225              12
  114        -176.119    -235.916          33.870     179.296             114              15
