SINAL     NFT                         FFT                         NFT INVERSA     FFT INVERSA
-----     -----------------------     -----------------------     -----------     -----------
   45         871.000       0.000         367.000       0.000              45              63
  233         -94.745      15.745         146.823    -227.688             233             122
    0         169.000    -224.000          45.000    -144.000              -0              40
   89        -185.255    -106.255         -56.823    -227.688              89              50
  185        -289.000      -0.001        -277.000       0.000             185              40
  169        -185.255     106.254         -56.823     227.688             169               6
   61         169.000     224.000          45.000     144.000              61              40
   89         -94.744     -15.746         146.823     227.688              89               6
