SINAL     NFT                         FFT                         NFT INVERSA     FFT INVERSA
-----     -----------------------     -----------------------     -----------     -----------
  245        1117.000       0.000         890.000       0.000             245             176
  208          99.582    -407.354         237.929    -520.228             208             162
  219          84.000     -81.000          26.000      10.000             219             163
  218         242.418      -1.354         252.071     -82.227             218             167
   74          -9.000      -0.000          38.000       0.000              74              53
  114         242.418       1.354         252.071      82.228             114              58
   16          84.000      81.000          26.000     -10.000              16              53
   23          99.582     407.353         237.929     520.227              23              58
