SINAL     NFT                         FFT                         NFT INVERSA     FFT INVERSA
-----     -----------------------     -----------------------     -----------     -----------
  215        1028.000       0.000         656.000       0.000             215             139
   19         113.553    -102.820          62.265    -366.605              19              60
  187         -41.001     355.000          28.000     216.000             187             125
  235         222.447      39.180         367.735       7.395             235             168
   47         102.000      -0.001         148.000       0.000              47              32
   35         222.447     -39.181         367.735      -7.395              35              50
  116         -40.998    -355.001          28.000    -216.000             116              32
  174         113.554     102.820          62.265     366.605             174              50
