SINAL     NFT                         FFT                         NFT INVERSA     FFT INVERSA
-----     -----------------------     -----------------------     -----------     -----------
  149        1327.000       0.000         684.000       0.000             149             132
  242         219.480      98.532         166.678    -400.562             242             149
   76        -131.001     102.000          73.000     -25.000              76              95
  217           4.520    -231.468         131.323    -248.562             217             137
   37        -321.000      -0.001        -234.000       0.000              37              57
  119           4.520     231.468         131.322     248.562             119              28
  241        -130.998    -102.001          73.000      25.000             241              57
  246         219.483     -98.532         166.677     400.562             246              28
