SINAL     NFT                         FFT                         NFT INVERSA     FFT INVERSA
-----     -----------------------     -----------------------     -----------     -----------
  137        1315.000       0.000         554.000       0.000             137             115
  160        -110.163     134.423         102.352    -308.922             160             103
   48         100.000      61.000          89.000      49.000              48              70
  209         -57.837    -189.578         171.648    -212.922             209             128
  221         -83.000      -0.000        -184.000       0.000             221              46
  159         -57.837     189.576         171.648     212.922             159              23
  210         100.001     -61.000          89.000     -49.000             210              46
  171        -110.161    -134.424         102.352     308.922             171              23
