SINAL     NFT                         FFT                         NFT INVERSA     FFT INVERSA
-----     -----------------------     -----------------------     -----------     -----------
  211         984.000       0.000         634.000       0.000             211             136
  200         190.815    -201.447         320.602    -351.241             200             149
  178         153.000    -125.000          33.000    -155.000             178             120
   45         -70.815      92.552         101.398       4.759              45              71
  151         158.000      -0.000         144.000       0.000             151              31
   69         -70.814     -92.554         101.398      -4.759              69              49
   31         153.000     125.000          33.000     155.000              31              31
   99         190.815     201.447         320.601     351.241              99              49
