SINAL     NFT                         FFT                         NFT INVERSA     FFT INVERSA
-----     -----------------------     -----------------------     -----------     -----------
   93        1052.000       0.000         406.000       0.000              93              60
   71         -78.737      82.614         117.749    -281.660              71              73
  206         -63.000     -47.000        -113.000     -35.000             206             116
   36        -111.264     218.613          68.251     130.340              36              55
  188         198.000      -0.000         192.000       0.000             188              13
  166        -111.263    -218.614          68.251    -130.340             166              37
  138         -63.000      47.000        -113.000      35.000             138              13
  154         -78.735     -82.614         117.749     281.660             154              37
