SINAL     NFT                         FFT                         NFT INVERSA     FFT INVERSA
-----     -----------------------     -----------------------     -----------     -----------
  196        1118.000       0.000         578.000       0.000             196             117
   42        -149.643     -56.050         150.038    -338.359              42              75
  233           3.000     -59.000         -37.000      65.000             233             135
  107         117.643      65.950         241.962     127.641             107             107
  212         508.000       0.001         280.000       0.000             212              19
  140         117.643     -65.950         241.962    -127.641             140              54
  172           3.000      58.999         -37.000     -65.000             172              19
   16        -149.642      56.049         150.038     338.359              16              54
