SINAL     NFT                         FFT                         NFT INVERSA     FFT INVERSA
-----     -----------------------     -----------------------     -----------     -----------
   72        1136.000       0.000         597.000       0.000              72              96
  251         111.965      -4.593          86.849    -384.118             251             140
   44         -74.001     122.000          28.000     -21.000              44              82
  230        -119.965    -272.593          57.151    -296.118             230             130
   76        -396.000      -0.001        -365.000       0.000              76              60
   71        -119.966     272.592          57.151     296.118              71              14
  178         -73.998    -122.001          28.000      21.000             178              60
  214         111.967       4.593          86.849     384.118             214              14
