SINAL     NFT                         FFT                         NFT INVERSA     FFT INVERSA
-----     -----------------------     -----------------------     -----------     -----------
   50        1202.000       0.000         648.000       0.000              50              69
  107        -110.359    -101.636         -48.995    -494.316             107              90
  244        -275.000     131.000        -194.000     140.000             244             166
  247         100.359     114.364         148.995      -6.316             247             160
   55        -232.000      -0.001         -60.000       0.000              55              44
  186         100.359    -114.364         148.995       6.316             186              37
  136        -274.999    -131.001        -194.000    -140.000             136              44
  177        -110.357     101.636         -48.995     494.316             177              37
