SINAL     NFT                         FFT                         NFT INVERSA     FFT INVERSA
-----     -----------------------     -----------------------     -----------     -----------
    6         936.000       0.000         424.000       0.000               6              23
   90          19.672     -37.996          18.021    -370.258              90              78
  255        -293.000     131.000        -249.000     -17.000             255             148
   73        -213.673     178.003          -6.021     139.742              73              69
  103          86.000      -0.000          98.000       0.000             103              20
   57        -213.672    -178.004          -6.021    -139.742              57              33
  147        -292.999    -131.001        -249.000      17.000             147              20
  205          19.674      37.997          18.021     370.258             205              33
