SINAL     NFT                         FFT                         NFT INVERSA     FFT INVERSA
-----     -----------------------     -----------------------     -----------     -----------
   18         590.000       0.000         440.000       0.000              18              31
  175         142.927    -280.004         141.744    -370.744             175             121
  247        -229.000    -121.000        -229.000    -175.000             247             145
    0        -180.928     139.996        -105.744     123.256              -0              33
   37          88.000       0.000          90.000       0.000              37              22
   11        -180.927    -139.997        -105.744    -123.256              11              33
   37        -229.000     120.999        -229.000     175.000              37              22
   65         142.927     280.004         141.744     370.744              65              33
