SINAL     NFT                         FFT                         NFT INVERSA     FFT INVERSA
-----     -----------------------     -----------------------     -----------     -----------
  207        1260.000       0.000         595.000       0.000             207             125
  103         108.296      42.220         233.163    -338.501             103             105
  219          56.000      24.000         -12.000     -37.000             219             131
   66         -30.297     280.220         180.837      99.499              66              86
  168         128.000      -0.001         257.000       0.000             168              21
  168         -30.295    -280.221         180.837     -99.499             168              53
  100          56.001     -24.000         -12.000      37.000             100              21
  229         108.298     -42.221         233.163     338.501             229              53
