SINAL     NFT                         FFT                         NFT INVERSA     FFT INVERSA
-----     -----------------------     -----------------------     -----------     -----------
  191        1082.000       0.000         515.000       0.000             191             128
  202         221.300     143.080         292.823    -247.848             202             133
   64           7.000     -91.000         127.000    -144.000              64              64
   58         -57.300    -186.921          89.177    -119.848              58              61
  109         104.000       0.000          -5.000       0.000             109              32
   88         -57.300     186.920          89.177     119.848              88              32
  229           7.001      90.999         127.000     144.000             229              32
  141         221.302    -143.080         292.823     247.848             141              32
