SINAL     NFT                         FFT                         NFT INVERSA     FFT INVERSA
-----     -----------------------     -----------------------     -----------     -----------
  243        1255.000       0.000         680.000       0.000             243             170
  222          38.532      55.650         284.012    -323.943             222             148
   51          89.000    -210.000         192.000     -58.000              51              74
  164         171.469    -324.350         201.988    -221.943             164             119
  138          91.000       0.000         -92.000       0.000             138              48
  174         171.467     324.350         201.988     221.943             174              37
  241          89.000     209.999         192.000      58.000             241              48
   22          38.534     -55.651         284.012     323.943              22              37
