SINAL     NFT                         FFT                         NFT INVERSA     FFT INVERSA
-----     -----------------------     -----------------------     -----------     -----------
  214         999.000       0.000         452.000       0.000             214             125
  116         133.710     149.799         276.933    -196.116             116              97
   95          45.000     -78.000         119.000     -89.000              95              65
   27          -7.710    -110.201         151.068      -6.116              27              52
  151         371.000       0.001         166.000       0.000             151              18
   80          -7.711     110.200         151.068       6.116              80              39
  225          45.000      77.999         119.000      89.000             225              18
   91         133.713    -149.799         276.932     196.116              91              39
