SINAL     NFT                         FFT                         NFT INVERSA     FFT INVERSA
-----     -----------------------     -----------------------     -----------     -----------
   71        1008.000       0.000         576.000       0.000              71              74
  216         168.149    -113.012         160.096    -415.375             216             142
  199        -198.000     -34.000        -128.000    -126.000             199             138
   90        -140.149      30.987         -18.095     -17.375              90              79
   57        -100.000      -0.000         -36.000       0.000              57              38
   78        -140.149     -30.988         -18.095      17.375              78              34
  127        -197.999      33.999        -128.000     126.000             127              38
  170         168.151     113.013         160.095     415.375             170              34
