SINAL     NFT                         FFT                         NFT INVERSA     FFT INVERSA
-----     -----------------------     -----------------------     -----------     -----------
   67        1890.000       0.000         660.000       0.000              67              51
   83        -167.785     300.740          22.272    -405.327              83              65
  125         206.748      44.979          55.627      82.983             125              80
   18         142.993     118.336         170.888    -258.209              18              33
   34        -337.001     204.999        -174.000     -98.000              34              35
  108        -478.893     -69.095          -1.533      62.699             108              78
  150         157.252     -69.021          10.373      32.983             150              93
   75        -148.315     -74.690          76.373      51.582              75              61
  230         432.000       0.002          92.000       0.000             230              18
   61        -148.317      74.687          76.373     -51.582              61              23
  221         157.250      69.021          10.373     -32.983             221              18
  211        -478.895      69.088          -1.533     -62.699             211              23
   81        -336.996    -205.004        -174.000      98.000              81              18
   10         142.999    -118.335         170.888     258.209              10              23
  253         206.752     -44.978          55.627     -82.983             253              18
  163        -167.776    -300.741          22.272     405.327             163              23
