SINAL     NFT                         FFT                         NFT INVERSA     FFT INVERSA
-----     -----------------------     -----------------------     -----------     -----------
  249        2436.000       0.000        1138.000       0.000             249             148
   67          61.948      67.029         281.117    -697.830              67              81
  214          70.448     -31.694          -4.877       5.657             214             130
  116         241.637      28.107         341.318    -162.671             116             106
   87          91.999      74.000         -92.000    -138.000              87              67
  189        -322.818     523.048         156.682     268.612             189             142
  214         299.553    -225.694         328.877       5.657             214             130
    2         131.230     117.971         216.884      81.453               2              49
  221         400.000       0.000         390.000       0.000             221              23
  174         131.230    -117.973         216.884     -81.453             174              48
   69         299.549     225.693         328.877      -5.657              69              23
  243        -322.812    -523.055         156.683    -268.612             243              48
  198          92.003     -74.000         -92.000     138.000             198              23
   42         241.640     -28.106         341.318     162.671              42              48
  166          70.451      31.692          -4.877      -5.657             166              23
  185          61.957     -67.030         281.116     697.830             185              48
