SINAL     NFT                         FFT                         NFT INVERSA     FFT INVERSA
-----     -----------------------     -----------------------     -----------     -----------
  218        2220.000       0.000        1375.000       0.000             218             149
   37          80.927    -406.915         108.898    -907.351              37              64
  179         -95.795     290.723        -141.596      99.288             179             130
  217        -120.518      39.420         213.857     -85.210             217             154
  151         140.000     -32.000          10.000      65.000             151             116
  254          26.201     338.765         223.557     120.492             254             173
  180         141.795     -67.278         275.596      97.288             180             130
  139         325.390    -239.569         325.688     -97.648             139             115
  140         272.000       0.001          81.000       0.000             140              40
  133         325.387     239.570         325.688      97.648             133              45
    8         141.793      67.275         275.596     -97.288               8              40
   21          26.204    -338.768         223.557    -120.492              21              45
  184         140.000      32.000          10.000     -65.000             184              40
   79        -120.517     -39.424         213.857      85.210              79              45
  186         -95.788    -290.724        -141.596     -99.288             186              40
   94          80.930     406.915         108.897     907.351              94              45
