SINAL     NFT                         FFT                         NFT INVERSA     FFT INVERSA
-----     -----------------------     -----------------------     -----------     -----------
   37        2045.000       0.000         965.000       0.000              37              54
  248        -251.095      88.655         132.087    -584.313             248             149
  125         106.749    -281.633         138.986     -79.756             125              98
  152         -60.631    -378.187          41.241    -482.554             152             101
   26        -252.000      24.999        -272.000     -11.000              26              48
   41        -123.663    -147.016         152.967     -60.792              41              45
  210          57.253    -381.633        -116.986    -249.756             210             140
  126        -272.610    -148.173        -178.295     -58.552             126              88
  214         139.000       0.002        -169.000       0.000             214              35
  110        -272.612     148.172        -178.295      58.552             110              25
  186          57.249     381.634        -116.986     249.756             186              35
  201        -123.664     147.014         152.967      60.792             201              25
  143        -251.999     -25.002        -272.000      11.000             143              35
   65         -60.632     378.186          41.241     482.554              65              25
  151         106.749     281.632         138.986      79.756             151              35
   10        -251.088     -88.661         132.087     584.313              10              25
