SINAL     NFT                         FFT                         NFT INVERSA     FFT INVERSA
-----     -----------------------     -----------------------     -----------     -----------
   20        1642.000       0.000         699.000       0.000              20              34
  131         288.867     200.115         -13.108    -448.667             131              85
   52         -64.576     376.307           4.413       8.950              52              50
   58        -211.575     110.292         -37.339    -151.989              58              49
  186         -83.001     130.999          98.000      95.000             186             117
   14          71.709    -322.875          82.996    -371.253              14              27
   56        -487.426     182.305        -336.413       0.950              56              52
  182        -177.002     -37.055          47.451      76.068             182             111
   27           4.000      -0.000         -71.000       0.000              27              24
   17        -177.003      37.053          47.451     -76.068              17              20
  126        -487.423    -182.310        -336.413      -0.950             126              24
    6          71.708     322.876          82.996     371.254               6              20
  137         -82.998    -131.002          98.000     -95.000             137              24
  182        -211.571    -110.296         -37.339     151.989             182              20
  219         -64.567    -376.308           4.413      -8.950             219              24
  229         288.875    -200.110         -13.109     448.667             229              20
