SINAL     NFT                         FFT                         NFT INVERSA     FFT INVERSA
-----     -----------------------     -----------------------     -----------     -----------
   50        2056.000       0.000         945.000       0.000              50              58
  101         -43.992     128.736         224.746    -630.831             101              77
  242        -178.875    -500.196         -46.837    -328.459             242             154
  227        -477.091    -119.591        -340.085    -219.637             227             140
  123          30.000      -6.000         -78.000     289.000             123              94
   15         371.450     187.565         110.573    -110.669              15              34
    9        -323.127     341.802         -99.163     137.541               9              37
  178          65.631     -68.110         204.766     -29.864             178             116
   71        -144.000      -0.001         -97.000       0.000              71              33
  229          65.630      68.109         204.766      29.864             229              26
  200        -323.122    -341.807         -99.163    -137.541             200              33
   49         371.453    -187.560         110.573     110.669              49              26
  249          29.999       6.001         -78.000    -289.000             249              33
  208        -477.091     119.588        -340.085     219.637             208              26
   12        -178.876     500.193         -46.837     328.459              12              33
   93         -43.983    -128.739         224.746     630.831              93              26
