SINAL     NFT                         FFT                         NFT INVERSA     FFT INVERSA
-----     -----------------------     -----------------------     -----------     -----------
   59        1888.000       0.000        1118.000       0.000              59              65
   17         -36.352    -397.466         -37.616    -778.691              17              43
  251         102.074     189.893        -129.104      13.442             251             161
  159        -373.710      54.159        -111.278    -226.414             159             114
  128         -71.000     127.000        -175.000     199.000             128             100
  168         -41.821     293.595          31.288      29.531             168             118
  111         -52.076     365.892          -8.896     293.442             111              91
  225         163.880     205.969         353.606     -10.745             225             147
  131        -326.000      -0.004         -20.000       0.000             131              36
  157         163.883    -205.970         353.606      10.745             157              34
    6         -52.072    -365.894          -8.896    -293.442               6              36
   24         -41.817    -293.595          31.288     -29.531              24              34
   37         -70.999    -127.000        -175.000    -199.000              37              36
  148        -373.707     -54.162        -111.278     226.414             148              34
   58         102.080    -189.891        -129.104     -13.442              58              36
  209         -36.350     397.466         -37.617     778.690             209              34
