SINAL     NFT                         FFT                         NFT INVERSA     FFT INVERSA
-----     -----------------------     -----------------------     -----------     -----------
   69        1730.000       0.000         943.000       0.000              69              63
   93         -88.886     -47.207         -23.537    -591.387              93              77
  167          -9.716      10.693          59.326      84.468             167             112
   90         114.547    -154.321          62.741    -359.720              90              75
   62        -388.000      83.999        -221.000      68.000              62              60
  103         179.242     -16.012         100.715      14.084             103              82
  185         -66.286     246.693         -45.326      48.468             185             121
  174         -52.904      35.101         136.081      30.416             174             117
   31          -2.000      -0.001          23.000       0.000              31              29
   67         -52.903     -35.103         136.081     -30.416              67              30
  205         -66.282    -246.694         -45.326     -48.468             205              29
   92         179.241      16.014         100.715     -14.084              92              30
   76        -387.999     -84.003        -221.000     -68.000              76              29
  128         114.548     154.322          62.741     359.720             128              30
   69          -9.713     -10.694          59.326     -84.468              69              29
  119         -88.880      47.205         -23.538     591.387             119              30
