SINAL     NFT                         FFT                         NFT INVERSA     FFT INVERSA
-----     -----------------------     -----------------------     -----------     -----------
   52        1995.000       0.000        1136.000       0.000              52              66
  167         -37.896    -132.511         -63.849    -716.656             167             114
  118          25.852     237.823          67.794     111.485             118              99
  148        -185.236    -149.036          43.153    -420.184             148             105
  103        -395.000     -94.001        -184.000     130.000             103              92
   89         342.231    -188.383         206.512    -146.766              89              75
  221        -143.853     -34.177        -169.794     -94.515             221             151
  238          -3.101     116.140          22.185     -31.237             238             150
   23        -369.000      -0.002        -148.000       0.000              23              40
  146          -3.098    -116.140          22.185      31.237             146              31
  116        -143.852      34.176        -169.794      94.515             116              40
   58         342.230     188.386         206.511     146.766              58              31
   31        -395.001      93.996        -184.000    -130.000              31              40
  236        -185.235     149.033          43.152     420.184             236              31
  149          25.858    -237.824          67.794    -111.485             149              40
  100         -37.890     132.511         -63.850     716.655             100              31
