SINAL     NFT                         FFT                         NFT INVERSA     FFT INVERSA
-----     -----------------------     -----------------------     -----------     -----------
  174        1947.000       0.000        1165.000       0.000             174             129
  205         177.578    -354.670         273.223    -735.859             205             133
   84         232.854       7.315         -16.362     -27.806              84              84
  246         240.337     115.882         314.628    -218.042             246             154
   15        -158.001      18.999        -111.000    -166.000              15              50
  216         -94.332     209.461         220.048     176.222             216             139
  216         401.146    -322.684         334.363    -291.806             216             150
    9        -311.585    -253.091        -111.899    -281.595               9              35
  171        -139.000      -0.001        -187.000       0.000             171              42
   77        -311.585     253.087        -111.899     281.594              77              31
   99         401.145     322.686         334.362     291.806              99              42
  105         -94.329    -209.466         220.049    -176.221             105              31
   13        -157.998     -19.003        -111.000     166.000              13              42
   14         240.342    -115.881         314.628     218.043              14              31
  132         232.857      -7.314         -16.363      27.806             132              42
  171         177.580     354.670         273.222     735.859             171              31
