SINAL     NFT                         FFT                         NFT INVERSA     FFT INVERSA
-----     -----------------------     -----------------------     -----------     -----------
  169        1263.000       0.000         606.000       0.000             169             108
   58         211.763     128.058         181.870    -290.968              58              44
   57         107.769      25.640         162.121     -76.920              57              52
  142         -48.093    -173.320          10.010    -134.530             142              86
    9         372.999     296.001         119.000     171.000               9              28
   41          94.269     224.763         250.209     -69.091              41              35
    2          34.230     101.638         157.879      33.080               2              24
  128          38.061    -173.859         233.912    -189.530             128              79
   95        -181.000      -0.002        -132.000       0.000              95              23
   39          38.060     173.857         233.911     189.530              39              15
    4          34.232    -101.642         157.879     -33.080               4              23
   77          94.273    -224.764         250.209      69.091              77              15
  184         373.003    -295.998         119.000    -171.000             184              23
   75         -48.094     173.319          10.009     134.530              75              15
   21         107.772     -25.640         162.121      76.920              21              23
  162         211.768    -128.057         181.870     290.968             162              15
