SINAL     NFT                         FFT                         NFT INVERSA     FFT INVERSA
-----     -----------------------     -----------------------     -----------     -----------
  165        1973.000       0.000         767.000       0.000             165             101
   96         -79.299     395.348          38.898    -401.153              96              77
   41          73.301     278.946         178.962     184.293              41              39
   56          29.140    -161.750         305.344    -281.252              56              57
   32         -57.000     -60.001         -70.000     -15.000              32              35
   63          19.629      56.083         286.286      32.343              63              61
  226         132.700    -409.054          87.038    -185.707             226             132
   88          54.529     -14.818          29.473      40.442              88              73
  159         321.000       0.001         161.000       0.000             159              19
  138          54.528      14.819          29.473     -40.442             138              29
   88         132.696     409.054          87.038     185.707              88              19
  169          19.630     -56.086         286.286     -32.343             169              29
  189         -57.000      59.998         -70.000      15.000             189              19
  146          29.140     161.747         305.343     281.252             146              29
  247          73.306    -278.948         178.962    -184.293             247              19
   70         -79.288    -395.349          38.897     401.153              70              29
