SINAL     NFT                         FFT                         NFT INVERSA     FFT INVERSA
-----     -----------------------     -----------------------     -----------     -----------
  229        1820.000       0.000        1113.000       0.000             229             156
  174        -156.538    -264.294         113.617    -588.885             174             115
   37         438.751      55.134         195.844     149.200              37              60
   52         161.160      21.743         340.319    -189.911              52              54
  147         507.000    -162.999         302.000     -83.000             147             115
  199         -38.132     -63.890         117.682    -379.259             199             128
   37         -88.751      31.132         -31.844     149.199              37              60
  238         313.508     -25.926         344.383    -190.233             238             147
  159        -430.000      -0.003        -213.000       0.000             159              41
  226         313.509      25.927         344.383     190.234             226              28
    4         -88.750     -31.135         -31.844    -149.200               4              41
   80         -38.129      63.888         117.681     379.259              80              28
   66         507.001     163.002         302.000      83.000              66              41
   45         161.162     -21.744         340.318     189.911              45              28
   16         438.753     -55.131         195.844    -149.199              16              41
  111        -156.536     264.290         113.617     588.885             111              28
