SINAL     NFT                         FFT                         NFT INVERSA     FFT INVERSA
-----     -----------------------     -----------------------     -----------     -----------
   88        2782.000       0.000        1423.000       0.000              88              88
  172         -40.814      13.173          93.748   -1007.095             172             131
  166        -547.585    -115.372        -231.489      20.452             166             127
  208         171.349       4.390         142.392    -155.814             208             149
  241        -221.000     -85.001         -68.000     -39.000             241             164
  196         136.658      -2.882         125.532     -76.371             196             143
  231        -212.415    -177.372         -74.511    -109.548             231             159
  121          68.806      45.901          -9.672      36.348             121             106
    4         -84.000      -0.001          29.000       0.000               4              44
  200          68.807     -45.901          -9.672     -36.348             200              45
  211        -212.416     177.369         -74.511     109.548             211              44
  240         136.659       2.882         125.532      76.371             240              45
  231        -221.000      84.998         -68.000      39.000             231              44
  191         171.350      -4.390         142.392     155.814             191              45
  177        -547.582     115.365        -231.489     -20.452             177              44
  105         -40.804     -13.175          93.747    1007.095             105              45
