SINAL     NFT                         FFT                         NFT INVERSA     FFT INVERSA
-----     -----------------------     -----------------------     -----------     -----------
  154        1635.000       0.000        1009.000       0.000             154             107
  202         366.242    -196.364         315.637    -629.587             202             134
  174         -18.255      -0.787          -4.962     -75.222             174             117
   31         316.696     159.417         364.172    -160.995              31              49
  113        -383.000    -392.002           2.000    -407.000             113              86
  240        -230.342    -235.544        -173.552     -12.229             240             153
   91          72.255      43.213          86.962      90.778              91              75
    4         127.406    -231.324         109.743     -28.821               4              35
    9         327.000       0.002          55.000       0.000               9              30
   36         127.403     231.325         109.743      28.821              36              33
  178          72.254     -43.213          86.962     -90.778             178              30
   43        -230.345     235.541        -173.552      12.229              43              33
   23        -383.001     391.995           2.000     407.000              23              30
   45         316.701    -159.417         364.172     160.995              45              33
  239         -18.252       0.785          -4.962      75.222             239              30
   53         366.246     196.365         315.637     629.587              53              33
