SINAL     NFT                         FFT                         NFT INVERSA     FFT INVERSA
-----     -----------------------     -----------------------     -----------     -----------
   67        2325.000       0.000        1102.000       0.000              67              80
  207         115.343      63.102         153.837    -678.762             207             126
  140         107.585      13.397          87.439    -159.966             140             116
  243        -380.564    -225.944        -132.614    -380.125             243             144
   63          -3.001     234.000        -106.000     190.000              63              77
   66          33.167    -108.831         204.389    -172.370              66              56
   96         110.413     105.397         -79.439     -71.966              96              94
  220        -343.947       8.212          42.388    -219.007             220             133
  211        -531.000      -0.003        -370.000       0.000             211              46
   70        -343.945      -8.217          42.388     219.007              70              23
  108         110.417    -105.397         -79.439      71.966             108              46
  152          33.167     108.831         204.389     172.370             152              23
  106          -2.997    -234.000        -106.000    -190.000             106              46
  254        -380.563     225.940        -132.614     380.124             254              23
  106         107.591     -13.397          87.439     159.966             106              46
  216         115.351     -63.101         153.837     678.762             216              23
