SINAL     NFT                         FFT                         NFT INVERSA     FFT INVERSA
-----     -----------------------     -----------------------     -----------     -----------
   98        1683.000       0.000        1037.000       0.000              98              88
  231         420.706    -265.192         409.602    -641.465             231             141
  247         151.559    -206.856          62.808    -356.614             247             163
  188        -248.657     -93.262         -40.626    -338.278             188             120
   26        -272.000    -117.001        -164.000     -99.000              26              52
  131        -242.461      39.081         -54.701      17.016             131              91
   41         -19.559    -102.857          81.192      55.386              41              60
   75         106.413    -408.849          77.726    -182.172              75              63
   89          93.000       0.002        -213.000       0.000              89              39
   82         106.408     408.850          77.726     182.172              82              26
   69         -19.561     102.855          81.192     -55.386              69              39
    6        -242.460     -39.084         -54.701     -17.016               6              26
   95        -272.000     116.997        -164.000      99.000              95              39
   12        -248.654      93.259         -40.627     338.278              12              26
  223         151.563     206.857          62.807     356.614             223              39
   70         420.709     265.194         409.602     641.466              70              26
