SINAL     NFT                         FFT                         NFT INVERSA     FFT INVERSA
-----     -----------------------     -----------------------     -----------     -----------
   27        2403.000       0.000        1130.000       0.000              27              54
  181        -225.446    -108.127         219.748    -844.383             181             120
  198        -145.501    -365.082        -268.957    -188.803             198             140
  210        -264.412     199.028          18.663    -102.330             210             135
  151        -147.999    -339.001        -119.000    -147.000             151             116
  220        -234.299      18.979        -104.670      15.692             220             140
   99          93.501     -69.081          20.957       9.198              99              90
   44        -131.843    -256.176         -25.741    -122.361              44              52
  241         141.000       0.002        -180.000       0.000             241              41
  221        -131.845     256.176         -25.741     122.361             221              30
  231          93.500      69.082          20.957      -9.197             231              41
  107        -234.299     -18.981        -104.670     -15.692             107              30
  143        -148.002     338.998        -119.000     147.000             143              41
  113        -264.408    -199.031          18.663     102.330             113              30
  182        -145.501     365.080        -268.957     188.802             182              41
   35        -225.439     108.123         219.748     844.383              35              30
