SINAL     NFT                         FFT                         NFT INVERSA     FFT INVERSA
-----     -----------------------     -----------------------     -----------     -----------
   22        1901.000       0.000         972.000       0.000              22              37
   33        -103.236     -34.930         -34.849    -703.164              33              51
  246        -378.694      32.882        -157.263      11.057             246             149
   81        -121.865    -248.158         -61.686    -195.570              81              75
  163         -89.001     194.000        -183.000      73.000             163             108
  140        -339.362      58.558         -69.676      -1.140             140             105
  122        -121.306     102.882        -124.737     259.057             122              87
  165         244.464      79.789         254.212     143.267             165             117
  102         269.000       0.001         134.000       0.000             102              26
   53         244.463     -79.787         254.212    -143.267              53              35
   65        -121.307    -102.883        -124.736    -259.057              65              26
  193        -339.362     -58.562         -69.676       1.140             193              35
  211         -88.998    -194.000        -183.000     -73.000             211              26
   85        -121.867     248.158         -61.687     195.570              85              35
  154        -378.691     -32.886        -157.263     -11.057             154              26
   66        -103.230      34.928         -34.850     703.164              66              35
