SINAL     NFT                         FFT                         NFT INVERSA     FFT INVERSA
-----     -----------------------     -----------------------     -----------     -----------
   64        2090.000       0.000        1156.000       0.000              64              65
   23        -112.090    -246.630        -145.255    -860.826              23              51
  125        -278.360     268.849        -293.765     236.836             125              95
  139         198.549     316.054         158.998     -38.149             139             109
  222        -267.001     210.999         -58.000      40.000             222             144
  220        -179.888      65.131         101.939       4.340             220             149
  219         -67.640    -239.151         -22.236      48.836             219             142
  144         317.426     298.449         140.319      69.664             144             111
    8        -288.000      -0.003         104.000       0.000               8              33
  179         317.429    -298.447         140.319     -69.664             179              39
   40         -67.643     239.150         -22.236     -48.836              40              33
  243        -179.888     -65.135         101.939      -4.340             243              39
   23        -266.997    -211.003         -58.000     -40.000              23              33
   67         198.554    -316.053         158.998      38.149              67              39
  200        -278.354    -268.850        -293.764    -236.836             200              33
  174        -112.085     246.630        -145.255     860.825             174              39
