SINAL     NFT                         FFT                         NFT INVERSA     FFT INVERSA
-----     -----------------------     -----------------------     -----------     -----------
   51        1743.000       0.000        1022.000       0.000              51              59
  132        -166.594    -239.742         -59.550    -709.433             132              96
  110        -134.435      78.802        -106.811     207.095             110              89
   73         446.300     -99.518         301.804    -230.860              73              67
   97        -188.001     -21.000        -190.000    -204.000              97              82
  238        -126.990     176.571         -32.926      53.144             238             149
  228        -107.566     100.802          14.811     -28.905             228             148
   93        -212.716    -139.653          -5.327     -37.428              93              77
   66          53.000       0.000         -50.000       0.000              66              33
   48        -212.717     139.649          -5.327      37.428              48              30
  167        -107.564    -100.804          14.811      28.905             167              33
  106        -126.987    -176.573         -32.926     -53.144             106              30
  141        -187.998      20.999        -190.000     204.000             141              33
   15         446.301      99.522         301.803     230.861              15              30
   38        -134.433     -78.804        -106.811    -207.095              38              33
  140        -166.591     239.739         -59.551     709.432             140              30
