SINAL     NFT                         FFT                         NFT INVERSA     FFT INVERSA
-----     -----------------------     -----------------------     -----------     -----------
  140        2419.000       0.000        1267.000       0.000             140             122
  224          30.624       6.996         139.983    -738.666             224             140
   95         141.249     -61.002         162.317     -38.217              95              99
  253         -25.607    -161.896          29.552    -411.198             253             154
   59         -63.001     271.999         -44.000     173.000              59              81
  102          27.783      13.191         325.402    -185.544             102              79
  148        -147.248    -417.003          -0.317    -144.217             148             126
  246         175.199    -269.915          65.064    -277.011             246             151
   88        -457.000      -0.002        -383.000       0.000              88              52
  203         175.198     269.917          65.063     277.012             203              28
   77        -147.252     417.000          -0.317     144.217              77              52
  208          27.784     -13.194         325.401     185.544             208              28
  172         -62.996    -272.002         -44.000    -173.000             172              52
   54         -25.605     161.895          29.552     411.198              54              28
  202         141.253      61.002         162.317      38.217             202              52
  148          30.632      -6.997         139.983     738.665             148              28
