SINAL     NFT                         FFT                         NFT INVERSA     FFT INVERSA
-----     -----------------------     -----------------------     -----------     -----------
  119        2117.000       0.000         857.000       0.000             119              93
   39        -311.759     259.491          -3.361    -531.908              39              40
   95         -37.573      74.979          17.126     103.803              95              81
  162        -278.382    -141.046          92.058    -192.897             162             102
    5         164.001    -131.000         -80.000     109.000               5              36
  171          30.943     330.653         165.741      85.603             171             106
  109         215.573     -99.021         210.874      75.803             109              88
  157         231.198    -152.810         221.563    -233.408             157              99
  201        -241.000      -0.001        -201.000       0.000             201              33
  248         231.197     152.811         221.562     233.408             248              20
   55         215.571      99.021         210.874     -75.803              55              33
  149          30.946    -330.654         165.741     -85.603             149              20
  226         163.998     131.001         -80.000    -109.000             226              33
  197        -278.383     141.041          92.058     192.897             197              20
  128         -37.569     -74.982          17.126    -103.803             128              33
   56        -311.750    -259.495          -3.362     531.907              56              20
