SINAL     NFT                         FFT                         NFT INVERSA     FFT INVERSA
-----     -----------------------     -----------------------     -----------     -----------
   65        1815.000       0.000         967.000       0.000              65              70
  212        -449.942    -207.965          58.537    -622.712             212             129
   80         183.966    -198.841         -22.126      81.673              80              77
    2         102.075      20.599         269.779    -154.352               2              24
  184         267.000    -384.000         124.000    -283.000             184             129
  226        -347.867    -283.385        -189.276    -345.576             226             136
   45         -47.966     111.160        -215.874     151.673              45              60
  153         -36.267     -19.948         120.961     -77.935             153             100
  248        -117.000      -0.000        -219.000       0.000             248              37
  182         -36.266      19.947         120.961      77.936             182              23
  143         -47.965    -111.159        -215.874    -151.673             143              37
  118        -347.868     283.382        -189.276     345.576             118              23
   61         266.999     384.001         124.000     283.000              61              37
   55         102.077     -20.599         269.778     154.353              55              23
   23         183.964     198.841         -22.126     -81.673              23              37
   18        -449.939     207.958          58.536     622.712              18              23
