SINAL     NFT                         FFT                         NFT INVERSA     FFT INVERSA
-----     -----------------------     -----------------------     -----------     -----------
  196        2006.000       0.000        1074.000       0.000             196             134
   68         124.304      17.737         182.732    -645.618              68              65
  204        -128.162     112.504          36.298      -5.901             204             138
  107        -152.597     -81.145         181.369    -175.308             107              85
   60         -65.999    -354.001          13.000     -63.000              60              66
  251          46.802      13.216         -22.714      48.346             251             157
   39         262.161     266.505         235.702     324.099              39              55
  149         485.492    -203.902         442.614    -181.964             149             106
   70         -14.000      -0.001         -76.000       0.000              70              36
  137         485.490     203.904         442.613     181.964             137              31
  100         262.162    -266.504         235.702    -324.099             100              36
   59          46.800     -13.216         -22.714     -48.346              59              31
  139         -66.003     353.998          13.000      63.000             139              36
  226        -152.597      81.140         181.369     175.308             226              31
  188        -128.157    -112.508          36.298       5.901             188              36
   13         124.311     -17.738         182.731     645.618              13              31
