SINAL     NFT                         FFT                         NFT INVERSA     FFT INVERSA
-----     -----------------------     -----------------------     -----------     -----------
    1        1799.000       0.000         770.000       0.000               1              29
   36        -213.405     136.788         -56.581    -582.261              36              38
   57        -333.490    -175.343        -214.929     -45.698              57              57
  209        -322.651     198.326        -254.247      25.943             209             125
  223         155.000      98.000         126.000     356.000             223             139
   10         529.368      47.777         233.620    -281.464              10              25
   41        -514.511     186.655        -229.071     -13.698              41              49
  193          -1.314      58.236          81.209       2.332             193             117
    3        -381.000      -0.003        -126.000       0.000               3              28
  242          -1.313     -58.237          81.209      -2.332             242              20
  172        -514.507    -186.661        -229.071      13.698             172              28
   54         529.371     -47.771         233.619     281.464              54              20
  205         155.000     -97.999         126.000    -356.000             205              28
  208        -322.650    -198.328        -254.247     -25.943             208              20
    7        -333.490     175.341        -214.929      45.698               7              28
  138        -213.397    -136.790         -56.582     582.260             138              20
