SINAL     NFT                         FFT                         NFT INVERSA     FFT INVERSA
-----     -----------------------     -----------------------     -----------     -----------
   69        1948.000       0.000         766.000       0.000              69              57
    5         199.699     198.209         153.057    -540.641               5              28
  235         -16.699     -15.596        -114.957    -169.121             235             140
  174        -357.129     358.922        -136.785    -137.393             174             113
   39        -472.000     -54.001        -195.000     133.000              39              42
  106         216.836     282.088          38.611     213.114             106              79
   68          42.697     414.403         174.957     164.879              68              56
   70          -3.408     -10.628         221.117     -34.134              70              61
   55         -64.000      -0.002          56.000       0.000              55              22
  179          -3.408      10.625         221.116      34.134             179              26
  226          42.701    -414.405         174.957    -164.879             226              22
    4         216.838    -282.085          38.612    -213.114               4              26
   72        -472.001      53.996        -195.000    -133.000              72              22
  240        -357.122    -358.926        -136.785     137.393             240              26
  178         -16.694      15.596        -114.957     169.121             178              22
  228         199.708    -198.206         153.057     540.641             228              26
