SINAL     NFT                         FFT                         NFT INVERSA     FFT INVERSA
-----     -----------------------     -----------------------     -----------     -----------
  130        2147.000       0.000        1142.000       0.000             130              99
   43        -316.232    -211.367          21.927    -781.386              43              59
  113         -96.459    -197.506        -176.397      57.225             113              91
  185         165.592     118.069          19.621      -1.600             185             130
  247         291.998     547.000         156.000     200.000             247             158
  129        -137.418    -132.861         233.308    -183.059             129             102
  108          94.459     156.494         -57.603      67.225             108              88
  187        -127.942      53.703         245.144      25.155             187             131
  234         185.000      -0.000          54.000       0.000             234              34
   39        -127.942     -53.707         245.144     -25.155              39              37
  194          94.461    -156.494         -57.603     -67.225             194              34
  238        -137.418     132.857         233.308     183.059             238              37
  118         292.006    -546.999         156.000    -200.000             118              34
    6         165.593    -118.066          19.621       1.600               6              37
   22         -96.460     197.506        -176.397     -57.225              22              34
  154        -316.228     211.362          21.927     781.386             154              37
