SINAL     NFT                         FFT                         NFT INVERSA     FFT INVERSA
-----     -----------------------     -----------------------     -----------     -----------
   31        2333.000       0.000        1231.000       0.000              31              54
  188        -222.720    -205.240          73.038    -856.809             188             133
  142         -88.461    -164.907        -125.381     -73.413             142             109
  238        -266.144    -174.048         -78.642    -274.433             238             158
  208          51.000     112.000        -142.000     173.000             208             142
   31         185.714      31.499         277.821    -151.617              31              54
  239        -235.540    -134.908        -228.619    -267.413             239             158
  154        -448.851      16.305        -148.217      98.006             154             116
  219         213.000       0.001           9.000       0.000             219              38
  128        -448.851     -16.309        -148.217     -98.006             128              39
  171        -235.538     134.905        -228.619     267.413             171              38
   82         185.716     -31.497         277.821     151.618              82              39
  204          51.001    -111.999        -142.000    -173.000             204              38
  127        -266.144     174.046         -78.643     274.433             127              39
   59         -88.459     164.905        -125.381      73.413              59              38
  112        -222.714     205.236          73.037     856.809             112              39
