SINAL     NFT                         FFT                         NFT INVERSA     FFT INVERSA
-----     -----------------------     -----------------------     -----------     -----------
  165        2149.000       0.000         985.000       0.000             165             113
  185         137.984     113.829         158.383    -613.273             185             123
    7         -12.017     293.288         -13.560     128.783               7              34
  126         222.159     102.367         441.791    -126.821             126              94
   93         -68.000    -205.001          24.000    -239.000              93              77
  181          80.323     -53.547         199.336      18.105             181             121
  227         210.015     -96.712         157.560    -311.217             227             144
    1        -528.466    -310.088        -139.510     -96.347               1              31
  187         407.000       0.002          -1.000       0.000             187              31
   10        -528.469     310.082        -139.510      96.347              10              31
  232         210.017      96.712         157.560     311.217             232              31
   45          80.323      53.546         199.337     -18.105              45              31
  160         -68.000     204.997          24.000     239.000             160              31
  162         222.163    -102.368         441.791     126.821             162              31
  207         -12.010    -293.290         -13.560    -128.783             207              31
  161         137.993    -113.828         158.382     613.273             161              31
