SINAL     NFT                         FFT                         NFT INVERSA     FFT INVERSA
-----     -----------------------     -----------------------     -----------     -----------
  188        2341.000       0.000        1178.000       0.000             188             132
   69        -104.355     -11.673         -90.868    -733.133              69              71
   41         -16.098     452.236         -31.728     330.931              41              58
   68         211.654     114.417         359.826     -72.127              68              70
  207         355.999      65.000         214.000     -20.000             207             141
  242         -72.200      93.789         156.182    -230.155             242             157
  140        -175.904      92.234          -6.272     132.931             140             108
  223         192.899     -36.301         326.861     -63.160             223             148
  131        -117.000      -0.002         -26.000       0.000             131              38
  154         192.898      36.300         326.861      63.160             154              36
   58        -175.902     -92.239          -6.272    -132.931              58              38
  131         -72.196     -93.792         156.182     230.155             131              36
  208         356.002     -64.999         214.000      20.000             208              38
  117         211.656    -114.418         359.825      72.127             117              36
  139         -16.091    -452.237         -31.728    -330.931             139              38
  225        -104.348      11.673         -90.869     733.132             225              36
