SINAL     NFT                         FFT                         NFT INVERSA     FFT INVERSA
-----     -----------------------     -----------------------     -----------     -----------
  115        1671.000       0.000         899.000       0.000             115              85
  188          99.065    -113.928         278.336    -556.711             188             123
  213         110.691     -73.432          38.695     -80.938             213             134
    6         137.631     -75.111         321.101    -264.051               6              32
   36        -283.000    -410.001        -158.000    -421.000              36              45
  242        -438.709    -129.136        -256.564     100.940             242             150
   96         331.308     186.570         119.305     153.062              96              75
    3        -105.986    -223.954         117.127     -47.719               3              30
  192         467.000       0.003          21.000       0.000             192              27
    6        -105.989     223.952         117.127      47.719               6              29
  190         331.309    -186.567         119.305    -153.062             190              27
   61        -438.712     129.132        -256.563    -100.941              61              29
   50        -283.001     409.997        -158.000     421.000              50              27
   70         137.634      75.110         321.100     264.052              70              29
  177         110.693      73.431          38.695      80.938             177              27
   26          99.069     113.927         278.336     556.711              26              29
