SINAL     NFT                         FFT                         NFT INVERSA     FFT INVERSA
-----     -----------------------     -----------------------     -----------     -----------
  203        2016.000       0.000         877.000       0.000             203             137
  127         128.009     199.086         326.597    -464.532             127              83
   89         259.619    -296.719         152.695    -204.158              89              80
  244         -51.365      70.161         -16.388    -175.655             244             142
   10         222.999     239.000         114.000     177.000              10              40
   67         258.542     196.355         310.665     -55.647              67              53
   10         156.379     213.280         233.305     -46.158              10              40
  127        -195.189    -246.723         191.127    -304.525             127              83
  168        -326.000      -0.003        -253.000       0.000             168              35
  139        -195.189     246.717         191.126     304.525             139              19
  194         156.384    -213.282         233.305      46.158             194              35
  105         258.546    -196.355         310.665      55.647             105              19
  153         223.003    -238.999         114.000    -177.000             153              35
  133         -51.362     -70.162         -16.388     175.654             133              19
   18         259.619     296.720         152.695     204.158              18              35
  229         128.018    -199.087         326.596     464.532             229              19
