SINAL     NFT                         FFT                         NFT INVERSA     FFT INVERSA
-----     -----------------------     -----------------------     -----------     -----------
   55        2029.000       0.000         877.000       0.000              55              49
  130         114.356      44.140         170.877    -614.378             130              98
  178          37.648      16.820        -119.485    -107.397             178             111
   86        -119.298     231.329          63.657    -138.118              86              76
  166        -204.001       2.999         -87.000    -100.000             166             105
   94        -269.254     -56.395         -21.539     -34.540              94              80
  130         -31.648      46.820        -102.515     -11.397             130              87
   38        -273.805     108.416           7.006     153.200              38              52
  192         343.000       0.001         181.000       0.000             192              22
   81        -273.805    -108.419           7.006    -153.200              81              33
  177         -31.648     -46.820        -102.515      11.397             177              22
  102        -269.254      56.392         -21.539      34.540             102              33
   78        -203.998      -3.003         -87.000     100.000              78              22
  115        -119.292    -231.330          63.657     138.118             115              33
  210          37.652     -16.819        -119.485     107.397             210              22
  197         114.363     -44.139         170.876     614.378             197              33
