SINAL     NFT                         FFT                         NFT INVERSA     FFT INVERSA
-----     -----------------------     -----------------------     -----------     -----------
  207        2270.000       0.000        1142.000       0.000             207             132
   60        -116.646      57.381         -48.241    -668.080              60              73
   98         120.421     246.186          72.510     282.617              98              77
   10         289.343     282.515         316.976    -163.364              10              48
  225        -112.000     -16.001         174.000      28.000             225             141
  152         257.860    -240.948         184.706    -248.497             152             119
  160        -162.423     308.185        -108.510     158.617             160             108
  230         225.442     249.917         374.560     146.787             230             158
   43          38.000      -0.002         238.000       0.000              43              28
  175         225.444    -249.918         374.560    -146.787             175              43
  234        -162.419    -308.188        -108.510    -158.617             234              28
  117         257.858     240.949         184.706     248.497             117              43
   46        -111.999      15.996         174.000     -28.000              46              28
  179         289.348    -282.514         316.975     163.364             179              43
  141         120.426    -246.186          72.510    -282.617             141              28
  193        -116.639     -57.382         -48.242     668.080             193              43
