SINAL     NFT                         FFT                         NFT INVERSA     FFT INVERSA
-----     -----------------------     -----------------------     -----------     -----------
  212        2315.000       0.000        1244.000       0.000             212             143
  134         -60.888      33.252         273.530    -746.189             134             108
  176        -204.840    -415.932          38.527    -126.971             176             125
  170          92.546    -132.980          50.637    -153.200             170             126
  206         195.000      94.000         176.000     118.000             206             140
   99         126.543    -141.833         217.800    -222.960              99              91
   66        -117.159     -47.932         -26.527      93.029              66              70
  181         381.801    -127.599         306.034       8.051             181             132
   77         251.000       0.001          76.000       0.000              77              36
  167         381.798     127.602         306.034      -8.051             167              41
  188        -117.160      47.929         -26.527     -93.029             188              36
  209         126.542     141.832         217.800     222.960             209              41
  244         195.001     -94.000         176.000    -118.000             244              36
   69          92.545     132.980          50.637     153.200              69              41
  114        -204.842     415.926          38.527     126.971             114              36
    3         -60.880     -33.257         273.529     746.189               3              41
