SINAL     NFT                         FFT                         NFT INVERSA     FFT INVERSA
-----     -----------------------     -----------------------     -----------     -----------
  134        1657.000       0.000         630.000       0.000             134              78
   15        -219.111     242.998         112.579    -374.113              15              36
  151          53.582    -151.305          32.645      21.296             151              87
   24          27.042     -37.997         147.483    -128.566              24              40
   66         146.000     -87.000         -54.000     -32.000              66              44
   89         -79.830     297.005          52.635      98.644              89              73
  103         196.418      70.695         103.355     117.296             103              63
   48         123.895     385.999         223.304     117.098              48              52
  171          -9.000      -0.002         278.000       0.000             171              11
  204         123.900    -386.001         223.304    -117.098             204              28
   74         196.418     -70.695         103.355    -117.296              74              11
  202         -79.827    -297.006          52.635     -98.644             202              28
  114         146.000      87.001         -54.000      32.000             114              11
  152          27.043      37.996         147.482     128.566             152              28
   11          53.582     151.304          32.645     -21.296              11              11
   99        -219.104    -243.001         112.578     374.112              99              28
