SINAL     NFT                         FFT                         NFT INVERSA     FFT INVERSA
-----     -----------------------     -----------------------     -----------     -----------
   82        2277.000       0.000        1068.000       0.000              82              71
  128         191.709      64.083         210.106    -770.630             128             100
  133        -376.196     -59.983        -225.945    -159.212             133              97
  249        -249.283      96.703         -30.932     -41.218             249             161
  204          41.000     -98.000         -11.000      95.000             204             132
   67         373.791     230.930         238.773     -29.197              67              70
  164        -217.805     -55.984         -18.055    -221.212             164             112
   41        -248.219      54.307         -89.946      57.391              41              57
   65           5.000      -0.001          98.000       0.000              65              30
  173        -248.218     -54.311         -89.946     -57.391             173              36
  143        -217.803      55.980         -18.055     221.212             143              30
   59         373.795    -230.927         238.773      29.197              59              36
  240          40.999      98.000         -11.000     -95.000             240              30
  249        -249.281     -96.707         -30.932      41.218             249              36
  110        -376.192      59.979        -225.945     159.212             110              30
  170         191.718     -64.082         210.105     770.630             170              36
