SINAL     NFT                         FFT                         NFT INVERSA     FFT INVERSA
-----     -----------------------     -----------------------     -----------     -----------
   91        1911.000       0.000         985.000       0.000              91              67
   68         -35.790    -139.184          62.658    -694.495              68              74
  156        -232.197     228.901        -175.991      37.062             156              99
   78        -283.100    -200.209         119.227     -49.355              78              79
  238         449.000    -165.999          16.000     -21.000             238             140
  114          14.212     182.659          64.188     -82.706             114              97
  157         -73.806     268.901        -118.009      35.062             157             100
   83        -295.323     207.680         117.928     224.154              83              82
  241         459.000       0.001         299.000       0.000             241              21
   39        -295.322    -207.686         117.928    -224.154              39              40
   38         -73.801    -268.903        -118.009     -35.062              38              21
    2          14.215    -182.658          64.188      82.706               2              40
  247         448.999     166.004          16.000      21.000             247              21
  225        -283.102     200.204         119.226      49.355             225              40
   17        -232.191    -228.905        -175.991     -37.062              17              21
  117         -35.785     139.184          62.658     694.494             117              40
