SINAL     NFT                         FFT                         NFT INVERSA     FFT INVERSA
-----     -----------------------     -----------------------     -----------     -----------
  211        3572.000       0.000        2061.531       0.000             211             142
   47        -172.639    -370.590         150.970   -1266.278              47              52
   25         -82.160    -298.990        -255.793     -10.511              25              49
  160          53.342     377.885          37.373     -88.795             160             108
    1         164.030     153.624          92.048     275.400               1              37
  232         440.149     384.756         436.125    -103.451             232             144
  194        -246.595    -258.622          15.870     -63.565             194             133
  114         607.411     268.058         325.702      82.662             114              85
  207        -195.000     -83.002         148.000    -239.000             207             140
  158         106.616    -137.779         -62.756     114.017             158             107
   78         439.936     701.050         263.659     218.057              78              75
   98        -176.151     269.078         323.747     125.828              98              77
   81         535.971    -248.376         579.952     -16.599              81              77
  237         264.028    -365.552         247.897    -465.995             237             147
   55        -191.187     -11.325          -7.736     -48.889              55              64
   63          85.242    -420.189         178.677    -235.668              63              60
   60         -86.000      -0.000        -257.000       0.000              60              39
  111          85.234     420.188         178.676     235.668             111              31
  236        -191.184      11.316          -7.736      48.889             236              39
  241         264.026     365.551         247.896     465.995             241              31
   21         535.966     248.376         579.952      16.600              21              39
    4        -176.145    -269.094         323.747    -125.828               4              31
  250         439.953    -701.045         263.659    -218.057             250              39
   47         106.612     137.780         -62.755    -114.017              47              31
   84        -194.999      82.993         148.000     239.000              84              39
  113         607.419    -268.049         325.702     -82.662             113              31
   45        -246.599     258.611          15.870      63.565              45              39
   20         440.161    -384.753         436.125     103.452              20              31
  109         164.035    -153.623          92.048    -275.401             109              39
   54          53.354    -377.883          37.373      88.795              54              31
   86         -82.158     298.989        -255.793      10.511              86              39
  130        -172.624     370.581         150.969    1266.278             130              31
