SINAL     NFT                         FFT                         NFT INVERSA     FFT INVERSA
-----     -----------------------     -----------------------     -----------     -----------
   30        3716.000       0.000        1994.531       0.000              30              44
  139         827.122    -146.529         590.364   -1240.416             139             103
  209         -77.259    -556.773        -178.627    -672.234             209             133
  127        -138.092     299.102        -374.459    -378.857             127              97
  198        -584.859     592.139        -220.556     188.137             198             128
  246           3.296      58.472         261.505     -58.294             246             157
  248        -219.757    -385.025         -36.623    -306.022             248             153
  170         -14.323    -102.318        -115.817     -83.649             170             119
  121         -15.001      31.000          -8.000    -154.000             121              89
   72        -326.223    -130.398        -260.909    -157.105              72              70
   11         -26.439     405.248        -141.135     178.249              11              34
   18        -350.705     213.314          43.289     -53.355              18              43
  158        -275.141    -225.862        -189.444      38.137             158             108
   56          35.606     461.745          51.395     138.593              56              62
   47        -488.545    -218.508          -7.615     -27.962              47              52
   44         155.312    -142.807          -5.632     116.372              44              56
    6         234.000       0.003         150.000       0.000               6              32
   88         155.305     142.810          -5.632    -116.372              88              37
    9        -488.551     218.493          -7.615      27.962               9              32
  222          35.615    -461.747          51.395    -138.593             222              37
   98        -275.147     225.855        -189.444     -38.137              98              32
   76        -350.698    -213.325          43.289      53.355              76              37
  231         -26.428    -405.247        -141.134    -178.249             231              32
   53        -326.222     130.394        -260.909     157.105              53              37
  118         -14.996     -30.999          -8.000     154.000             118              32
    9         -14.321     102.320        -115.817      83.649               9              37
   64        -219.761     385.018         -36.623     306.022              64              32
   66           3.302     -58.479         261.505      58.295              66              37
  251        -584.838    -592.153        -220.556    -188.137             251              32
  169        -138.070    -299.098        -374.459     378.856             169              37
  176         -77.249     556.775        -178.628     672.233             176              32
  186         827.148     146.543         590.362    1240.417             186              37
