SINAL     NFT                         FFT                         NFT INVERSA     FFT INVERSA
-----     -----------------------     -----------------------     -----------     -----------
  130        3806.000       0.000        1906.531       0.000             130              90
   35         221.916     -76.884         275.826   -1178.554              35              52
  196         -21.368     -24.517        -222.154    -142.218             196             123
  123         -17.707     284.652         109.296    -220.587             123              96
   18        -251.187     207.687        -129.756     -21.695              18              34
  198        -126.653    -115.109         273.283      60.532             198             134
  225         673.449    -427.969         129.381    -368.078             225             137
   78        -453.292     281.232        -215.557     -85.682              78              74
  162         258.000    -129.998          37.000     -21.000             162             106
   84        -275.297     362.025        -314.270     -41.731              84              77
   91        -170.493     851.251         -23.676     540.612              91              70
  102          47.874     102.541         384.280     132.988             102              86
  239         303.184     247.688         199.756     102.305             239             144
   66         -14.447     -54.718         353.091     -79.636              66              68
    0          94.406     -25.293         -11.551    -117.528              -0              25
   59        -294.402     198.882         123.787     179.628              59              64
  244         406.000       0.000         316.000       0.000             244              28
   85        -294.399    -198.895         123.787    -179.628              85              38
  115          94.407      25.290         -11.551     117.528             115              28
    5         -14.446      54.710         353.091      79.636               5              38
  111         303.189    -247.689         199.756    -102.305             111              28
  249          47.873    -102.548         384.280    -132.987             249              38
  152        -170.476    -851.258         -23.675    -540.612             152              28
   36        -275.286    -362.026        -314.270      41.730              36              38
   68         258.000     130.006          37.000      21.000              68              28
   75        -453.280    -281.239        -215.558      85.682              75              38
   70         673.445     427.984         129.381     368.078              70              28
  180        -126.655     115.102         273.283     -60.532             180              38
  210        -251.177    -207.697        -129.756      21.695             210              28
  123         -17.691    -284.653         109.296     220.587             123              38
   75         -21.353      24.517        -222.155     142.218              75              28
  202         221.940      76.888         275.824    1178.553             202              38
