SINAL     NFT                         FFT                         NFT INVERSA     FFT INVERSA
-----     -----------------------     -----------------------     -----------     -----------
  248        4036.000       0.000        2436.531       0.000             248             159
   60          73.337    -518.560         300.706   -1389.008              60              71
  164         234.191     -10.848          25.510    -106.155             164             117
  247        -167.124    -224.353         187.295    -412.929             247             165
   68         407.994     -70.621           3.256    -107.844              68              69
  162        -353.282     183.788          55.033     -59.929             162             122
  209         783.457     -34.790         297.040      -5.927             209             140
  125        -581.814     318.256         -88.390    -338.257             125             104
  113        -294.000     119.997         -73.000     407.000             113              92
  103          86.355     -18.012         334.567      20.562             103              93
  167         341.393      51.177          91.753     300.381             167             119
  207         525.114     357.950         617.047      78.517             207             145
  166         210.006    -172.624         250.744    -119.844             166             118
    8         102.082       5.500         384.679     -75.042               8              45
  128          44.964    -540.882         125.696    -191.846             128              99
  161         291.329    -175.132         142.800      22.987             161             122
  251         492.000       0.005         190.000       0.000             251              38
  253         291.323     175.137         142.799     -22.987             253              44
   29          44.951     540.877         125.696     191.846              29              38
   16         102.083      -5.507         384.679      75.042              16              44
   24         210.004     172.619         250.744     119.844              24              38
  112         525.121    -357.947         617.047     -78.516             112              44
  159         341.389     -51.175          91.754    -300.381             159              38
   89          86.349      18.007         334.567     -20.562              89              44
   35        -294.000    -120.010         -73.000    -407.000              35              38
   75        -581.800    -318.272         -88.391     338.257              75              44
  254         783.462      34.803         297.040       5.927             254              38
   11        -353.275    -183.797          55.033      59.929              11              44
   80         408.000      70.629           3.256     107.844              80              38
   53        -167.121     224.346         187.294     412.928              53              44
  169         234.204      10.849          25.510     106.155             169              38
   90          73.352     518.554         300.704    1389.008              90              44
