SINAL     NFT                         FFT                         NFT INVERSA     FFT INVERSA
-----     -----------------------     -----------------------     -----------     -----------
  198        3701.000       0.000        1800.531       0.000             198             122
   38         195.993     123.338         168.726   -1015.006              38              52
  230          82.039     483.369         -96.483     107.488             230             138
   55        -106.247     616.278         458.786     -14.836              55              60
   46         115.959    -630.346         406.179    -401.836              46              46
   49        -222.641    -486.209        -159.418    -417.934              49              57
   55          80.484     292.255         -27.412     104.710              55              51
   55        -366.999    -100.260          92.636    -105.624              55              60
  206         221.001    -162.000          76.000      22.000             206             126
  230        -270.435     -99.674         -49.985    -155.352             230             148
  131         -73.168     156.271        -117.282     342.031             131              89
  127         317.331      98.424         323.171     164.222             127              96
   89         164.042     163.654         131.821     116.164              89              68
   21         241.114    -190.563         265.950     114.747              21              43
   47         578.639     503.390         209.176     172.809              47              47
  123         -36.111     -51.556         433.870      80.428             123              94
  229         793.000       0.005         304.000       0.000             229              27
   52         -36.114      51.547         433.869     -80.428              52              36
  170         578.648    -503.382         209.176    -172.809             170              27
   18         241.106     190.565         265.950    -114.747              18              36
  247         164.042    -163.656         131.821    -116.164             247              27
   65         317.328     -98.421         323.171    -164.222              65              36
   31         -73.171    -156.274        -117.282    -342.031              31              27
   12        -270.438      99.668         -49.986     155.352              12              36
   54         220.997     162.001          76.000     -22.000              54              27
  158        -367.000     100.247          92.636     105.624             158              36
  174          80.493    -292.255         -27.411    -104.710             174              27
  214        -222.647     486.203        -159.418     417.934             214              36
  165         115.953     630.337         406.179     401.836             165              27
  195        -106.225    -616.292         458.786      14.836             195              36
  175          82.063    -483.370         -96.483    -107.488             175              27
   42         196.021    -123.333         168.724    1015.005              42              36
