SINAL     NFT                         FFT                         NFT INVERSA     FFT INVERSA
-----     -----------------------     -----------------------     -----------     -----------
  201        3505.000       0.000        1764.531       0.000             201             125
   85         416.877     279.460         413.773    -940.362              85              74
   62        -235.500    -241.404          63.341    -325.294              62              55
  169        -139.945    -168.137         -26.453    -258.546             169             116
  211          80.520    -102.473         103.808     -64.080             211             130
  120         -92.703    -242.743        -125.358    -124.766             120              91
   87         478.919     451.758         125.232     328.968              87              68
   70         234.446     206.565         302.001     -29.670              70              66
  157         472.998     260.001         261.000     111.000             157             103
   56         164.138     297.973         348.694    -172.204              56              59
  152        -207.871     -45.829         155.100     -87.257             152             100
   34          -7.708    -358.403         128.299    -158.248              34              48
   34         295.478     167.528         122.192     107.920              34              41
   43         156.780     -65.050         301.748    -237.474              43              53
   41        -299.553      61.011        -167.674     -33.520              41              45
  142         -27.889      61.612         215.031     177.392             142             102
  113         349.000       0.001         226.000       0.000             113              27
   57         -27.891     -61.618         215.031    -177.392              57              34
   65        -299.550     -61.022        -167.674      33.520              65              27
   38         156.783      65.049         301.748     237.474              38              34
  142         295.483    -167.525         122.192    -107.920             142              27
  186          -7.716     358.398         128.298     158.248             186              34
  115        -207.868      45.815         155.101      87.257             115              27
   68         164.152    -297.977         348.694     172.204              68              34
  223         473.007    -259.996         261.000    -111.000             223              27
   82         234.452    -206.563         302.001      29.670              82              34
  152         478.928    -451.747         125.233    -328.968             152              27
  245         -92.708     242.742        -125.358     124.766             245              34
  119          80.520     102.473         103.808      64.080             119              27
   30        -139.943     168.131         -26.453     258.546              30              34
   53        -235.490     241.393          63.341     325.294              53              27
  153         416.909    -279.457         413.772     940.362             153              34
