SINAL     NFT                         FFT                         NFT INVERSA     FFT INVERSA
-----     -----------------------     -----------------------     -----------     -----------
  233        4205.000       0.000        2163.531       0.000             233             146
  241         192.852       6.002         345.287   -1182.651             241             158
  112         168.763      30.179          45.587     -49.476             112              86
   22         -78.023     -22.572         262.860    -186.802              22              49
  131        1049.145    -159.280         410.562      96.298             131              95
   54         650.777     241.418         513.841    -455.048              54              65
  188         231.204      92.863          99.502    -190.328             188             124
  226           0.725     294.525         355.766    -341.068             226             151
   72        -460.000    -345.004        -116.000    -213.000              72              66
  187         366.925      72.971         316.816      15.108             187             131
  110          61.310     -20.879         160.273    -332.896             110              85
   70        -248.184    -230.327         113.221    -225.304              70              73
   88        -273.144    -235.286        -238.562    -295.702              88              74
   74        -398.967     294.350        -104.676     363.958              74              75
  230         338.717      36.439         338.638     -20.044             230             145
   25        -318.112    -234.894          10.622      20.273              25              50
  212         683.000       0.006         265.000       0.000             212              33
  151        -318.120     234.882          10.621     -20.274             151              41
  251         338.716     -36.439         338.638      20.045             251              33
   41        -398.964    -294.361        -104.675    -363.958              41              41
   35        -273.146     235.278        -238.562     295.702              35              33
   81        -248.182     230.316         113.221     225.304              81              41
  156          61.318      20.873         160.273     332.896             156              33
   33         366.930     -72.968         316.816     -15.107              33              41
  173        -460.001     344.987        -116.000     213.000             173              33
  251           0.744    -294.533         355.766     341.068             251              41
  234         231.220     -92.863          99.501     190.327             234              33
   57         650.795    -241.408         513.840     455.049              57              41
   48        1049.145     159.299         410.562     -96.298              48              33
   14         -78.020      22.565         262.859     186.802              14              41
  171         168.777     -30.181          45.587      49.476             171              33
  234         192.878      -6.002         345.285    1182.651             234              41
