SINAL     NFT                         FFT                         NFT INVERSA     FFT INVERSA
-----     -----------------------     -----------------------     -----------     -----------
  152        3825.000       0.000        2081.531       0.000             152             108
  164         486.203     -84.892         739.073   -1205.158             164             115
  204          -6.459    -687.940         -34.839    -590.134             204             134
  239        -226.028     142.590          21.610    -350.850             239             152
  125         -79.613    -502.942           7.759    -191.111             125              95
  199         172.645     118.421          60.552    -220.301             199             132
  203        -231.068     -47.452         -51.702    -122.438             203             134
   62        -250.231     195.403          64.462     -56.550              62              64
  195        -375.996    -589.003          22.000    -125.000             195             130
  121         219.947    -293.197         -71.384     -48.240             121              93
   37          86.397     228.204         -49.854     166.353              37              51
  106         223.167     368.916         298.653     206.642             106              86
   41         221.616    -380.942         354.241    -209.111              41              53
   67         -20.797    -254.630         -35.536    -244.798              67              66
   47         -44.868    -276.286         -35.604      34.657              47              56
   19         451.090     130.793          88.304      -8.005              19              42
   20        -213.000      -0.003          27.000       0.000              20              35
  228         451.093    -130.783          88.304       8.005             228              36
  153         -44.876     276.287         -35.604     -34.657             153              35
  203         -20.801     254.628         -35.536     244.798             203              36
   53         221.610     380.941         354.241     209.111              53              35
  157         223.174    -368.917         298.653    -206.642             157              36
  107          86.400    -228.201         -49.854    -166.353             107              35
   48         219.937     293.204         -71.384      48.240              48              36
   26        -376.011     588.990          22.000     125.000              26              35
  242        -250.225    -195.415          64.462      56.550             242              36
  182        -231.063      47.444         -51.702     122.438             182              35
   19         172.654    -118.418          60.552     220.301              19              36
  103         -79.618     502.938           7.759     191.111             103              35
  126        -226.014    -142.598          21.610     350.850             126              36
  158          -6.455     687.935         -34.840     590.134             158              35
   19         486.228      84.891         739.072    1205.158              19              36
