SINAL     NFT                         FFT                         NFT INVERSA     FFT INVERSA
-----     -----------------------     -----------------------     -----------     -----------
  143        4813.000       0.000        2427.531       0.000             143             107
  226          26.953     127.237         333.081   -1365.553             226             153
  252         151.143    -453.879          81.230    -124.245             252             162
   34         389.803     113.802         251.338    -427.500              34              57
  238         326.975    -218.236         192.633    -201.942             238             155
   99         120.485     140.128          84.393    -453.458              99              89
   67        -231.492    -103.599         -38.382     -83.375              67              69
  228         225.038     123.945         142.320    -210.689             228             154
  108        -244.001    -103.002          54.000    -179.000             108              90
  163          36.700    -233.680           3.718    -231.639             163             121
  210          30.963     -90.512          61.714    -183.250             210             141
   31        -259.936    -386.417        -345.291    -436.599              31              55
  152        -324.983     827.762        -470.633     472.057             152             112
  151         -25.357     691.012         313.184     250.036             151             115
   58        -286.617     107.200          35.439     119.880              58              65
  167         134.298     289.368         310.993      87.908             167             123
   62        -377.000      -0.010         129.000       0.000              62              39
  192         134.305    -289.374         310.993     -87.908             192              43
  243        -286.615    -107.215          35.439    -119.880             243              39
  248         -25.341    -691.019         313.184    -250.035             248              43
   77        -324.964    -827.764        -470.633    -472.058              77              39
  214        -259.938     386.418        -345.292     436.599             214              43
  155          30.967      90.513          61.713     183.250             155              39
  196          36.699     233.679           3.718     231.639             196              43
  181        -243.996     102.993          54.000     179.000             181              39
  101         225.048    -123.944         142.320     210.689             101              43
  172        -231.486     103.592         -38.383      83.375             172              39
   87         120.501    -140.127          84.392     453.458              87              43
   26         326.983     218.241         192.633     201.943              26              39
  203         389.816    -113.796         251.338     427.500             203              43
   74         151.147     453.878          81.230     124.245              74              39
  255          26.986    -127.243         333.080    1365.553             255              43
