SINAL     NFT                         FFT                         NFT INVERSA     FFT INVERSA
-----     -----------------------     -----------------------     -----------     -----------
  124        4306.000       0.000        1956.531       0.000             124              94
  144         305.695     544.495         272.303   -1082.322             144             101
  178        -208.804     -90.921          83.315    -194.009             178             121
   36        -187.142    -141.254         -77.377    -429.352              36              47
  139         109.624     252.836          52.487     263.224             139             101
  248         359.069     -16.433         411.378    -408.245             248             153
    0        -402.272    -114.796        -252.639    -113.612              -0              32
  186         279.663     297.081         289.974      34.196             186             122
  229        -202.001    -112.003          99.000    -221.000             229             146
   15          48.136    -344.246         207.589    -319.492              15              37
    3        -696.584    -413.239        -506.076    -443.352               3              33
  126        -600.203     347.730        -349.861     563.546             126              92
    1         542.377      32.839         373.513     199.224               1              32
  188         -98.312     127.313          96.405      12.009             188             123
  213         235.665    -437.360         255.400      28.251             213             138
   26         469.090     -80.424          91.325    -184.706              26              42
   52        -246.000      -0.002         -82.000       0.000              52              35
  140         469.090      80.435          91.324     184.706             140              32
  116         235.652     437.362         255.400     -28.251             116              35
  228         -98.312    -127.320          96.405     -12.009             228              32
    2         542.371     -32.831         373.513    -199.224               2              35
  205        -600.204    -347.742        -349.860    -563.547             205              32
  150        -696.590     413.226        -506.076     443.352             150              35
  195          48.135     344.242         207.589     319.492             195              32
  215        -201.997     111.991          99.000     221.000             215              35
  171         279.674    -297.080         289.974     -34.196             171              32
  206        -402.268     114.785        -252.639     113.612             206              35
  177         359.077      16.436         411.377     408.245             177              32
  152         109.634    -252.836          52.487    -263.224             152              35
   83        -187.136     141.248         -77.378     429.352              83              32
  250        -208.788      90.911          83.315     194.009             250              35
  108         305.737    -544.491         272.302    1082.322             108              32
