SINAL     NFT                         FFT                         NFT INVERSA     FFT INVERSA
-----     -----------------------     -----------------------     -----------     -----------
  244        4003.000       0.000        2069.531       0.000             244             149
   80         195.442     132.395         112.770   -1204.415              80              78
   71        -329.259     256.661        -108.748     257.818              71              62
  161         684.346     124.510         571.254    -172.039             161             119
  124         131.091    -245.560         166.459    -282.033             124              89
    4         207.367      14.192          98.721    -276.023               4              40
    1        -402.714       6.678        -184.059      16.780               1              27
  189         572.119     315.147         205.590     309.168             189             133
  175         285.996     537.000         364.000      57.000             175             114
  158         248.452     -57.996         342.888      39.233             158             117
  245         645.033     215.049         447.924    -149.501             245             149
   38        -292.785    -141.134          78.761    -324.748              38              57
  224          92.907      74.440         -24.459     175.967             224             139
  129         628.071     483.964         484.974      53.118             129             103
   86        -209.072     201.023         120.883    -308.463              86              70
   40        -547.029     274.019           6.777     149.267              40              58
   32         -15.000      -0.007         371.000       0.000              32              30
   11        -547.020    -274.042           6.776    -149.267              11              41
  127        -209.057    -201.037         120.883     308.463             127              30
  242         628.088    -483.957         484.974     -53.118             242              41
  100          92.910     -74.441         -24.459    -175.967             100              30
    4        -292.781     141.122          78.761     324.748               4              41
  255         645.045    -215.043         447.924     149.502             255              30
  134         248.454      57.993         342.888     -39.233             134              41
  175         286.011    -537.000         364.000     -57.000             175              30
  156         572.125    -315.135         205.590    -309.168             156              41
   64        -402.713      -6.687        -184.059     -16.780              64              30
  219         207.375     -14.189          98.721     276.023             219              41
   66         131.095     245.558         166.459     282.033              66              30
  194         684.354    -124.502         571.254     172.039             194              41
    5        -329.244    -256.672        -108.748    -257.818               5              30
  250         195.471    -132.392         112.769    1204.415             250              41
