SINAL     NFT                         FFT                         NFT INVERSA     FFT INVERSA
-----     -----------------------     -----------------------     -----------     -----------
   82        4047.000       0.000        2185.531       0.000              82              79
    5        -647.364     -76.043        -247.275   -1331.421               5              33
  195        -322.685     -38.193        -149.970     285.836             195             135
   85         163.043     -37.344          85.431    -312.788              85              73
   34         -35.180     273.308          52.662     129.451              34              55
   97        -230.713    -358.777         128.300    -376.989              97              79
  149         -35.984    -332.349        -171.944      -9.892             149             112
  174          84.493     -21.327         -37.956    -215.931             174             118
  139        -439.001     193.998        -339.000     166.000             139             107
  165         191.194      81.849         112.948     174.675             165             113
  120          66.828     426.761         -79.235      79.062             120              98
  234        -409.050     334.042          68.250     256.944             234             148
   41         239.181     -52.692         239.338     119.451              41              58
  227        -235.223    -148.706          40.686     -33.133             227             144
  171         463.843     -59.079         173.148     346.790             171             123
  167         683.620      78.957         455.352    -233.358             167             114
  132        -497.000      -0.007        -223.000       0.000             132              41
  109         683.624     -78.945         455.351     233.359             109              34
  116         463.835      59.087         173.148    -346.790             116              41
  218        -235.232     148.697          40.686      33.133             218              34
   10         239.176      52.690         239.338    -119.451              10              41
  248        -409.045    -334.056          68.250    -256.944             248              34
  224          66.838    -426.760         -79.235     -79.062             224              41
  219         191.193     -81.843         112.948    -174.674             219              34
   32        -438.997    -194.005        -339.000    -166.000              32              41
  153          84.495      21.332         -37.956     215.931             153              34
   41         -35.990     332.349        -171.944       9.892              41              41
   89        -230.718     358.768         128.299     376.990              89              34
  198         -35.169    -273.313          52.662    -129.451             198              41
   35         163.046      37.347          85.430     312.788              35              34
   91        -322.680      38.184        -149.969    -285.836              91              41
   47        -647.340      76.027        -247.277    1331.420              47              34
