SINAL     NFT                         FFT                         NFT INVERSA     FFT INVERSA
-----     -----------------------     -----------------------     -----------     -----------
   59        3677.000       0.000        1888.531       0.000              59              59
  134        -150.424      76.946         -19.074   -1076.323             134              97
   75          35.007     193.674          80.007     129.772              75              67
  122        -210.072    -334.678         133.760    -640.308             122              91
  209        -263.809    -225.634        -365.969      96.972             209             134
   14         383.956     257.179         280.253     -88.825              14              37
  154        -304.684    -111.571        -221.060    -137.775             154             106
   70          40.946     301.898         105.133     128.050              70              65
   90         -60.000     -11.001          49.000     -51.000              90              74
   87         -18.988     -31.207         223.033      -8.460              87              73
   15         151.716    -537.558          30.367    -274.763              15              37
  205         122.861      84.473          40.344     -31.427             205             132
  120         195.811    -437.630           5.969    -401.028             120              89
  231        -521.773     403.486        -495.220     -22.769             231             145
  185        -154.039     223.683         -13.314     348.784             185             122
   18         265.477     518.714         153.505      17.045              18              39
   70        -813.000      -0.013          26.000       0.000              70              32
  221         265.491    -518.713         153.505     -17.045             221              33
   53        -154.036    -223.686         -13.313    -348.784              53              32
  239        -521.760    -403.492        -495.220      22.768             239              33
   28         195.808     437.638           5.969     401.028              28              32
  109         122.865     -84.470          40.344      31.427             109              33
   21         151.706     537.561          30.366     274.763              21              32
  165         -18.989      31.202         223.033       8.460             165              33
  107         -59.999      10.996          49.000      51.000             107              32
  158          40.954    -301.899         105.133    -128.050             158              33
  177        -304.682     111.563        -221.060     137.775             177              32
  191         383.965    -257.171         280.253      88.825             191              33
    3        -263.812     225.630        -365.969     -96.972               3              32
  174        -210.070     334.670         133.759     640.309             174              33
   66          35.024    -193.678          80.007    -129.772              66              32
  107        -150.398     -76.950         -19.075    1076.322             107              33
