SINAL     NFT                         FFT                         NFT INVERSA     FFT INVERSA
-----     -----------------------     -----------------------     -----------     -----------
  214        4234.000       0.000        2081.531       0.000             214             141
   90         197.325     276.467           4.365   -1070.335              90              76
   36         353.567     171.314         251.649      81.838              36              52
  205         213.665      95.880          -1.109    -517.246             205             134
   18         -20.826     625.610          17.261     273.837              18              43
  134         118.396     323.249         273.969    -126.070             134              98
  251          81.314     197.092         277.483      68.057             251             159
    5         -27.867    -197.398         140.845    -383.250               5              34
  118        -146.002     263.998        -104.000     223.000             118              93
   42          94.055     293.459         297.650       8.363              42              52
   78         -61.844     123.485          98.364     245.111              78              73
  196         561.421     329.744         637.524      87.325             196             129
   74         182.825    -464.393         462.739    -326.163              74              71
  137          85.391    -495.348          78.876    -526.047             137             100
  163        -269.041    -114.294        -243.497      34.891             163             115
  220         381.601     465.606         229.616      -7.182             220             141
   11        -874.000      -0.014         -77.000       0.000              11              37
  203         381.615    -465.602         229.616       7.182             203              34
   30        -269.041     114.289        -243.496     -34.892              30              37
  173          85.386     495.346          78.875     526.047             173              34
  127         182.821     464.385         462.738     326.163             127              37
  180         561.429    -329.744         637.524     -87.324             180              34
   76         -61.842    -123.495          98.365    -245.111              76              37
  225          94.062    -293.463         297.650      -8.363             225              34
   81        -145.994    -264.005        -104.000    -223.000              81              37
  173         -27.866     197.392         140.844     383.250             173              34
   40          81.325    -197.099         277.483     -68.057              40              37
  138         118.409    -323.254         273.969     126.070             138              34
  124         -20.804    -625.612          17.261    -273.837             124              37
  186         213.680     -95.874          -1.110     517.246             186              34
  239         353.585    -171.307         251.649     -81.838             239              37
  247         197.357    -276.461           4.363    1070.334             247              34
