SINAL     NFT                         FFT                         NFT INVERSA     FFT INVERSA
-----     -----------------------     -----------------------     -----------     -----------
  202        3811.000       0.000        2258.531       0.000             202             141
  203         -95.956    -307.792         249.102   -1349.156             203             132
   17        -195.318    -223.108        -136.037      84.902              17              49
  185         518.926     197.117         424.323    -279.716             185             123
   38        -424.294       2.743         -33.194     -96.187              38              59
  217         143.146    -206.611         383.590     -23.334             217             139
  131         252.238    -388.435          99.814    -215.412             131             106
   62         244.085     214.635         295.386      85.939              62              61
  221         367.001    -408.000         347.000    -371.000             221             151
  151        -389.016     -35.723         -99.813    -164.755             151             106
  119         102.409    -459.524         167.656      65.558             119             100
  159         590.622      37.066         216.693     -12.405             159             110
  170         390.293     -93.254         463.195    -120.187             170             125
  236         290.547    -640.028         131.615    -574.884             236             148
   17         -55.326     -50.195        -207.433    -162.127              17              49
   30         -54.358     121.035         -35.159    -188.213              30              45
   46        -717.000      -0.008        -328.000       0.000              46              44
  169         -54.350    -121.035         -35.160     188.213             169              33
   74         -55.320      50.197        -207.433     162.127              74              44
   94         290.540     640.033         131.614     574.884              94              33
  236         390.295      93.257         463.194     120.187             236              44
  196         590.622     -37.055         216.693      12.405             196              33
   91         102.395     459.523         167.656     -65.558              91              44
  210        -389.015      35.710         -99.813     164.755             210              33
    1         366.998     408.001         347.000     371.000               1              44
   17         244.092    -214.635         295.386     -85.939              17              33
   61         252.231     388.436          99.814     215.412              61              44
  186         143.141     206.606         383.590      23.335             186              33
   43        -424.289      -2.760         -33.195      96.187              43              44
  147         518.938    -197.111         424.322     279.716             147              33
   80        -195.314     223.100        -136.037     -84.902              80              44
    2         -95.937     307.782         249.101    1349.156               2              33
