SINAL     NFT                         FFT                         NFT INVERSA     FFT INVERSA
-----     -----------------------     -----------------------     -----------     -----------
   96        3963.000       0.000        2337.531       0.000              96              87
   21        -627.218    -650.082        -409.832   -1457.488              21              44
   84         321.846     195.078        -250.726     402.725              84              81
   22          71.936     617.550           4.746    -199.721              22              45
  103         232.792     328.661         138.551     304.696             103              91
  195          69.200     355.192         159.631    -382.538             195             131
   23        -605.548      79.936        -225.509     197.071              23              51
  190         346.366     365.381         283.199     131.485             190             129
  251          40.999    -108.001         305.000    -120.000             251             165
  220        -115.895    -306.973        -106.032    -384.841             220             144
  130        -340.240     166.499        -167.930     217.525             130             104
   78         155.896    -105.667          21.232     -71.102              78              73
  220          -4.799     638.661         -90.552     430.695             220             149
  225         340.397     298.104         504.185      10.888             225             146
  128        -156.062     -58.366          24.164     -44.822             128             103
  251         191.307     170.980         260.608    -116.906             251             159
   42        -733.000      -0.012        -167.000       0.000              42              42
  229         191.315    -170.982         260.607     116.907             229              37
  235        -156.060      58.356          24.164      44.822             235              42
  201         340.406    -298.104         504.185     -10.887             201              37
   33          -4.786    -638.662         -90.551    -430.696              33              42
  119         155.892     105.672          21.231      71.102             119              37
   22        -340.237    -166.506        -167.930    -217.525              22              42
  119        -115.898     306.969        -106.033     384.841             119              37
   82          41.002     107.996         305.000     120.000              82              42
   15         346.374    -365.380         283.199    -131.485              15              37
   22        -605.543     -79.953        -225.509    -197.071              22              42
   46          69.217    -355.194         159.631     382.538              46              37
    1         232.806    -328.658         138.552    -304.695               1              42
  204          71.956    -617.545           4.746     199.721             204              37
  143         321.858    -195.062        -250.726    -402.724             143              42
  213        -627.209     650.072        -409.834    1457.486             213              37
