SINAL     NFT                         FFT                         NFT INVERSA     FFT INVERSA
-----     -----------------------     -----------------------     -----------     -----------
  122        3873.000       0.000        2241.531       0.000             122              97
  199         362.851    -147.663          95.000   -1355.421             199             133
   43        -570.818     425.678        -168.999      39.357              43              58
   39         -90.534    -164.058         112.246    -237.046              39              53
  168        -115.150     295.403          42.192     121.732             168             120
  195         -52.046    -254.364         314.783     -75.382             195             131
   79         395.698    -355.577         250.009    -135.421              79              76
  227          77.298    -354.868          77.744    -255.048             227             147
  203         556.999      40.003         204.000     111.000             203             138
   25         561.942    -233.515         457.832    -519.027              25              46
  144        -387.351    -281.143        -365.340    -462.424             144             108
  234        -317.951     125.995        -186.081      89.669             234             151
  124         193.148     103.406          23.808      43.731             124              98
   81          14.354     274.963          97.469     -68.505              81              74
  147        -365.533      40.110         -39.670    -111.645             147             110
  111        -299.918    -271.655         -43.256     -42.176             111              89
   90         105.000       0.001         -81.000       0.000              90              39
   34        -299.924     271.646         -43.257      42.176              34              37
    1        -365.528     -40.123         -39.670     111.645               1              39
    9          14.366    -274.965          97.469      68.505               9              37
   83         193.152    -103.401          23.808     -43.732              83              39
  114        -317.946    -126.000        -186.080     -89.669             114              37
  180        -387.347     281.137        -365.340     462.423             180              39
   59         561.947     233.525         457.831     519.028              59              37
  241         557.002     -39.992         204.000    -111.000             241              39
   78          77.292     354.869          77.743     255.048              78              37
  122         395.691     355.581         250.009     135.422             122              39
  183         -52.052     254.354         314.783      75.382             183              37
  242        -115.142    -295.412          42.192    -121.731             242              39
  196         -90.532     164.051         112.246     237.045             196              37
    0        -570.794    -425.694        -168.999     -39.357               0              39
  100         362.877     147.669          94.999    1355.420             100              37
