SINAL     NFT                         FFT                         NFT INVERSA     FFT INVERSA
-----     -----------------------     -----------------------     -----------     -----------
   72        4843.000       0.000        2344.531       0.000              72              79
  251         152.146     188.332         340.599   -1328.004             251             155
  109         238.239    -138.170          82.421    -287.076             109              98
  249        -434.749     128.894          28.586    -506.281             249             154
  140         -10.737    -406.692          12.849    -224.543             140             113
  240        -372.964      85.782        -196.426    -270.292             240             150
   61        -132.415      75.013          61.349      82.613              61              74
   66        -267.091    -277.318         -33.629    -155.359              66              63
  242         587.998     133.002         355.000      95.000             242             164
  116        -399.388    -602.747         -14.611    -737.563             116              88
   69        -356.980      45.255        -422.563     246.536              69              78
  155         152.312     -28.855         308.118     -73.153             155             107
  176         -43.262    -188.694         -16.849     -62.543             176             131
   15         215.133    -681.873         224.413    -393.769              15              37
   36          67.152     -99.924        -401.208    -267.152              36              61
  247        -429.399     134.769        -131.313    -109.101             247             153
  245        -471.000      -0.004        -434.000       0.000             245              47
  148        -429.391    -134.774        -131.313     109.101             148              33
  189          67.157      99.932        -401.208     267.152             189              47
  165         215.121     681.879         224.413     393.769             165              33
  222         -43.265     188.689         -16.849      62.543             222              47
   71         152.311      28.856         308.118      73.153              71              33
   42        -356.979     -45.261        -422.563    -246.537              42              47
  200        -399.393     602.736         -14.612     737.563             200              33
  121         588.005    -132.994         355.000     -95.000             121              47
  227        -267.097     277.309         -33.630     155.358             227              33
   87        -132.410     -75.020          61.350     -82.612              87              47
  228        -372.955     -85.791        -196.427     270.292             228              33
  169         -10.736     406.689          12.849     224.543             169              47
  194        -434.732    -128.908          28.586     506.281             194              33
  206         238.257     138.171          82.421     287.076             206              47
   85         152.183    -188.332         340.597    1328.004              85              33
