SINAL     NFT                         FFT                         NFT INVERSA     FFT INVERSA
-----     -----------------------     -----------------------     -----------     -----------
   75        4332.000       0.000        2233.531       0.000              75              75
  196         146.976     199.308         227.313   -1297.543             196             130
   75        -292.652    -102.733          22.657    -168.014              75              75
  206        -249.035    -167.835          24.894    -539.870             206             135
  187        -455.775    -395.029        -188.799     -81.373             187             131
  207         215.268      34.559         -51.092     -73.506             207             136
   38        -130.233     343.704         114.986      73.872              38              57
  197        -179.364    -303.754          30.357    -215.820             197             131
  103         -71.001     194.998          67.000     198.000             103              89
   27         257.974    -454.808         392.100    -300.410              27              46
  206        -273.858    -346.829        -128.560    -308.226             206             141
  130        -198.364    -630.384        -111.097    -157.963             130              97
  160         235.776      90.975        -149.201     126.627             160             118
   46         285.961    -146.852         335.796     -65.273              46              55
  139         264.743    -433.259        -121.083    -442.112             139             107
  141        -375.411     222.171        -298.533     -49.345             141             103
   87        -294.000      -0.002        -167.000       0.000              87              41
    3        -375.402    -222.174        -298.533      49.344               3              35
  190         264.740     433.268        -121.084     442.112             190              41
  214         285.959     146.858         335.796      65.274             214              35
  129         235.775     -90.967        -149.201    -126.627             129              41
  197        -198.380     630.383        -111.098     157.963             197              35
   39        -273.863     346.820        -128.560     308.226              39              41
  112         257.966     454.807         392.099     300.410             112              35
  167         -70.997    -195.005          67.000    -198.000             167              41
  235        -179.369     303.745          30.356     215.820             235              35
  173        -130.222    -343.710         114.986     -73.872             173              41
  253         215.270     -34.553         -51.093      73.506             253              35
   66        -455.780     395.018        -188.799      81.373              66              41
  148        -249.029     167.824          24.894     539.870             148              35
  185        -292.637     102.720          22.657     168.014             185              41
    1         147.012    -199.310         227.311    1297.543               1              35
