SINAL     NFT                         FFT                         NFT INVERSA     FFT INVERSA
-----     -----------------------     -----------------------     -----------     -----------
   53        3820.000       0.000        2032.531       0.000              53              62
  163         147.772     -97.744         164.981   -1164.621             163             110
  177         104.309     123.097          17.051     -71.368             177             124
  200        -120.914    -126.164         124.136    -405.003             200             128
   51         308.472     -61.274          91.494    -113.146              51              61
   67         -44.847    -213.618          90.518    -525.015              67              62
  157        -364.081      28.843        -401.663    -213.156             157             114
   50        -518.265     300.306        -114.567     135.957              50              53
  246          78.000    -106.000         117.000    -113.000             246             158
  157        -572.935    -165.671        -318.564    -146.832             157             107
   22         -22.641     547.751           0.107     379.694              22              46
   78        -323.215    -336.280         247.052     -91.795              78              67
  136         373.531    -391.272         132.506     -55.146             136             103
  208         -14.033    -598.392         -34.421    -437.278             208             132
   13         -69.596     382.007        -387.494     181.481              13              42
  154        -153.557    -129.295         214.602       4.831             154             105
  253         260.000       0.004        -222.000       0.000             253              38
   20        -153.561     129.292         214.602      -4.830              20              31
  133         -69.587    -382.004        -387.494    -181.482             133              38
   72         -14.044     598.397         -34.422     437.278              72              31
   96         373.520     391.277         132.506      55.146              96              38
   56        -323.226     336.266         247.051      91.796              56              31
  161         -22.632    -547.756           0.107    -379.694             161              38
   19        -572.938     165.659        -318.564     146.831              19              31
  148          78.000     105.999         117.000     113.000             148              38
  200        -518.256    -300.319        -114.567    -135.957             200              31
   76        -364.072     -28.849        -401.663     213.156              76              38
  160         -44.840     213.617          90.517     525.015             160              31
   76         308.480      61.278          91.494     113.146              76              38
   72        -120.907     126.158         124.135     405.003              72              31
  242         104.326    -123.097          17.051      71.368             242              38
  104         147.796      97.746         164.980    1164.621             104              31
