SINAL     NFT                         FFT                         NFT INVERSA     FFT INVERSA
-----     -----------------------     -----------------------     -----------     -----------
  108        4282.000       0.000        2342.531       0.000             108              84
  135         318.934    -337.833         375.396   -1469.722             135             111
  164          21.941    -121.097        -226.102    -243.380             164             112
  124           5.994     264.798         125.131    -387.896             124             105
  216        -453.293      94.288        -293.418    -206.969             216             138
  234        -557.629     339.706         -54.435     205.803             234             160
  238         350.387      42.469         326.065      37.388             238             149
   11        -443.657    -199.269         164.002    -260.825              11              49
  129         198.004    -736.000          63.000    -217.000             129              95
  188        -222.655     -88.380        -233.539    -251.932             188             137
  163        -129.268     159.932        -129.063     333.218             163             112
  141         369.247     -32.117         361.159     -71.949             141             114
  243        -116.707    -235.712        -150.582    -164.969             243             152
    8         103.001     139.933          51.380     106.189               8              47
   68        -143.063      92.364         -54.900     -55.550              68              64
   72        -173.236     -43.990          24.642     292.743              72              79
  183         918.000       0.009         416.000       0.000             183              33
  170        -173.243      43.984          24.642    -292.743             170              46
   94        -143.061     -92.369         -54.900      55.550              94              33
    2         103.004    -139.930          51.380    -106.189               2              46
  217        -116.711     235.709        -150.582     164.969             217              33
  146         369.246      32.122         361.159      71.950             146              46
  163        -129.268    -159.934        -129.063    -333.218             163              33
    1        -222.656      88.378        -233.539     251.932               1              46
  137         197.989     736.001          63.000     217.000             137              33
   77        -443.659     199.251         164.001     260.825              77              46
   97         350.390     -42.471         326.065     -37.388              97              33
   54        -557.620    -339.722         -54.435    -205.803              54              46
  166        -453.280     -94.300        -293.418     206.969             166              33
  251           6.014    -264.798         125.130     387.896             251              46
  214          21.957     121.099        -226.102     243.380             214              33
   68         318.957     337.837         375.394    1469.722              68              46
