SINAL     NFT                         FFT                         NFT INVERSA     FFT INVERSA
-----     -----------------------     -----------------------     -----------     -----------
  237        3761.000       0.000        1696.531       0.000             237             146
  138         114.225     510.519         412.045    -843.860             138              95
  127          17.876    -192.287         162.139    -207.438             127              91
   97        -305.292      11.887          52.942    -232.079              97              74
   40         367.152     236.996         314.246     274.317              40              47
   24         233.756    -283.784         667.448    -411.189              24              38
  223          17.949    -668.252         -43.259    -424.568             223             139
  225        -236.147    -168.174          36.869    -134.011             225             138
   45         178.002    -274.999        -129.000      -3.000              45              50
   65         109.073     534.465         260.034     305.425              65              58
    3         550.724    -414.488         425.845    -151.257               3              29
   52          89.594     144.392         126.088    -142.515              52              52
    2         -81.150    -377.006         165.754    -111.683               2              28
  184         250.110    -297.766         -31.091     -35.021             184             118
  100         457.449     501.479         223.275     217.873             100              77
   34          88.680    -164.676         321.400    -166.307              34              43
  194         119.000      -0.000         -42.000       0.000             194              30
  210          88.679     164.672         321.400     166.307             210              29
   92         457.460    -501.471         223.275    -217.873              92              30
   22         250.101     297.772         -31.091      35.021              22              29
  244         -81.158     377.000         165.754     111.683             244              30
   58          89.601    -144.395         126.088     142.515              58              29
  166         550.716     414.493         425.845     151.258             166              30
  182         109.082    -534.466         260.035    -305.424             182              29
  125         177.994     275.003        -129.000       3.000             125              30
  215        -236.150     168.168          36.869     134.011             215              29
   65          17.940     668.246         -43.259     424.568              65              30
  161         233.755     283.776         667.448     411.190             161              29
  172         367.159    -236.999         314.246    -274.317             172              30
  154        -305.287     -11.900          52.942     232.079             154              29
  105          17.886     192.278         162.139     207.437             105              30
    0         114.261    -510.524         412.043     843.860               0              29
