SINAL     NFT                         FFT                         NFT INVERSA     FFT INVERSA
-----     -----------------------     -----------------------     -----------     -----------
  181        3719.000       0.000        1929.531       0.000             181             120
   28        -195.088     129.889          38.791   -1076.999              28              45
  225        -159.778      39.433          -1.245     139.000             225             142
   33         -15.473       2.923         232.435    -249.327              33              47
   30         166.636    -395.853         143.253       9.271              30              44
   96         572.255     -33.099         272.928    -229.245              96              79
  125         104.094     -76.646          71.014    -250.751             125              92
  191        -260.849      17.063        -121.704    -157.688             191             126
   22          83.000     -47.999          18.000      27.000              22              40
  209        -280.978     269.052        -225.941     -20.653             209             135
   78          23.626     410.555         172.033     518.074              78              68
   66         334.708    -215.437         317.512    -263.479              66              64
  244        -158.636     226.146        -285.254     303.270             244             151
  100         524.063     838.627         481.277     393.018             100              81
   31          64.054      -9.367         394.198      51.826              31              45
  170         489.351      87.918         402.440    -137.650             170             116
   35        -509.000      -0.010          43.000       0.000              35              33
  224         489.356     -87.917         402.439     137.650             224              34
   62          64.055       9.357         394.198     -51.826              62              33
  204         524.079    -838.623         481.277    -393.017             204              34
  113        -158.633    -226.149        -285.253    -303.271             113              33
  163         334.702     215.440         317.511     263.479             163              34
   46          23.631    -410.559         172.033    -518.074              46              33
   63        -280.972    -269.058        -225.941      20.652              63              34
  186          83.001      48.002          18.000     -27.000             186              33
  167        -260.844     -17.069        -121.704     157.687             167              34
  171         104.101      76.648          71.014     250.751             171              33
  186         572.259      33.110         272.927     229.245             186              34
   33         166.628     395.853         143.253      -9.270              33              33
   94         -15.470      -2.930         232.435     249.327              94              34
   23        -159.768     -39.442          -1.245    -139.000              23              33
  120        -195.061    -129.897          38.789    1076.998             120              34
