SINAL     NFT                         FFT                         NFT INVERSA     FFT INVERSA
-----     -----------------------     -----------------------     -----------     -----------
  238        4152.000       0.000        2477.531       0.000             238             152
   68         -54.430    -348.551          -0.068   -1457.768              68              79
   99        -157.922     185.892         -48.039     291.320              99              82
  202         539.139    -153.788         387.444    -402.958             202             146
   68         103.882     159.591          57.286      22.530              68              67
  140         251.188    -176.966         289.978    -409.670             140             115
   34        -416.414      65.761        -378.737      72.519              34              50
  161         592.317     424.828         434.407     306.904             161             125
  246         172.998      97.000         158.000    -169.000             246             156
  137         181.817     364.912         225.670     180.496             137             113
  247         130.647     163.036         292.026    -116.798             247             156
   18         -91.679      24.989          93.809      66.008              18              54
  218         306.112     455.590         338.714     182.531             218             142
  237         132.311    -167.786         579.901    -112.759             237             163
  232         143.690    -612.834         102.750    -497.997             232             149
   32        -318.671     135.581        -157.405     148.079              32              61
   84         434.000       0.002         387.000       0.000              84              36
   13        -318.669    -135.590        -157.405    -148.079              13              48
  165         143.680     612.832         102.749     497.998             165              36
  115         132.310     167.775         579.901     112.760             115              48
   77         306.123    -455.594         338.714    -182.530              77              36
  164         -91.677     -24.998          93.809     -66.009             164              48
  108         130.654    -163.041         292.026     116.798             108              36
  175         181.828    -364.914         225.670    -180.496             175              48
  151         173.005     -97.001         158.000     169.000             151              36
   78         592.326    -424.818         434.407    -306.904              78              48
   93        -416.411     -65.769        -378.737     -72.520              93              36
   81         251.191     176.968         289.977     409.670              81              48
  151         103.893    -159.592          57.286     -22.531             151              36
   44         539.142     153.796         387.443     402.958              44              48
   82        -157.909    -185.897         -48.039    -291.320              82              36
  194         -54.411     348.546          -0.070    1457.767             194              48
