SINAL     NFT                         FFT                         NFT INVERSA     FFT INVERSA
-----     -----------------------     -----------------------     -----------     -----------
  117        4084.000       0.000        2324.531       0.000             117              96
  180         416.276    -219.728         514.425   -1340.283             180             125
  237         -12.890    -160.634          43.974    -377.159             237             156
  184        -341.967    -272.697          88.483    -528.425             184             127
  219         -94.995    -295.027         -66.343    -209.338             219             147
  135        -251.886    -348.806          -4.195    -283.975             135             102
  116         155.329     -66.511         -85.564     -79.885             116              96
  203        -383.751    -144.085         -14.729    -155.486             203             136
   92         284.000     -97.998         -86.000      78.000              92              84
  125          62.572     278.869         225.562     -54.990             125              97
  109        -114.834    -199.459         -42.627    -210.037             109              92
  156        -479.446    -106.269         -77.608     -29.410             156             113
   62         102.999    -347.025         -77.657      22.662              62              69
  100          53.188     141.645          -7.875     142.518             100              85
  114         432.393     102.424         184.217     120.689             114              95
   75         101.011      71.024         161.673    -137.675              75              72
  220        -196.000      -0.003         -92.000       0.000             220              41
  134         101.015     -71.024         161.673     137.675             134              38
    9         432.394    -102.416         184.217    -120.688               9              41
   87          53.187    -141.642          -7.875    -142.518              87              38
  108         102.988     347.028         -77.657     -22.662             108              41
  152        -479.449     106.257         -77.608      29.410             152              38
   76        -114.834     199.453         -42.627     210.037              76              41
   50          62.581    -278.870         225.562      54.990              50              38
  130         283.999      98.005         -86.000     -78.000             130              41
  199        -383.753     144.076         -14.729     155.486             199              38
   47         155.331      66.514         -85.564      79.885              47              41
  232        -251.889     348.800          -4.195     283.975             232              38
  166         -94.995     295.021         -66.343     209.338             166              41
   94        -341.961     272.684          88.482     528.425              94              38
  122         -12.874     160.627          43.973     377.159             122              41
   34         416.300     219.728         514.423    1340.283              34              38
