SINAL     NFT                         FFT                         NFT INVERSA     FFT INVERSA
-----     -----------------------     -----------------------     -----------     -----------
  243        4035.000       0.000        1983.531       0.000             243             152
   22          59.337     422.852          58.597    -937.157              22              43
  130         291.069     287.484         456.527     128.634             130              95
  252         183.165    -472.279         251.775    -760.489             252             158
  139        -295.645     311.441        -160.501     -98.352             139             100
   33        -621.897    -314.603          -9.393    -169.215              33              48
   14         170.464     -55.894         -90.070     109.022              14              37
   73        -312.409     259.571         -29.932     196.877              73              68
   72         526.000     215.001         372.000     407.000              72              66
   50         382.211    -166.641         335.450    -115.998              50              57
   86         629.047     559.470         292.063     249.466              86              73
  108         -83.611       3.571         413.410    -245.904             108              86
  217         -28.356      -4.562          78.501     167.648             217             139
  148         377.327    -438.103         511.694    -128.668             148             106
   69         525.414      22.851          25.480     -42.923              69              65
  227          87.876     280.635         362.135     -15.788             227             145
  234         -39.000      -0.005          57.000       0.000             234              33
   33          87.886    -280.638         362.135      15.789              33              35
   47         525.416     -22.842          25.480      42.922              47              33
   56         377.315     438.105         511.694     128.669              56              35
  107         -28.358       4.551          78.501    -167.648             107              33
  192         -83.607      -3.583         413.409     245.905             192              35
  239         629.061    -559.463         292.063    -249.466             239              33
  188         382.206     166.645         335.450     115.999             188              35
    1         525.999    -214.996         372.000    -407.000               1              33
  249        -312.408    -259.580         -29.932    -196.877             249              35
   26         170.461      55.897         -90.070    -109.022              26              33
  140        -621.902     314.584          -9.394     169.215             140              35
  249        -295.628    -311.451        -160.501      98.352             249              33
  184         183.169     472.277         251.774     760.489             184              35
  125         291.089    -287.487         456.527    -128.634             125              33
   82          59.371    -422.853          58.596     937.157              82              35
