SINAL     NFT                         FFT                         NFT INVERSA     FFT INVERSA
-----     -----------------------     -----------------------     -----------     -----------
  244        3736.000       0.000        2304.531       0.000             244             163
  230         243.248    -230.587         382.624   -1149.222             230             146
   37         266.865       2.903         380.451    -162.685              37              60
  228        -144.419    -611.567         252.410    -633.848             228             145
  249         238.276    -381.452           3.130    -323.522             249             166
  175        -650.971     141.056        -329.695     -47.782             175             119
   32         438.226     408.486         457.789     557.918              32              57
   18         366.850    -572.985         528.198    -397.939              18              40
   57         546.999      -8.998         202.000      42.000              57              70
  112         298.922    -200.237         467.476    -315.764             112              87
  244         322.131    -308.145         173.598    -224.180             244             163
  154         166.997    -321.150         107.685    -362.981             154             108
   22         123.718     470.547          56.870      60.478              22              52
   93        -330.239    -569.781         278.415    -420.954              93              78
   57         -55.220    -281.730        -263.838     -36.783              57              70
  252          89.621    -361.837         214.624    -133.219             252             157
  239         230.000       0.005        -320.000       0.000             239              44
   37          89.612     361.842         214.624     133.220              37              34
  112         -55.228     281.727        -263.838      36.783             112              44
   11        -330.248     569.767         278.415     420.955              11              34
   76         123.735    -470.549          56.870     -60.478              76              44
   78         166.996     321.153         107.684     362.982              78              34
    1         322.130     308.147         173.598     224.180               1              44
  177         298.923     200.237         467.476     315.764             177              34
  183         547.002       9.005         202.000     -42.000             183              44
   66         366.838     572.984         528.197     397.939              66              34
  179         438.230    -408.486         457.789    -557.917             179              44
    7        -650.967    -141.071        -329.695      47.781               7              34
  195         238.275     381.455           3.130     323.522             195              44
   90        -144.422     611.555         252.409     633.848              90              34
   56         266.880      -2.908         380.451     162.685              56              44
   25         243.267     230.582         382.622    1149.222              25              34
