SINAL     NFT                         FFT                         NFT INVERSA     FFT INVERSA
-----     -----------------------     -----------------------     -----------     -----------
  156        3777.000       0.000        1865.531       0.000             156             100
   86         176.594     119.845         244.211   -1090.075              86              80
  174         -55.341     -65.483         -95.297     -30.977             174             109
   71         169.094     256.316         242.134    -244.498              71              72
   88        -107.544    -260.319          23.197     -65.090              88              66
  143         571.490     -58.218         254.617    -176.720             143             108
   81          20.995     191.705         -59.613    -178.104              81              62
  141        -127.103     137.981         124.646      -3.007             141             107
  182         207.000    -217.999           2.000    -169.000             182             113
    7          35.728     486.765          17.885      98.856               7              40
  249         147.417      50.010         147.621    -152.229             249             146
    1        -583.257     498.148        -285.858      34.947               1              37
  137        -158.458     435.676         202.802     504.910             137              90
  169         228.240     -44.180         526.567    -134.845             169             121
   57        -257.069    -659.182         -96.710    -201.102              57              50
   23         385.195     595.762          73.533     315.508              23              48
   49         -91.000      -0.006         483.000       0.000              49              25
  196         385.206    -595.757          73.533    -315.508             196              40
   10        -257.085     659.173         -96.710     201.102              10              25
  243         228.238      44.173         526.567     134.846             243              40
  145        -158.452    -435.689         202.803    -504.910             145              25
  208        -583.243    -498.164        -285.858     -34.947             208              40
   14         147.425     -50.009         147.621     152.229              14              25
   83          35.743    -486.764          17.886     -98.856              83              40
   59         206.999     218.003           2.000     169.000              59              25
  227        -127.096    -137.987         124.646       3.007             227              40
  150          21.007    -191.705         -59.614     178.104             150              25
   74         571.494      58.230         254.617     176.720              74              40
  209        -107.545     260.314          23.197      65.090             209              25
   40         169.108    -256.316         242.134     244.498              40              40
   83         -55.330      65.480         -95.297      30.977              83              25
  222         176.622    -119.843         244.209    1090.074             222              40
