SINAL     NFT                         FFT                         NFT INVERSA     FFT INVERSA
-----     -----------------------     -----------------------     -----------     -----------
   21        4126.000       0.000        2354.531       0.000              21              56
  218         -83.987    -395.404         219.606   -1387.410             218             137
  129         320.157    -358.805           6.455    -222.803             129             110
  233        -185.723      92.428         -64.259    -547.132             233             144
  210        -186.438     -55.705         -68.615     -40.924             210             151
   31        -171.619    -245.559          -5.521    -380.622              31              43
  219         -54.074    -191.160        -195.567     -82.659             219             155
  178           7.725     247.310        -140.159    -144.124             178             117
  114        -533.004     622.996        -126.000     174.000             114             103
  131        -228.418    -318.143         198.910      12.305             131              93
   87         262.173      23.110         192.001    -177.431              87              89
  190        -762.793    -728.564         -63.150    -382.123             190             123
   12         318.443    -621.700        -105.385    -142.924              12              52
  240        -304.941    -388.731        -368.230    -387.133             240             148
   48         -92.263     555.467        -374.889     474.424              48              70
  193         129.763    -199.013         340.540    -207.745             193             124
  221        -324.000      -0.001        -574.000       0.000             221              49
   40         129.760     199.017         340.539     207.746              40              31
  206         -92.253    -555.463        -374.889    -474.425             206              49
  253        -304.948     388.735        -368.231     387.132             253              31
   32         318.428     621.711        -105.385     142.924              32              49
   67        -762.807     728.543         -63.150     382.123              67              31
  254         262.177     -23.111         192.001     177.431             254              49
   51        -228.426     318.131         198.910     -12.305              51              31
   19        -532.987    -623.012        -126.000    -174.000              19              49
   42           7.737    -247.307        -140.159     144.124              42              31
   45         -54.073     191.163        -195.567      82.658              45              49
  245        -171.619     245.555          -5.521     380.622             245              31
   55        -186.431      55.699         -68.615      40.924              55              49
   32        -185.708     -92.431         -64.260     547.132              32              31
  229         320.165     358.812           6.455     222.803             229              49
   81         -83.969     395.396         219.604    1387.410              81              31
