SINAL     NFT                         FFT                         NFT INVERSA     FFT INVERSA
-----     -----------------------     -----------------------     -----------     -----------
   13        4199.000       0.000        2379.531       0.000              13              43
  183        -121.758    -462.876         387.520   -1544.752             183             129
  206        -230.487    -691.203        -320.424    -294.691             206             140
  197         228.330     -49.699         115.543    -322.626             197             136
  183          86.796    -104.764        -113.907    -316.019             183             128
  139        -443.771     -23.081        -147.903    -218.313             139             107
  173         154.466     -17.764         -82.205     -74.822             173             123
  180        -442.170      15.940        -126.373    -281.801             180             128
  209        -375.001     169.998        -341.000     154.000             209             141
   70         -51.951      11.966         309.544      50.615              70              73
  236         -16.978    -510.718        -212.214    -422.094             236             155
  239        -576.628     247.280        -264.737     243.450             239             157
    3         525.204    -166.760         185.907     -46.019               3              38
   92        -539.028     113.242        -185.153    -181.186              92              84
  134        -126.995    -348.156        -169.157      78.037             134             104
   22         138.967     313.735         -34.707      89.075              22              49
  239        -201.000      -0.003          35.000       0.000             239              40
  163         138.973    -313.730         -34.707     -89.075             163              41
   26        -127.006     348.155        -169.157     -78.037              26              40
  232        -539.023    -113.253        -185.153     181.186             232              41
   48         525.201     166.771         185.907      46.019              48              40
  249        -576.624    -247.290        -264.737    -243.450             249              41
  162         -16.986     510.719        -212.214     422.094             162              40
  168         -51.951     -11.971         309.545     -50.614             168              41
   98        -374.997    -170.007        -341.000    -154.000              98              40
   62        -442.164     -15.949        -126.373     281.800              62              41
  110         154.472      17.768         -82.205      74.822             110              40
   50        -443.765      23.074        -147.903     218.313              50              41
   19          86.805     104.768        -113.907     316.019              19              40
   57         228.337      49.707         115.543     322.626              57              41
  140        -230.490     691.198        -320.424     294.690             140              40
   97        -121.739     462.865         387.518    1544.752              97              41
