SINAL     NFT                         FFT                         NFT INVERSA     FFT INVERSA
-----     -----------------------     -----------------------     -----------     -----------
  188        4341.000       0.000        2502.531       0.000             188             137
  123        -313.605    -428.366         173.588   -1448.227             123              96
   79         325.631    -254.812           1.639     -86.353              79              83
  210        -348.278     205.336         -23.560    -388.103             210             140
  196         232.313      56.461         221.586     160.782             196             141
  154        -312.333    -355.316          88.100    -619.524             154             112
   17        -426.405      37.234        -433.013     349.614              17              52
  233         394.720     275.234         520.916     216.611             233             151
  235         429.001    -163.999         182.000     -34.000             235             161
  192         295.525     323.660         484.300     -74.565             192             131
  100        -224.047    -561.587          46.271    -386.525             100              93
   89        -150.924     -60.034         -22.508      68.363              89              79
    4         209.689    -203.539         224.414      -5.218               4              45
  217         176.279    -264.178         141.778     -84.941             217             143
  245         228.824     -57.630         197.104     -54.492             245             166
  120          34.623    -808.736          91.123    -294.393             120              95
  216         573.000       0.011        -274.000       0.000             216              47
  225          34.604     808.739          91.122     294.393             225              38
  213         228.823      57.631         197.103      54.493             213              47
   55         176.272     264.179         141.778      84.941              55              38
  209         209.682     203.539         224.414       5.218             209              47
   70        -150.928      60.028         -22.508     -68.363              70              38
  127        -224.055     561.574          46.271     386.525             127              47
   45         295.537    -323.661         484.301      74.566              45              38
  193         428.998     164.002         182.000      34.000             193              47
    2         394.721    -275.230         520.916    -216.610               2              38
   50        -426.408     -37.244        -433.013    -349.615              50              47
   98        -312.335     355.305          88.099     619.524              98              38
  202         232.320     -56.463         221.586    -160.782             202              47
   41        -348.265    -205.346         -23.561     388.103              41              38
  183         325.639     254.817           1.639      86.354             183              47
   10        -313.587     428.352         173.586    1448.226              10              38
