SINAL     NFT                         FFT                         NFT INVERSA     FFT INVERSA
-----     -----------------------     -----------------------     -----------     -----------
  126        4815.000       0.000        2564.531       0.000             126             109
  123         100.756    -199.343         325.946   -1551.460             123              96
  155          26.874    -310.600        -120.115    -310.658             155             123
  223        -406.461     152.545        -128.668    -367.108             223             146
  230         177.781    -123.232         149.477      47.028             230             161
  176         -19.699    -400.717         -47.406    -586.993             176             122
   59        -270.942     454.266        -473.367     264.527              59              75
  243         128.927     532.002         339.627     244.482             243             156
  235         228.998     147.999         173.000    -101.000             235             163
  216        -430.776     104.393         153.139     -56.273             216             142
  116         241.811    -375.315         132.331    -170.201             116             104
   39        -567.494     107.759        -153.619    -127.355              39              54
   19          22.222    -281.234          74.523     257.028              19              55
  244         519.260     -43.183         211.763    -153.601             244             156
  107        -109.749     323.817          25.152      98.614             107              99
  153          43.483    -443.164         256.954    -268.612             153             111
  205        -153.000      -0.001        -370.000       0.000             205              49
  200          43.475     443.162         256.953     268.612             200              37
   66        -109.740    -323.823          25.152     -98.614              66              49
  196         519.259      43.194         211.762     153.602             196              37
  248          22.211     281.231          74.523    -257.028             248              49
    3        -567.491    -107.775        -153.619     127.355               3              37
  211         241.806     375.315         132.330     170.201             211              49
   63        -430.771    -104.410         153.139      56.273              63              37
  124         229.007    -148.002         173.000     101.000             124              49
  144         128.940    -532.003         339.628    -244.482             144              37
  149        -270.929    -454.267        -473.367    -264.527             149              49
  244         -19.700     400.720         -47.407     586.993             244              37
   93         177.785     123.233         149.477     -47.028              93              49
   62        -406.448    -152.554        -128.668     367.107              62              37
  188          26.886     310.600        -120.116     310.658             188              49
  155         100.785     199.340         325.944    1551.460             155              37
