SINAL     NFT                         FFT                         NFT INVERSA     FFT INVERSA
-----     -----------------------     -----------------------     -----------     -----------
   13        8288.000       0.000        4663.062       0.000              13              42
  155         -54.080    -649.063         -64.829   -2780.843             155             115
  230         372.953     131.416         -85.262      36.454             230             151
   36        -265.754     182.957        -139.674   -1017.681              36              55
   47        -324.801     395.781        -262.612     381.008              47              59
  159         301.839     247.081         491.188    -460.326             159             117
  191        -411.053    -584.447        -228.990    -391.656             191             131
  229        -166.248     348.023        -253.001     -73.104             229             152
   40         -54.969     355.101         178.150     258.207              40              56
   96          77.477    -267.947         303.175    -335.541              96              85
  223         166.051    -349.828          52.398    -134.198             223             147
   92         146.758     -85.871         211.394    -307.000              92              83
  174         285.678    -735.466          98.934    -341.054             174             123
  164         440.392     -20.106         -21.900    -499.474             164             119
  211        -264.322    -165.458        -160.561    -416.625             211             141
  215        -487.231     -69.530        -432.555    -441.775             215             145
   51        -684.000    -152.004        -425.000     -29.000              51              61
  250         -81.067      -9.089        -451.034     -69.642             250             162
    3        -123.832     920.284        -249.934     430.926               3              37
   35        -139.307     617.279         196.776      33.736              35              55
  189        -581.645    -304.867           0.804    -222.199             189             130
   29        -540.009    -373.008        -497.598    -199.793              29              52
  165         -38.865     509.259         -42.195     534.786             165             118
  225          68.832    -437.240         116.341    -569.694             225             150
  170        -977.032     103.094        -946.150     320.206             170             121
  146         779.878    1001.005         258.419     682.815             146             110
  238         -33.461     935.105         259.120     186.389             238             155
   72        -194.741      36.774         441.825    -225.359              72              73
  248       -1091.218    -549.632        -421.125    -244.137             248             160
  102         259.541     -46.596         107.117     402.406             102              88
   96         116.484      13.625         151.425    -246.935              96              84
  168        -434.307    -214.170        -158.167      55.948             168             121
   31         408.000       0.009         116.000       0.000              31              39
  183        -434.319     214.149        -158.168     -55.949             183              40
  194         116.486     -13.626         151.425     246.936             194              39
  113         259.525      46.604         107.118    -402.406             113              40
  155       -1091.245     549.572        -421.125     244.137             155              39
   91        -194.726     -36.811         441.825     225.360              91              40
  219         -33.409    -935.125         259.120    -186.389             219              39
  116         779.912   -1000.964         258.420    -682.814             116              40
  115        -977.036    -103.116        -946.150    -320.207             115              39
   29          68.820     437.247         116.340     569.694              29              40
   93         -38.849    -509.258         -42.194    -534.786              93              39
   76        -540.027     372.991        -497.599     199.792              76              40
  163        -581.649     304.830           0.803     222.199             163              39
   56        -139.269    -617.298         196.776     -33.735              56              40
  216        -123.785    -920.278        -249.934    -430.926             216              39
   14         -81.065       9.107        -451.034      69.642              14              40
   20        -683.999     151.988        -425.000      29.000              20              39
  222        -487.211      69.519        -432.556     441.774             222              40
   26        -264.298     165.455        -160.562     416.625              26              39
   72         440.417      20.136         -21.901     499.474              72              40
   24         285.661     735.481          98.933     341.055              24              39
  223         146.765      85.872         211.394     307.000             223              40
  139         166.045     349.830          52.398     134.199             139              39
   23          77.473     267.936         303.174     335.542              23              40
  218         -54.947    -355.114         178.150    -258.206             218              39
   24        -166.223    -348.026        -253.001      73.103              24              40
  188        -411.055     584.427        -228.991     391.655             188              39
  207         301.874    -247.081         491.187     460.326             207              40
  174        -324.759    -395.796        -262.612    -381.008             174              39
  117        -265.701    -182.962        -139.675    1017.680             117              40
   84         373.018    -131.389         -85.262     -36.454              84              39
  201         -53.999     649.062         -64.834    2780.841             201              40
