SINAL     NFT                         FFT                         NFT INVERSA     FFT INVERSA
-----     -----------------------     -----------------------     -----------     -----------
  209        7656.000       0.000        3797.062       0.000             209             137
  206         525.262     111.687         396.433   -2243.543             206             130
  131        -113.992      51.835        -286.532    -205.667             131              98
    8        -162.079     474.344         -23.856    -337.650               8              31
    0         264.168     574.258          91.501     405.369               0              32
  115         535.407     540.814         646.934     -32.145             115              85
   65         501.936     343.691         504.579     -96.839              65              65
  110        -317.313    -222.304         460.549    -390.059             110              82
    1         629.356    -544.488         316.773    -126.847               1              33
  235         321.872    -205.538         448.045    -565.480             235             145
  249        -119.665    -449.453        -271.598    -211.262             249             157
  133         527.987     434.607         397.173     241.631             133              94
  204         869.111     -22.406         494.582    -255.824             204             134
   65          68.130     245.264         449.081    -307.386              65              60
  114         161.034    -917.512         281.537    -619.172             114              89
  229          81.346    -479.769        -132.991    -481.291             229             142
  161         326.993     177.006        -141.000    -147.000             161             113
   16        -246.230     521.000          57.445    -120.108              16              35
  170        -134.453    -204.019         -59.446    -211.364             170             117
   59        -271.238     482.384        -127.748      -5.416              59              57
    0        -459.296     326.427         -15.594     189.423              -0              32
  222         208.904      -9.659         495.042     185.303             222             138
   46         553.250    -641.661         351.626    -717.767              46              55
  193       -1124.422       3.700        -717.176    -189.636             193             124
  109         220.643     387.514         103.227     575.153             109              87
   27         114.851     236.293         245.614    -119.426              27              41
   71        -108.599     280.093          -2.283     218.978              71              68
  135          -7.701     520.498         432.102     159.241             135              95
   66         -57.984    -560.908         469.511    -229.383              66              65
  165        -199.447    -874.683         -36.053    -474.532             165             110
   45         252.493    -274.038        -133.881     160.464              45              55
   37         552.617     407.718         252.879    -198.671              37              46
  171       -1066.000      -0.027        -314.000       0.000             171              35
  209         552.646    -407.695         252.877     198.671             209              30
   69         252.477     274.057        -133.881    -160.464              69              35
  131        -199.488     874.667         -36.054     474.532             131              30
   11         -58.006     560.875         469.511     229.384              11              35
  130          -7.678    -520.526         432.102    -159.240             130              30
   70        -108.585    -280.111          -2.283    -218.978              70              35
  108         114.864    -236.298         245.614     119.426             108              30
  167         220.651    -387.507         103.227    -575.153             167              35
  168       -1124.413      -3.743        -717.176     189.634             168              30
   62         553.241     641.676         351.625     717.768              62              35
  221         208.902       9.646         495.043    -185.303             221              30
   51        -459.281    -326.463         -15.594    -189.423              51              35
   16        -271.205    -482.400        -127.748       5.416              16              30
   28        -134.446     204.008         -59.446     211.364              28              35
  251        -246.186    -521.014          57.445     120.109             251              30
   95         327.022    -176.982        -141.000     147.000              95              35
  207          81.344     479.781        -132.992     481.290             207              30
   30         161.015     917.505         281.536     619.173              30              35
  222          68.166    -245.282         449.081     307.386             222              30
  150         869.130      22.429         494.582     255.825             150              35
  157         528.009    -434.589         397.174    -241.631             157              30
   22        -119.674     449.447        -271.598     211.261              22              35
   42         321.881     205.543         448.045     565.481              42              30
  205         629.341     544.497         316.773     126.847             205              35
   78        -317.307     222.261         460.549     390.059              78              30
  193         501.975    -343.699         504.579      96.839             193              35
  181         535.446    -540.811         646.933      32.146             181              30
  211         264.207    -574.255          91.501    -405.369             211              35
   76        -162.031    -474.349         -23.856     337.650              76              30
  119        -113.933     -51.836        -286.532     205.666             119              35
  209         525.372    -111.663         396.429    2243.543             209              30
