SINAL     NFT                         FFT                         NFT INVERSA     FFT INVERSA
-----     -----------------------     -----------------------     -----------     -----------
  121        8751.000       0.000        4498.062       0.000             121              95
  249         -38.958    -161.941         298.630   -2787.274             249             160
   48        -299.390      13.460        -476.469     -61.030              48              59
  141        -140.396     646.095         268.559    -376.651             141             106
   65         161.318      85.132         204.730    -146.128              65              67
  116        -917.130     -69.749          68.313    -490.574             116              94
   59         222.893    -495.700         -32.349      71.195              59              64
  206        -423.099     530.440         104.912    -114.100             206             139
  252         282.956    -345.442         390.840     459.723             252             161
   88        1125.755    -241.077        1022.336    -661.107              88              80
  171        -597.561   -1193.126        -271.513    -766.558             171             120
    7         175.148    -200.028         -59.448    -133.391               7              39
   70        -142.946    -322.972        -107.264    -172.683              70              70
  189         320.337    -213.462          37.599       7.681             189             130
  239         543.125     259.536          94.395      20.775             239             154
  220         275.240     271.553         343.764     -88.471             220             146
  196         -11.003     -90.003          95.000    -322.000             196             133
  194        -402.229    -245.382          -0.931     -69.173             194             133
  106         742.039    -277.502         277.594      17.193             106              88
  114         604.484     -63.738         353.487    -484.322             114              93
  108        -258.692     153.114        -238.843    -315.099             108              89
  242        -338.208      55.544         185.232    -184.533             242             157
  223        -582.942    -541.111        -417.849    -407.366             223             146
   69        -269.259     449.364         -53.704     430.581              69              70
  173         133.052    -299.444         303.159    -236.277             173             121
   55        -265.205    -268.967         -11.553     -23.520              55              63
   22         406.593    -527.205         311.403    -239.166              22              46
  132         297.734    -661.952          34.070    -447.135             132             102
  152         -39.700     -14.773        -290.622    -484.545             152             111
   87        -993.103     -86.520        -416.967      41.269              87              79
  174         341.270    -383.096         -85.211    -102.165             174             122
    9        -371.136     388.754        -338.826      81.726               9              40
  206         -89.000      -0.002          61.000       0.000             206              38
  170        -371.116    -388.760        -338.826     -81.726             170              39
  251         341.251     383.121         -85.211     102.165             251              38
  214        -993.103      86.484        -416.966     -41.270             214              39
  202         -39.680      14.782        -290.623     484.545             202              38
   29         297.719     661.972          34.070     447.135              29              39
    0         406.570     527.217         311.403     239.167              -0              38
   76        -265.219     268.946         -11.552      23.520              76              39
  113         133.038     299.435         303.159     236.277             113              38
  226        -269.244    -449.381         -53.703    -430.582             226              39
  129        -582.958     541.083        -417.849     407.366             129              38
  243        -338.188     -55.569         185.232     184.534             243              39
  103        -258.658    -153.128        -238.844     315.099             103              38
  183         604.506      63.764         353.486     484.323             183              39
   78         742.029     277.531         277.594     -17.193              78              38
  218        -402.238     245.357          -0.931      69.173             218              39
   34         -10.991      89.991          95.000     322.000              34              38
   66         275.268    -271.548         343.763      88.471              66              39
  223         543.144    -259.508          94.395     -20.775             223              38
   96         320.326     213.484          37.599      -7.681              96              39
   41        -142.958     322.970        -107.264     172.683              41              38
   94         175.143     200.041         -59.448     133.391              94              39
  242        -597.592    1193.093        -271.515     766.557             242              38
  134        1125.760     241.101        1022.336     661.109             134              39
   89         282.933     345.429         390.841    -459.723              89              38
  220        -423.076    -530.473         104.911     114.100             220              39
  147         222.877     495.699         -32.349     -71.196             147              38
  223        -917.116      69.689          68.312     490.574             223              39
  235         161.355     -85.147         204.730     146.129             235              38
   47        -140.335    -646.111         268.558     376.651              47              39
   59        -299.331     -13.473        -476.469      61.029              59              38
   63         -38.846     161.933         298.626    2787.274              63              39
