SINAL     NFT                         FFT                         NFT INVERSA     FFT INVERSA
-----     -----------------------     -----------------------     -----------     -----------
  105        8669.000       0.000        4634.062       0.000             105              90
  159         -15.957    -363.948         114.926   -2817.245             159             114
    7          39.548    -234.969        -282.859      26.204               7              41
  253         504.567     484.856         171.765    -699.083             253             161
  223         -62.641     126.878         -53.617     -67.864             223             149
   28         262.198     600.738          42.518    -286.400              28              49
   73         -72.168     724.942         383.757      78.852              73              74
   85        -480.134    -720.826         198.742    -843.580              85              77
  199        -223.471    -447.585        -268.128    -133.959             199             137
  113        -152.728    -298.675        -158.128    -533.081             113              91
  153        -327.855     403.733        -555.351     380.772             153             114
  244         282.690     700.509         365.410       4.177             244             157
  238        -752.337     166.356        -280.017      55.565             238             157
   65         -27.226     -72.380         280.075       1.811              65              67
   63        -206.204     -48.128        -467.636      57.846              63              69
  147         -37.841    1363.967         295.195     680.465             147             108
  134         -37.994    -275.009         498.000     189.000             134             105
  226         917.839    -109.311         766.673    -142.580             226             148
   53        -181.685    -657.249          19.595    -470.872              53              64
  211         604.983     253.933         372.452      88.117             211             140
  205        -244.833    -469.228         134.384    -596.959             205             140
  139        -109.440      27.243         -41.116     103.224             139             104
  139          29.710    -240.308         344.414    -268.878             139             107
  207         -73.375    -575.205         177.886    -247.442             207             138
  151          49.487   -1041.582          16.129    -633.959             151             113
  121         -88.718    -315.404        -381.400     -35.415             121              95
   65         655.940    -123.566         194.841    -177.315              65              70
  106        -268.244      62.953        -252.105    -331.029             106              88
   49        -264.189    -388.706        -244.750    -156.388              49              62
  216          16.566     500.685        -420.793     130.624             216             143
  253        -169.309     695.418         131.239     274.971             253             164
    3        -183.227      14.730          47.374    -187.216               3              36
   33        -717.000      -0.020        -213.000       0.000              33              41
  199        -183.217     -14.751          47.373     187.216             199              38
  143        -169.272    -695.429         131.240    -274.971             143              41
   94          16.593    -500.669        -420.793    -130.625              94              38
   65        -264.198     388.708        -244.751     156.388              65              41
  252        -268.224     -62.957        -252.106     331.029             252              38
  144         655.944     123.606         194.841     177.316             144              41
  137         -88.731     315.416        -381.400      35.415             137              38
  228          49.446    1041.586          16.128     633.959             228              41
  206         -73.396     575.187         177.886     247.442             206              38
  181          29.704     240.291         344.413     268.879             181              41
   25        -109.433     -27.259         -41.115    -103.225              25              38
  106        -244.838     469.204         134.384     596.959             106              41
   84         605.004    -253.918         372.453     -88.116              84              38
  191        -181.704     657.229          19.594     470.872             191              41
   73         917.836     109.325         766.674     142.581              73              38
   33         -38.017     274.974         498.000    -189.000              33              41
  191         -37.790   -1363.985         295.195    -680.465             191              38
  182        -206.208      48.123        -467.636     -57.847             182              41
  234         -27.232      72.371         280.075      -1.811             234              38
   36        -752.322    -166.401        -280.017     -55.565              36              41
   42         282.731    -700.502         365.410      -4.176              42              38
   59        -327.831    -403.735        -555.350    -380.773              59              41
   16        -152.727     298.680        -158.129     533.081              16              38
   58        -223.476     447.575        -268.129     133.959              58              41
  242        -480.140     720.783         198.740     843.580             242              38
   71         -72.104    -724.969         383.757     -78.851              71              41
  249         262.255    -600.729          42.518     286.400             249              38
  106         -62.599    -126.879         -53.617      67.864             106              41
  201         504.629    -484.827         171.763     699.082             201              38
  230          39.592     234.982        -282.859     -26.205             230              41
  125         -15.859     363.946         114.921    2817.243             125              38
