SINAL     NFT                         FFT                         NFT INVERSA     FFT INVERSA
-----     -----------------------     -----------------------     -----------     -----------
  147        8625.000       0.000        4745.062       0.000             147             115
  212         681.984    -100.948         191.464   -2663.223             212             139
  158         -77.202     339.920         145.838    -174.871             158             120
  140        -301.092    -191.529        -174.583    -813.646             140             103
   93         408.922     556.786         322.974     383.637              93              88
  216         449.439    -181.170         529.765    -705.850             216             141
   11          60.388    -247.755          86.370    -359.920              11              47
  119        -105.745      -7.969        -110.444    -345.977             119              92
  203         369.627     351.527         309.910      77.288             203             143
  149         -53.155     -59.406         164.315    -482.172             149             107
   82         134.281     -59.830         191.464    -206.606              82              82
  151        -557.067      74.180        -245.436    -429.397             151             108
  159        -281.986      43.674         199.470     192.591             159             121
  233         -66.014    -498.183        -178.640    -478.357             233             149
  156         -52.735    1010.808         186.669     620.563             156             119
  252         -21.577    -792.811         497.714    -666.295             252             159
   69        -131.001     -30.005         -83.000     169.000              69              76
  212         401.327    -781.716         518.066    -710.821             212             139
   69        -597.063     -31.185        -573.809    -121.777              69              76
   25        -213.956    -367.578         367.771    -209.744              25              45
  144        -354.464   -1051.168        -614.330    -332.544             144             113
   71         219.304     630.858         -97.956     412.687              71              68
  126         150.494    -147.497         138.175     132.301             126             104
  163         873.485     232.057         174.139     -84.748             163             114
  108        -631.650     867.512        -129.910     119.288             108              95
   61         -24.687    -225.016         388.431     215.669              61              63
  225         552.489    -189.230         373.996    -211.509             225             154
  247         -46.585    -510.393          83.630    -452.814             247             156
   41        -236.464     129.934        -288.114       6.503              41              62
   28           6.426     -73.810         303.786      52.382              28              47
  220         261.340    -491.875          75.298    -347.707             220             151
  254        -202.079    -317.347        -160.545    -353.599             254             160
   82        -447.000      -0.003        -522.000       0.000              82              44
   72        -202.082     317.347        -160.546     353.598              72              36
  116         261.326     491.883          75.298     347.707             116              44
   47           6.422      73.802         303.786     -52.381              47              36
  168        -236.454    -129.945        -288.114      -6.503             168              44
   17         -46.595     510.388          83.629     452.814              17              36
   11         552.484     189.240         373.996     211.510              11              44
  248         -24.703     224.993         388.432    -215.668             248              36
   61        -631.602    -867.549        -129.910    -119.288              61              44
   73         873.505    -232.013         174.139      84.748              73              36
  137         150.481     147.506         138.174    -132.301             137              44
    5         219.320    -630.835         -97.955    -412.687               5              36
  139        -354.516    1051.166        -614.330     332.543             139              44
  252        -213.972     367.561         367.770     209.745             252              36
   76        -597.053      31.158        -573.809     121.777              76              44
  133         401.306     781.724         518.065     710.823             133              36
  106        -130.998      29.985         -83.000    -169.000             106              44
  217         -21.604     792.785         497.712     666.295             217              36
  186         -52.687   -1010.827         186.670    -620.563             186              44
   50         -66.029     498.176        -178.641     478.356              50              36
  206        -281.977     -43.700         199.470    -192.590             206              44
  136        -557.044     -74.213        -245.437     429.396             136              36
  109         134.304      59.826         191.464     206.606             109              44
  235         -53.134      59.390         164.314     482.172             235              36
  148         369.663    -351.520         309.910     -77.288             148              44
  107        -105.725       7.962        -110.445     345.975             107              36
  211          60.408     247.750          86.370     359.920             211              44
   69         449.461     181.172         529.764     705.851              69              36
  105         408.968    -556.779         322.975    -383.637             105              44
  227        -301.064     191.511        -174.584     813.645             227              36
  217         -77.118    -339.929         145.837     174.871             217              44
  115         682.099     100.975         191.459    2663.222             115              36
