SINAL     NFT                         FFT                         NFT INVERSA     FFT INVERSA
-----     -----------------------     -----------------------     -----------     -----------
   62        8492.000       0.000        4439.062       0.000              62              68
  240        -265.476     -42.411         329.544   -2566.922             240             152
  183         121.416    -669.602          16.491    -192.698             183             129
  100          15.523     -36.905         122.312    -896.045             100              82
   44         122.992    -545.640         -41.838    -128.727              44              59
  165         288.180     126.342          46.291    -553.994             165             115
  140        -256.574     -90.874        -256.595     -30.541             140             107
  248         243.959     627.511          29.497     168.659             248             156
  178         636.142     452.390         634.047     232.285             178             126
  237         504.750    -243.719         627.353    -623.711             237             151
   55         180.998    -659.138         204.675    -645.320              55              65
   41        -241.845    -450.448        -307.098    -758.000              41              53
   14        -396.926     371.638        -373.193     122.306              14              44
  177         -28.366     110.735         257.678    -118.209             177             121
  182         240.771    -482.289          87.222    -363.865             182             128
  237        -178.938     157.763        -243.550    -448.172             237             151
  188        -538.008     331.993        -147.000     119.000             188             131
    2         -21.101    -327.037         132.584    -502.668               2              33
  179        -987.248     199.609        -650.078     -79.152             179             127
   49        -341.775     151.177         176.964     236.229              49              57
  223        -211.446    -488.992        -153.591    -388.605             223             149
   76        -727.383     302.746        -248.328     298.158              76              70
    8         433.970    -631.342         382.352    -191.250               8              41
  243        -625.984     -95.472        -580.678    -355.770             243             154
  177        -348.152     540.380         -32.048     640.285             177             126
   23         -94.768    -481.731         391.842    -346.093              23              44
  213        -406.132   -1044.052        -353.599    -112.215             213             144
  136         558.107     -22.844         -75.334     118.095             136             100
   23         377.376     269.741         148.622     280.362              23              49
  157         729.529    -169.324         467.595    -442.314             157             111
   96        -503.176    -392.659        -438.467    -435.729              96              85
  142        -102.439     336.835        -235.197     -13.281             142             103
   80        -880.000      -0.018        -308.000       0.000              80              40
  215        -102.414    -336.831        -235.198      13.281             215              35
  101        -503.174     392.647        -438.467     435.729             101              40
  255         729.537     169.354         467.594     442.315             255              35
  138         377.386    -269.720         148.622    -280.361             138              40
  189         558.091      22.885         -75.334    -118.094             189              35
  235        -406.192    1044.039        -353.599     112.215             235              40
  147         -94.797     481.709         391.842     346.094             147              35
   87        -348.137    -540.404         -32.047    -640.285              87              40
  174        -625.984      95.452        -580.679     355.769             174              35
  170         433.942     631.354         382.351     191.251             170              40
   94        -727.376    -302.783        -248.327    -298.158              94              35
   54        -211.464     488.977        -153.591     388.605              54              40
  191        -341.770    -151.203         176.964    -236.228             191              35
  114        -987.227    -199.653        -650.078      79.152             114              40
  216         -21.096     327.030         132.583     502.668             216              35
  101        -537.976    -332.022        -147.000    -119.000             101              40
   75        -178.905    -157.765        -243.551     448.171              75              35
  185         240.771     482.298          87.221     363.866             185              40
   84         -28.350    -110.745         257.678     118.209              84              35
  177        -396.893    -371.650        -373.193    -122.307             177              40
  132        -241.834     450.446        -307.099     758.000             132              35
   47         181.003     659.137         204.674     645.321              47              40
  229         504.766     243.717         627.352     623.712             229              35
   16         636.176    -452.382         634.048    -232.285              16              40
  121         243.992    -627.500          29.497    -168.659             121              35
   22        -256.561      90.870        -256.595      30.541              22              40
  146         288.209    -126.323          46.290     553.994             146              35
   72         122.993     545.648         -41.838     128.727              72              40
    3          15.556      36.903         122.310     896.045               3              35
  242         121.438     669.598          16.491     192.698             242              40
  142        -265.368      42.381         329.540    2566.921             142              35
