SINAL     NFT                         FFT                         NFT INVERSA     FFT INVERSA
-----     -----------------------     -----------------------     -----------     -----------
  102        8258.000       0.000        4567.062       0.000             102              89
  219        -141.945     -41.822          69.926   -2470.503             219             143
  192         308.341     373.355         497.871     302.276             192             134
  146         138.216    -765.895         608.307   -1409.711             146             106
  164        -172.613    -680.336        -129.096    -273.551             164             120
  180         332.661    -563.685         265.672    -894.698             180             123
  198        -497.082    -345.393        -521.479    -310.444             198             137
  232        -118.532      54.373         -81.795    -100.684             232             149
   28         218.128     260.308         -55.920     185.322              28              52
  125         218.091     361.119         447.295     -73.507             125              96
    4         296.903    -368.073         236.609    -301.954               4              40
   14        -121.323      95.380          89.637    -414.680              14              40
  157        -369.767    -244.568          21.034    -137.455             157             117
   26        -212.372    -593.035          70.325    -494.063              26              46
  241        -235.453    -365.149        -316.895      25.966             241             159
   48         452.352     -61.429         347.766    -233.561              48              57
  151        -591.998    -372.006        -435.000    -287.000             151             114
  108          14.948     -62.890         146.498     152.755             108              87
   87         267.035    -761.985        -175.000    -265.688              87              82
  115         776.793     779.193         122.165     216.357             115              91
   78        -435.493     196.353           8.107    -374.207              78              77
  220        -450.460     -91.871         -67.425     233.900             220             143
  103         613.683    -513.818         308.966    -346.649             103              90
  186        -334.658     -62.484        -267.630    -177.277             186             126
   98         271.876    -517.683         -12.080    -220.678              98              87
  205        -163.490     399.452        -588.248     -28.918             205             136
  229         -92.895     852.344         -58.876     572.571             229             153
  254         496.682     745.467         355.310     282.787             254             160
   14         133.852     216.580         607.956    -226.302              14              45
  234        -476.239    -779.493        -282.273    -686.444             234             150
  173        -460.548     759.989        -363.197     378.330             173             125
   35        -234.763     -12.810         295.946    -109.239              35              51
   91        -590.000      -0.019        -328.000       0.000              91              41
  180        -234.759      12.784         295.945     109.239             180              36
  143        -460.509    -760.010        -363.196    -378.330             143              41
   99        -476.254     779.468        -282.274     686.444              99              36
  111         133.882    -216.599         607.956     226.303             111              41
   89         496.720    -745.459         355.310    -282.787              89              36
  209         -92.860    -852.341         -58.875    -572.571             209              41
   49        -163.465    -399.437        -588.248      28.917              49              36
  223         271.860     517.710         -12.080     220.678             223              41
  122        -334.653      62.476        -267.630     177.277             122              36
   23         613.664     513.843         308.966     346.649              23              41
  137        -450.466      91.842         -67.425    -233.900             137              36
  100        -435.467    -196.379           8.106     374.207             100              41
   28         776.839    -779.148         122.165    -216.356              28              36
  166         266.999     762.010        -175.000     265.688             166              41
  236          14.938      62.892         146.498    -152.754             236              36
   17        -592.007     371.982        -435.000     287.000              17              41
  106         452.357      61.449         347.765     233.561             106              36
  220        -235.468     365.141        -316.895     -25.967             220              41
  203        -212.391     593.018          70.324     494.063             203              36
   48        -369.764     244.537          21.033     137.455              48              41
  166        -121.298     -95.396          89.636     414.680             166              36
  191         296.906     368.072         236.608     301.954             191              41
   72         218.118    -361.123         447.295      73.508              72              36
  223         218.146    -260.299         -55.920    -185.322             223              41
  170        -118.523     -54.371         -81.795     100.684             170              36
   14        -497.074     345.380        -521.479     310.443              14              41
  100         332.665     563.699         265.671     894.698             100              36
   16        -172.613     680.318        -129.096     273.550              16              41
  220         138.226     765.873         608.304    1409.711             220              36
   20         308.410    -373.369         497.871    -302.275              20              41
  100        -141.841      41.800          69.922    2470.502             100              36
