SINAL     NFT                         FFT                         NFT INVERSA     FFT INVERSA
-----     -----------------------     -----------------------     -----------     -----------
   71        7222.000       0.000        3557.062       0.000              71              68
    2        -390.754     511.449          48.857   -1845.840               2              24
  247         359.170    -386.740         448.277      94.781             247             156
  237         453.416    -498.038         272.541   -1155.994             237             142
   68        -155.372    -329.094        -185.459    -178.737              68              66
  194         494.457    -120.618         178.804    -538.667             194             120
   53        -279.710    -207.670        -129.348    -447.604              53              59
  143        -340.792    -669.840        -395.364    -443.877             143              95
  128         345.849     548.991        -348.897     237.316             128              96
   57          96.108     578.332         347.771      27.192              57              52
   25         327.493    -721.035          62.386    -683.568              25              45
   88        -645.014     438.039        -732.468    -223.813              88              67
    2        -430.865     569.363        -148.496     221.054               2              33
  125        -672.597      55.783        -337.207      43.048             125              86
  226         410.214     219.023         166.088     232.317             226             145
   88        -424.149     194.123        -356.893    -278.616              88              67
    9        -426.008     747.994        -116.000     488.000               9              37
    3        -562.871    -308.984        -141.470     -72.251               3              25
   22         593.799     570.705          83.159     643.210              22              43
   84          -9.648     137.703         291.722    -456.607              84              65
   76        -772.301     100.142        -599.182     293.296              76              70
  243         -23.895     527.048         148.578     337.458             243             145
   59         -83.486      78.302         -86.454     428.358              59              62
  139         721.657     684.226         389.718     353.438             139              93
  113         176.137     522.983         346.896     263.316             113              89
   93         396.992     115.200         471.559    -178.531              93              70
   92        -475.170     217.432         -68.103      89.549              92              78
  236         503.057      94.177         513.378     142.469             236             141
  176          18.523      97.684         289.138    -242.494             176             120
   16        -228.262    -433.501          97.537    -265.304              16              31
   35        -188.325     214.703          19.994      50.900              35              50
  206        -167.718    -911.659         238.413    -386.425             206             126
  121          82.000       0.008        -552.000       0.000             121              35
  142        -167.758     911.645         238.412     386.425             142              27
   73        -188.314    -214.726          19.994     -50.901              73              35
   45        -228.272     433.476          97.536     265.304              45              27
  226          18.539     -97.705         289.137     242.494             226              35
   20         503.062     -94.175         513.378    -142.468              20              27
  218        -475.157    -217.469         -68.102     -89.549             218              35
  226         397.007    -115.202         471.559     178.532             226              27
  229         176.163    -522.993         346.897    -263.316             229              35
  125         721.678    -684.200         389.718    -353.437             125              27
  171         -83.499     -78.308         -86.454    -428.358             171              35
   61         -23.887    -527.052         148.578    -337.458              61              27
   31        -772.298    -100.174        -599.182    -293.297              31              35
   85          -9.632    -137.710         291.721     456.608              85              27
  245         593.816    -570.679          83.160    -643.209             245              35
  199        -562.896     308.956        -141.471      72.251             199              27
  100        -425.975    -748.017        -116.000    -488.000             100              35
   56        -424.129    -194.135        -356.895     278.616              56              27
  255         410.225    -219.002         166.089    -232.316             255              35
   75        -672.596     -55.811        -337.208     -43.049              75              27
   80        -430.829    -569.377        -148.496    -221.054              80              35
   82        -644.970    -438.048        -732.469     223.811              82              27
   85         327.490     721.055          62.385     683.569              85              35
   79          96.151    -578.330         347.772     -27.191              79              27
  166         345.883    -548.956        -348.896    -237.316             166              35
   68        -340.808     669.844        -395.365     443.876              68              27
  128        -279.691     207.662        -129.348     447.603             128              35
   34         494.479     120.644         178.804     538.667              34              27
   17        -155.358     329.092        -185.459     178.737              17              35
  100         453.431     498.053         272.539    1155.994             100              27
  105         359.192     386.738         448.277     -94.781             105              35
  219        -390.644    -511.476          48.854    1845.839             219              27
