SINAL     NFT                         FFT                         NFT INVERSA     FFT INVERSA
-----     -----------------------     -----------------------     -----------     -----------
  189        7984.000       0.000        4164.062       0.000             189             125
   73        -346.980     126.136        -216.804   -2376.642              73              72
  164        -169.973     416.137         -24.655     551.230             164             112
  151         541.457     159.122         524.345    -575.974             151             111
  207         446.392     -73.233         443.637      97.059             207             134
   41         971.726    -381.713         611.913    -972.088              41              56
   26        -575.307      16.887        -347.698    -379.247              26              43
   14           0.972      14.737         176.146    -221.198              14              42
  133        -213.137    -210.778         -57.581    -333.017             133              97
   40        -407.290    -148.443        -168.093    -175.272              40              55
   11         115.551    -137.786          26.360     120.115              11              36
   26         559.173    -128.267         145.906    -289.970              26              48
  202        -192.727     480.685        -263.617     -79.542             202             131
  212        -538.313     284.718        -173.905      78.081             212             141
   47         -32.567     541.419        -150.783     533.138              47              54
  101         591.894     986.413         643.875     425.545             101              86
  246          18.997      -5.008         549.000    -192.000             246             153
  173         156.567    -363.330         282.058    -392.480             173             122
  167        -864.203      95.471        -259.933    -220.429             167             114
  111        -406.082    -333.069          98.085     381.523             111              91
  140         811.992    -346.507         415.385    -171.441             140             100
  101        -190.906      60.970         -69.286     -60.867             101              86
   38          83.643     -16.324         294.472       7.715              38              49
  193        -207.234    -584.426        -162.631    -187.868             193             132
  125         351.128     673.227         137.581     448.983             125              93
  162          88.918    -447.650         432.530    -212.601             162             116
  252         240.291      52.049        -113.452     -56.957             252             156
  133        -544.323      92.378          91.166     120.282             133             102
  104         478.354    -360.426         112.595     169.159             104              82
  204         122.817     305.121         188.260      61.383             204             137
   92         178.564    -164.104         119.689     296.354              92              76
   85         887.606     284.930         519.911     132.644              85              78
  109         198.000      -0.003         323.000       0.000             109              33
   13         887.613    -284.900         519.911    -132.643              13              38
  134         178.542     164.105         119.690    -296.354             134              33
  165         122.822    -305.120         188.259     -61.383             165              38
   32         478.325     360.442         112.595    -169.159              32              33
  255        -544.327     -92.411          91.166    -120.282             255              38
  100         240.295     -52.043        -113.453      56.957             100              33
  229          88.898     447.642         432.530     212.602             229              38
   33         351.149    -673.218         137.581    -448.983              33              33
  208        -207.265     584.416        -162.632     187.868             208              38
  219          83.641      16.315         294.472      -7.714             219              33
    9        -190.899     -60.984         -69.286      60.867               9              38
   36         811.970     346.533         415.385     171.441              36              33
  167        -406.114     333.035          98.085    -381.523             167              38
  160        -864.193     -95.525        -259.933     220.428             160              33
  125         156.568     363.316         282.058     392.480             125              38
  180          19.009       4.976         549.000     192.000             180              33
   91         591.938    -986.410         643.875    -425.544              91              38
   83         -32.552    -541.423        -150.782    -533.138              83              33
  239        -538.297    -284.741        -173.905     -78.081             239              38
  185        -192.688    -480.687        -263.617      79.541             185              33
  123         559.180     128.298         145.905     289.970             123              38
  109         115.544     137.792          26.360    -120.115             109              33
   98        -407.290     148.423        -168.093     175.272              98              38
   47        -213.127     210.763         -57.581     333.017              47              33
   33           0.992     -14.744         176.145     221.197              33              38
  209        -575.270     -16.915        -347.698     379.247             209              33
  156         971.748     381.745         611.911     972.089             156              38
   87         446.412      73.235         443.637     -97.059              87              33
   53         541.486    -159.115         524.343     575.975              53              38
  225        -169.918    -416.152         -24.655    -551.230             225              33
  109        -346.872    -126.150        -216.808    2376.640             109              38
