SINAL     NFT                         FFT                         NFT INVERSA     FFT INVERSA
-----     -----------------------     -----------------------     -----------     -----------
  196        8886.000       0.000        4700.062       0.000             196             134
  130         356.059    -123.912        -224.649   -2660.927             130             103
   53         316.769    1051.709         136.037     274.168              53              62
  133        -231.404    -240.962         153.685    -995.252             133             104
   14         160.183      64.493        -195.545    -152.118              14              43
  183        -795.954     564.075        -444.665      17.379             183             129
   35        1190.349     585.025         707.089     613.799              35              53
  250          93.436     191.644         153.417    -663.023             250             163
  168         220.572     820.332         314.965     571.889             168             120
  174         358.328    -416.445         685.012    -766.892             174             125
  194        -160.088    -159.331        -254.658    -163.570             194             133
  133          27.460     257.642         123.481    -121.380             133             104
   26         125.388     355.441         103.495     126.130              26              49
   44          51.566     164.468         273.430    -151.380              44              60
  211         213.880     311.663         253.554     -59.712             211             141
    2        -740.352    -140.508         -54.987    -350.663               2              39
  188         103.999     117.998         125.000     384.000             188             130
   89         262.071    -184.377         307.112    -408.218              89              82
   45        -325.569     745.645         -91.131     363.123              45              58
  179         -79.074    -419.233         725.793    -219.525             179             127
  230         118.416    -794.627         -26.750    -351.472             230             151
  190        -227.162    -427.296         -79.823    -313.744             190             133
  229         -13.808     338.588        -346.928     461.079             229             150
  255         460.952     256.781         704.308     181.822             255             165
  155         503.428    -435.661          83.034    -156.111             155             113
   27         533.601     394.815         392.966     -53.093              27              51
   71           4.011     215.299         -62.190     -24.120              71              71
   85         426.820     642.521         712.104     186.044              85              80
  238          44.018    -629.586         362.800    -709.720             238             155
   68        -452.327    -343.462         -19.806    -400.027              68              72
  252        -553.568    -757.948        -277.775    -461.564             252             162
  252        -364.051    -152.033        -371.903     152.546             252             164
  216         402.000       0.012         111.000       0.000             216              39
  155        -364.065     152.027        -371.903    -152.547             155              41
   69        -553.596     757.923        -277.775     461.564              69              39
  174        -452.324     343.429         -19.807     400.027             174              41
   68          44.014     629.561         362.799     709.720              68              39
   57         426.861    -642.528         712.105    -186.043              57              41
   83           4.033    -215.309         -62.190      24.120              83              39
   18         533.630    -394.794         392.967      53.093              18              41
   60         503.411     435.677          83.034     156.111              60              39
  110         460.955    -256.773         704.308    -181.821             110              41
   94         -13.804    -338.586        -346.927    -461.079              94              39
   76        -227.182     427.292         -79.824     313.744              76              41
  120         118.384     794.620         -26.750     351.472             120              39
  196         -79.093     419.198         725.793     219.527             196              41
  180        -325.530    -745.679         -91.130    -363.123             180              39
   21         262.072     184.378         307.111     408.219              21              41
  140         104.002    -118.007         125.000    -384.000             140              39
  174        -740.348     140.460         -54.988     350.662             174              41
   77         213.913    -311.672         253.555      59.712              77              39
   99          51.586    -164.479         273.429     151.380              99              41
  248         125.416    -355.446         103.495    -126.130             248              39
  184          27.484    -257.644         123.480     121.380             184              41
  218        -160.075     159.320        -254.658     163.569             218              39
   95         358.333     416.438         685.011     766.893              95              41
  245         220.625    -820.342         314.966    -571.889             245              39
   54          93.469    -191.649         153.416     663.022              54              41
  218        1190.382    -584.983         707.090    -613.798             218              39
  193        -795.921    -564.104        -444.665     -17.381             193              41
   62         160.218     -64.479        -195.545     152.118              62              39
  227        -231.369     240.946         153.682     995.251             227              41
  241         316.880   -1051.693         136.037    -274.167             241              39
  215         356.172     123.944        -224.653    2660.925             215              41
