SINAL     NFT                         FFT                         NFT INVERSA     FFT INVERSA
-----     -----------------------     -----------------------     -----------     -----------
  165        8943.000       0.000        4477.062       0.000             165             119
   20        -181.084     -37.861          11.377   -2590.122              20              43
   69         522.210     -28.150         -22.627     -61.111              69              71
  215        -328.051     281.588        -120.416    -741.749             215             141
   80         776.739     170.837         246.812      39.811              80              77
  221        -749.061     158.187        -213.817    -796.615             221             144
   82          23.385    -182.660        -137.744     314.537              82              78
  242         306.589      85.737         -13.237    -493.466             242             154
   14         -18.684     750.953        -311.061     426.240              14              44
  140         249.456     685.463         396.920     -36.061             140             103
  204          25.681     215.125          29.382    -128.502             204             139
   40        -700.580     388.751        -256.108    -155.691              40              53
  135        -146.601     846.957           1.081     680.301             135             104
   88          47.038     180.441         669.053    -163.483              88              77
  205        -357.431    -412.807         -61.119    -191.835             205             139
  252        -434.226    -329.725         -36.451    -142.230             252             159
  117          48.004     -28.999        -236.000     370.000             117              95
   39         463.121     336.974         390.669     204.156              39              53
  140         334.834     195.500          62.982     176.309             140             107
  171         466.152     386.828         469.348     100.691             171             119
  192         190.398     356.620          74.217      28.272             192             133
  188          82.731     304.965         577.238     126.126             188             127
   74         418.630    -507.626         149.125    -479.187              74              74
   65        -715.604     557.545        -180.788      80.392              65              66
   96          16.686    -263.052          99.061     258.240              96              85
   80         522.226     616.310         327.945     309.051              80              73
  108         407.674     160.323         592.472      99.520             108              91
  183         633.422    -137.108         565.680    -243.335             183             125
   91         299.434      -3.509         365.889    -428.217              91              82
  169        -515.143    -338.652          42.621    -540.677             169             118
  244        -534.987    -378.129        -228.471    -213.301             244             159
  147        -267.035    -303.789         -90.560    -120.770             147             107
  235        -155.000      -0.002        -244.000       0.000             235              40
  246        -267.049     303.777         -90.561     120.770             246              36
  140        -534.996     378.098        -228.471     213.301             140              40
  213        -515.134     338.612          42.621     540.677             213              36
  182         299.461       3.502         365.888     428.217             182              40
  107         633.430     137.113         565.679     243.335             107              36
  203         407.684    -160.329         592.473     -99.519             203              40
   47         522.246    -616.299         327.945    -309.051              47              36
   67          16.663     263.042          99.061    -258.240              67              40
  160        -715.575    -557.584        -180.788     -80.393             160              36
   11         418.623     507.632         149.124     479.187              11              40
  164          82.750    -304.983         577.239    -126.125             164              36
  168         190.422    -356.626          74.218     -28.273             168              40
  133         466.173    -386.816         469.348    -100.691             133              36
  189         334.841    -195.491          62.982    -176.309             189              40
  155         463.126    -336.956         390.670    -204.155             155              36
  178          47.988      29.003        -236.000    -370.000             178              40
  113        -434.248     329.702         -36.451     142.230             113              36
  100        -357.443     412.771         -61.119     191.834             100              40
   26          47.051    -180.468         669.052     163.484              26              36
  141        -146.564    -846.981           1.082    -680.301             141              40
   79        -700.550    -388.785        -256.109     155.690              79              36
  161          25.715    -215.133          29.382     128.502             161              40
   65         249.503    -685.459         396.919      36.062              65              36
  238         -18.635    -750.945        -311.061    -426.240             238              40
  254         306.609     -85.709         -13.238     493.466             254              36
   61          23.388     182.666        -137.744    -314.538              61              40
   38        -749.023    -158.219        -213.819     796.614              38              36
  122         776.783    -170.802         246.812     -39.811             122              40
  252        -327.999    -281.595        -120.417     741.748             252              36
  182         522.269      28.180         -22.627      61.111             182              40
  237        -180.972      37.858          11.372    2590.121             237              36
