SINAL     NFT                         FFT                         NFT INVERSA     FFT INVERSA
-----     -----------------------     -----------------------     -----------     -----------
  201        8210.000       0.000        4580.062       0.000             201             138
  235        -138.123    -246.936         -16.259   -2502.609             235             151
  128         279.938     452.188         198.366     184.947             128             102
   15        -205.468      68.429         272.097    -618.823              15              41
  230         962.618       5.265         650.373    -184.824             230             153
  167       -1247.521      -6.852        -250.700    -835.191             167             117
    9          58.238    -314.913         294.839     499.602               9              42
   77         387.209    -446.194         430.279    -667.979              77              72
  127         258.470    -289.920         180.907      35.765             127             101
  178           7.513    -298.154         255.923    -639.139             178             123
  176        -174.075    -824.497        -112.927     -32.816             176             126
   40         641.313     -50.387         -66.497    -233.079              40              54
   38         147.711     917.177          92.034     621.587              38              57
  101         840.578     171.256         837.440    -175.929             101              84
  112          42.083     -68.338         287.279    -165.955             112              94
  199         523.502    -328.747         560.570    -371.168             199             133
  116          66.999    -379.003         233.000    -434.000             116              96
  206         164.562    -690.906         106.342    -545.580             206             137
  112          96.566     209.273         -40.747    -151.073             112              94
  203        -217.407    -286.874         208.347    -459.123             203             135
  200        -464.904    -346.400        -239.623    -296.369             200             138
  191        -382.225    -430.429         -48.994    -216.699             191             129
   97        -238.145    -449.638        -223.880    -148.120              97              86
   47        -154.753    -446.259        -225.326     -46.005              47              57
  145         463.528     246.093        -118.907     235.764             145             110
   74         -19.232     425.146          -2.312      56.192              74              71
   91         128.337     518.207         150.036     394.072              91              83
  112         153.967    -120.244         382.996    -322.684             112              90
   90        -725.432       1.678        -322.785     105.220              90              83
  224         312.344    -441.778         324.873     183.953             224             146
  189         719.049     164.069         127.032      65.603             189             132
  249         165.755      27.628         346.699    -200.670             249             158
  149        -252.000      -0.008        -257.000       0.000             149              41
  139         165.765     -27.626         346.698     200.671             139              37
  252         719.054    -164.038         127.032     -65.603             252              41
  220         312.307     441.788         324.873    -183.952             220              37
  112        -725.438      -1.719        -322.785    -105.221             112              41
    6         153.969     120.237         382.995     322.685               6              37
   78         128.359    -518.212         150.037    -394.072              78              41
   30         -19.211    -425.142          -2.312     -56.191              30              37
  112         463.534    -246.058        -118.907    -235.765             112              41
   39        -154.782     446.266        -225.326      46.005              39              37
  118        -238.169     449.631        -223.880     148.120             118              41
   89        -382.241     430.409         -48.995     216.699              89              37
   26        -464.907     346.372        -239.622     296.368              26              41
  199        -217.399     286.853         208.346     459.124             199              37
  185          96.595    -209.273         -40.747     151.073             185              41
  248         164.550     690.909         106.342     545.581             248              37
  120          67.002     378.990         233.000     434.000             120              41
  140         523.503     328.748         560.569     371.168             140              37
    1          42.096      68.316         287.279     165.955               1              41
  102         840.595    -171.244         837.439     175.930             102              37
   31         147.753    -917.174          92.035    -621.587              31              41
  243         641.311      50.429         -66.498     233.079             243              37
   77        -174.110     824.490        -112.927      32.815              77              41
   15           7.511     298.142         255.922     639.139              15              37
  222         258.469     289.920         180.907     -35.764             222              41
  113         387.195     446.195         430.277     667.979             113              37
  234          58.223     314.892         294.840    -499.602             234              41
  226       -1247.493       6.777        -250.702     835.190             226              37
  104         962.656      -5.246         650.373     184.825             104              41
   50        -205.434     -68.459         272.096     618.822              50              37
   97         280.009    -452.188         198.367    -184.947              97              41
   54        -138.028     246.921         -16.263    2502.607              54              37
