SINAL     NFT                         FFT                         NFT INVERSA     FFT INVERSA
-----     -----------------------     -----------------------     -----------     -----------
  124        8245.000       0.000        4095.062       0.000             124              90
  246        -260.614     588.362        -105.008   -2065.239             246             159
  216         637.830     644.997         680.649     530.309             216             136
  100         418.918    -448.977         724.750   -1284.895             100              86
  159         102.195    -155.459         156.151    -245.440             159             108
   55        -297.079    -780.882         254.398   -1098.565              55              63
  222        -362.779    -448.062        -640.692     -52.620             222             139
  159         348.429     764.284         393.720     164.851             159             115
   59         246.475    -381.949         441.528    -306.562              59              58
   40        -170.049    -587.076           1.656    -575.051              40              56
   11         435.214     112.230         -10.428     250.779              11              34
   34         696.031     215.627         825.863    -452.994              34              53
   57        -421.429   -1084.770        -203.405    -827.585              57              57
   24          82.416      40.934        -220.305    -171.325              24              48
   39         -44.478     242.853         -49.303    -183.090              39              48
   85        -402.729     274.202         -72.284    -227.952              85              78
   94        -803.003      59.987        -161.000     -91.000              94              75
  237        -554.879    -411.369         -65.911     -19.716             237             154
  234         221.615    -189.708          95.060     100.113             234             145
   50         286.120    -239.714         200.865    -320.473              50              61
   48        -463.038     367.486        -249.721     -43.959              48              52
    0        -422.060    -332.063         298.167     -29.589              -0              36
  127          47.278    -553.492         -92.350    -323.681             127              92
  149        -574.669    -344.019          62.367    -174.795             149             110
  230        -166.453   -1119.946        -439.527    -342.562             230             143
  197         -87.856     494.553        -177.585     368.546             197             134
  117         -80.039    -587.588          26.256    -152.383             117              87
  179         -44.732    -167.483        -263.588     187.807             179             125
  242         498.273     -83.180          12.976     170.187             242             149
  100         442.879     557.779          88.909     290.933             100              86
  208         169.373      42.627         230.808     -79.791             208             132
   52         -20.132      44.316         -62.540     211.915              52              62
  159         777.000       0.015         480.000       0.000             159              31
  165         -20.137     -44.319         -62.540    -211.916             165              39
  146         169.376     -42.623         230.808      79.792             146              31
  231         442.900    -557.753          88.909    -290.933             231              39
   39         498.255      83.217          12.976    -170.186              39              31
   71         -44.757     167.494        -263.588    -187.807              71              39
  186         -80.076     587.587          26.256     152.383             186              31
   71         -87.846    -494.546        -177.584    -368.546              71              39
  152        -166.512    1119.949        -439.528     342.562             152              31
  117        -574.686     343.988          62.366     174.795             117              39
   33          47.255     553.484         -92.350     323.681              33              31
  190        -422.075     332.027         298.167      29.590             190              39
  230        -463.012    -367.516        -249.722      43.959             230              31
  147         286.119     239.724         200.865     320.474             147              39
  252         221.601     189.712          95.060    -100.113             252              31
   58        -554.904     411.333         -65.911      19.716              58              39
   61        -802.991     -60.038        -161.000      91.000              61              31
   31        -402.695    -274.228         -72.285     227.951              31              39
  242         -44.444    -242.854         -49.303     183.089             242              31
  159          82.436     -40.920        -220.305     171.324             159              39
   35        -421.447    1084.747        -203.406     827.585              35              31
  181         696.067    -215.615         825.862     452.995             181              39
  225         435.227    -112.213         -10.428    -250.779             225              31
  137        -170.062     587.064           1.655     575.051             137              39
   68         246.476     381.938         441.527     306.562              68              31
  224         348.470    -764.276         393.720    -164.851             224              39
  145        -362.785     448.053        -640.692      52.619             145              31
  198        -297.081     780.858         254.397    1098.565             198              39
   97         102.230     155.441         156.150     245.440              97              31
    2         418.944     448.966         724.748    1284.895               2              39
  254         637.905    -644.996         680.650    -530.308             254              31
   45        -260.488    -588.377        -105.011    2065.237              45              39
