SINAL     NFT                         FFT                         NFT INVERSA     FFT INVERSA
-----     -----------------------     -----------------------     -----------     -----------
   67        8115.000       0.000        4545.062       0.000              67              67
  194         -37.890    -439.408         -13.190   -2560.841             194             134
  141         612.073     262.164         228.462     177.363             141             104
   92         286.563     -91.741         345.549   -1200.669              92              83
  248        -369.665    -122.256        -330.988    -325.967             248             158
   86        -470.604     532.074        -185.830    -199.882              86              80
   91         -55.386      62.996         290.597      68.442              91              79
  193        -189.191    -240.802         -35.644    -454.051             193             134
  126          69.410     194.174         305.538     127.661             126              97
  179         -57.654    -918.735         108.149    -844.224             179             127
  241        -419.999     142.060        -408.136     -44.006             241             154
   27        -667.936    -374.973        -172.551    -149.588              27              51
   80         457.437      61.317          20.296     418.820              80              74
   34         533.497    -155.457         337.541    -400.846              34              54
  147         -34.087     548.270        -207.951     158.428             147             107
   34         -18.134       2.900         476.078    -256.742              34              54
  198        -289.999    -283.005        -271.000    -181.000             198             133
  109         -46.794      11.271         263.677     -73.698             109              92
   42        -237.910    -365.217        -203.283    -147.346              42              55
  141         392.471     -99.878         407.265     101.781             141             108
  127         711.355    -492.650         177.351    -630.498             127              97
  226        -613.280     181.759        -226.934    -402.522             226             150
  190        -624.589    -516.226        -358.891    -284.282             190             129
  211        -437.849      68.772        -352.735      17.105             211             143
  142        -271.412     -59.827        -179.538      23.660             142             105
  139        -393.692     167.737        -311.267      19.816             139             107
  187        -748.853     375.774        -205.962     418.252             187             127
   99         315.364    -559.443         343.088     219.433              99              87
   15         624.872     -80.215         121.342    -255.284              15              41
  157        -676.349    -206.380        -271.880    -114.579             157             116
  235         124.752      23.757        -182.837     333.676             235             151
  146         337.482     148.049         260.160     213.427             146             110
  176         565.000       0.011         210.000       0.000             176              37
  100         337.478    -148.032         260.160    -213.427             100              40
   86         124.737     -23.745        -182.836    -333.677              86              37
   72        -676.359     206.357        -271.881     114.578              72              40
  230         624.870      80.244         121.341     255.284             230              37
  107         315.319     559.449         343.088    -219.432             107              40
  184        -748.854    -375.814        -205.962    -418.252             184              37
  140        -393.686    -167.750        -311.267     -19.817             140              40
    7        -271.415      59.821        -179.538     -23.661               7              37
  158        -437.846     -68.783        -352.735     -17.105             158              40
   27        -624.601     516.201        -358.891     284.282              27              37
  141        -613.245    -181.784        -226.934     402.521             141              40
  119         711.357     492.682         177.350     630.498             119              37
  180         392.467      99.891         407.265    -101.780             180              40
   29        -237.926     365.201        -203.283     147.345              29              37
   26         -46.789     -11.281         263.678      73.699              26              40
  218        -290.002     282.984        -271.000     181.000             218              37
   55         -18.121      -2.916         476.077     256.743              55              40
  152         -34.048    -548.275        -207.951    -158.428             152              37
   74         533.500     155.483         337.540     400.847              74              40
    1         457.430     -61.295          20.296    -418.820               1              37
   91        -667.957     374.945        -172.551     149.588              91              40
  181        -419.980    -142.076        -408.135      44.005             181              37
  121         -57.674     918.725         108.148     844.225             121              40
   28          69.432    -194.187         305.538    -127.660              28              37
  117        -189.187     240.782         -35.645     454.050             117              40
  218         -55.367     -63.015         290.597     -68.441             218              37
  143        -470.557    -532.099        -185.831     199.882             143              40
  243        -369.627     122.241        -330.988     325.966             243              37
   97         286.612      91.747         345.547    1200.669              97              40
  164         612.140    -262.139         228.463    -177.363             164              37
   86         -37.805     439.403         -13.194    2560.839              86              40
