SINAL     NFT                         FFT                         NFT INVERSA     FFT INVERSA
-----     -----------------------     -----------------------     -----------     -----------
  173        7564.000       0.000        4203.062       0.000             173             118
  175        -555.614    -203.911         -93.083   -2555.666             175             122
    2        -865.236    -190.158        -374.491     179.498               2              33
   36         -14.585    -113.088          23.153    -438.363              36              52
   33         163.482     108.666          12.272     306.011              33              48
  118         367.719     553.175         286.054    -167.153             118              93
   72        -443.299     208.217         226.255     162.329              72              68
  169         216.736    -663.067         358.055    -298.178             169             119
  150         157.635    -119.779         -61.565      20.714             150             107
   50         347.616     405.710         302.767     237.244              50              59
   79         465.671      98.234         629.359      51.639              79              71
  212         405.010    -774.982         504.550    -467.248             212             140
  233         444.832    -331.213          20.408    -352.531             233             148
  132        -128.061     184.649         166.534      -3.922             132             100
  124         562.032    -898.041         312.827    -448.035             124              94
  150        -167.380     332.011        -511.350     -41.166             150             109
  148         571.992     716.003         653.000     641.000             148             106
   20         850.217    -518.181         668.799    -728.482              20              44
  160        -362.107    -124.741        -100.502    -374.435             160             112
  250         -82.647    -460.128         -44.848    -215.259             250             159
  223         357.919     218.153         132.813     -36.354             223             143
   13        -338.864    -334.834         -92.657    -337.679              13              41
   87         415.068     340.848          47.390     265.954              87              75
  202         -14.725      79.844         187.173    -370.235             202             135
  175        -167.646     442.213         -88.435     260.714             175             119
   30        -163.554     -41.234         468.264    -331.095              30              49
  176        -458.784    -559.016        -262.775     -57.929             176             120
   88         247.302      82.956         381.203    -100.318              88              78
  232        -506.223    -765.982        -181.493    -213.813             232             148
  102         591.093    -156.835         251.169     -78.777             102              85
   14        -521.334    -522.685        -278.063    -381.475              14              39
  174         103.740    -147.000        -188.307     232.706             174             121
   69         552.000       0.018         160.000       0.000              69              35
  116         103.722     147.016        -188.308    -232.706             116              37
   32        -521.355     522.668        -278.064     381.475              32              35
  180         591.085     156.860         251.169      78.778             180              37
   23        -506.259     765.953        -181.493     213.812              23              35
  220         247.305     -82.957         381.203     100.318             220              37
  250        -458.808     558.984        -262.775      57.929             250              35
   44        -163.547      41.205         468.263     331.096              44              37
  104        -167.616    -442.233         -88.435    -260.714             104              35
  118         -14.707     -79.850         187.172     370.235             118              37
  212         415.089    -340.830          47.391    -265.954             212              35
   45        -338.870     334.820         -92.657     337.679              45              37
  104         357.939    -218.139         132.813      36.354             104              35
   59         -82.660     460.123         -44.848     215.259              59              37
  137        -362.090     124.718        -100.502     374.435             137              35
  229         850.215     518.199         668.798     728.483             229              37
  245         572.023    -715.992         653.000    -641.000             245              35
  164        -167.362    -332.007        -511.351      41.164             164              37
  182         562.001     898.064         312.826     448.035             182              35
   97        -128.046    -184.663         166.534       3.922              97              37
  123         444.830     331.231          20.407     352.531             123              35
   46         404.984     774.982         504.549     467.248              46              37
   29         465.677     -98.240         629.359     -51.638              29              35
  133         347.631    -405.706         302.767    -237.244             133              37
   91         157.628     119.784         -61.565     -20.714              91              35
   25         216.705     663.060         358.054     298.178              25              37
  169        -443.283    -208.262         226.255    -162.329             169              35
   33         367.756    -553.171         286.053     167.153              33              37
  189         163.494    -108.660          12.273    -306.011             189              35
    7         -14.581     113.085          23.152     438.363               7              37
   18        -865.209     190.114        -374.491    -179.499              18              35
   69        -555.519     203.875         -93.088    2555.664              69              37
