SINAL     NFT                         FFT                         NFT INVERSA     FFT INVERSA
-----     -----------------------     -----------------------     -----------     -----------
   38        8008.000       0.000        4242.062       0.000              38              51
   79         513.316     -56.453         -40.101   -2493.923              79              74
  102        -109.895     407.901         -98.208     -65.940             102              83
  166         -19.192     233.794        -147.597    -759.497             166             118
   61        -287.854     671.190          32.907      -9.298              61              62
  232       -1162.693    -279.852        -251.418    -613.782             232             151
   83        -297.186    -678.362        -217.744     254.282              83              73
   71         791.976     216.883          52.941    -122.115              71              70
  181          29.117     191.938         269.872      -4.223             181             122
  215         237.193    -654.036        -191.425    -650.892             215             142
  168        -242.327     795.601        -325.709     262.724             168             116
    1         -28.467      -1.439          12.413    -236.397               1              35
  163        -542.251     597.150        -374.776     256.555             163             113
   41          93.998     150.666         210.309     280.877              41              55
  156         725.193     264.624         378.811       4.253             156             110
  172        -115.173      42.894          58.253    -458.455             172             121
  143        -424.005     155.994        -155.000      32.000             143             103
  118          66.616    -151.024          72.023    -269.273             118              94
  228        -573.466     226.053        -322.106    -133.974             228             146
  148        -614.635     -68.295        -356.325      75.415             148             109
   82           9.551     767.454         -62.002     489.435              82              73
   50        -225.353     158.308         207.659      65.860              50              60
   94         115.949     226.489         189.050     212.944              94              79
  192        -104.924    -354.201         155.108    -354.327             192             131
  130        -313.128     551.929        -261.872     357.776             130              97
   93        -106.074    -123.152         577.663      -4.820              93              81
  160         194.810    -526.098         -59.941    -112.635             160             112
   18         180.219     211.611         498.520    -112.977              18              44
  182        -267.445   -1190.516        -116.130    -584.418             182             123
  119           2.935       3.451        -208.324    -171.951             119              94
  144        -757.081    -397.297        -384.153    -113.304             144             104
  211         202.251     -49.327        -142.225     297.920             211             140
   56         480.000       0.015         189.000       0.000              56              35
   24         202.234      49.346        -142.225    -297.920              24              38
   34        -757.103     397.272        -384.153     113.304              34              35
  228           2.940      -3.442        -208.325     171.950             228              38
   45        -267.489    1190.499        -116.131     584.418              45              35
  218         180.234    -211.618         498.520     112.978             218              38
   48         194.785     526.095         -59.941     112.635              48              35
    4        -106.085     123.125         577.663       4.821               4              38
   15        -313.106    -551.953        -261.872    -357.777              15              35
   54        -104.934     354.187         155.107     354.328              54              38
  209         115.958    -226.500         189.050    -212.944             209              35
   46        -225.349    -158.332         207.659     -65.860              46              38
  240           9.578    -767.456         -62.001    -489.435             240              35
  241        -614.640      68.273        -356.325     -75.415             241              38
  201        -573.444    -226.077        -322.106     133.974             201              35
  114          66.623     151.025          72.023     269.274             114              38
   69        -423.985    -156.018        -155.000     -32.000              69              35
   33        -115.148     -42.905          58.252     458.455              33              38
  113         725.216    -264.599         378.811      -4.252             113              35
   40          94.000    -150.667         210.309    -280.877              40              38
   71        -542.221    -597.172        -374.775    -256.555              71              35
   49         -28.453       1.441          12.413     236.397              49              38
  166        -242.277    -795.598        -325.708    -262.724             166              35
  215         237.183     654.058        -191.426     650.892             215              38
  252          29.141    -191.938         269.872       4.224             252              35
  215         791.988    -216.839          52.941     122.115             215              38
  243        -297.223     678.353        -217.744    -254.282             243              35
  141       -1162.688     279.788        -251.420     613.781             141              38
  182        -287.784    -671.211          32.907       9.298             182              35
   23         -19.134    -233.792        -147.599     759.496              23              38
  185        -109.811    -407.897         -98.208      65.940             185              35
  193         513.426      56.486         -40.105    2493.921             193              38
