SINAL     NFT                         FFT                         NFT INVERSA     FFT INVERSA
-----     -----------------------     -----------------------     -----------     -----------
   21        8319.000       0.000        4505.062       0.000              21              44
   91        -302.354    -471.089         202.160   -2789.395              91              83
  232        -199.655    -341.096        -377.797      33.650             232             149
  164         390.087      86.395         470.104    -645.235             164             119
  165         355.941    -815.741         -26.904    -555.064             165             116
   87          -8.662     315.676        -224.971    -487.177              87              81
  242          18.545     183.668          24.010     -69.079             242             154
  102        -297.482    -192.377         -46.998    -648.470             102              88
   74        -455.164    -171.649        -483.593    -100.900              74              70
  139        -107.245     374.097        -134.399      13.325             139             107
   76          97.500     381.188          55.200     114.038              76              71
  123        -121.114     -19.654         180.717    -392.655             123              99
  201        -404.182     -93.895        -302.326    -255.965             201             134
  174        -748.849     -11.638        -183.348    -178.046             174             124
   95        -333.152    -360.521        -379.183      29.677              95              81
   90          71.171     427.262          27.078     115.017              90              82
  105        -352.000    -167.004        -116.000    -240.000             105              86
  178        -609.578     -81.558        -449.965       3.145             178             126
  246         -72.064     600.733        -158.214     409.712             246             156
  128        -446.032      49.305         122.028      44.130             128             101
  232          13.736     -84.189        -209.445     187.076             232             149
  249         -97.179     549.777         323.544     317.416             249             162
   93         363.447    -912.677         282.981    -285.098              93              80
  134          73.181      36.902        -179.903    -258.243             134             104
  170        -402.840     102.346        -206.407      81.101             170             118
  111        -229.594    -123.571          18.707      -3.347             111              93
   92          -0.734    -504.856        -271.098     -36.132              92              79
   82         170.832     601.938        -136.930     315.292              82              78
  117         178.504     189.965          66.675     203.977             117              92
  100         270.919     703.885         109.649     188.791             100              87
  125        -177.878     201.486         152.101      77.768             125              96
   66          87.842     441.824         137.999     114.346              66              70
  140        -427.000      -0.021         268.000       0.000             140              36
  232          87.865    -441.837         137.999    -114.345             232              40
   52        -177.864    -201.505         152.101     -77.768              52              36
  232         270.953    -703.877         109.649    -188.791             232              40
  128         178.510    -189.953          66.675    -203.977             128              36
  151         170.851    -601.917        -136.929    -315.292             151              40
  174          -0.765     504.869        -271.098      36.132             174              36
  195        -229.606     123.560          18.707       3.347             195              40
   24        -402.833    -102.362        -206.407     -81.100              24              36
  132          73.190     -36.891        -179.904     258.243             132              40
  232         363.406     912.684         282.980     285.099             232              36
   74         -97.164    -549.794         323.544    -317.415              74              40
   79          13.722      84.186        -209.445    -187.076              79              36
  125        -446.037     -49.333         122.028     -44.130             125              40
   83         -72.044    -600.735        -158.213    -409.712              83              36
  181        -609.583      81.540        -449.965      -3.146             181              40
   94        -351.999     166.988        -116.000     240.000              94              36
  119          71.192    -427.256          27.078    -115.017             119              40
  213        -333.169     360.512        -379.182     -29.678             213              36
  133        -748.842      11.604        -183.348     178.046             133              40
  156        -404.166      93.874        -302.327     255.965             156              36
   86        -121.094      19.642         180.716     392.655              86              40
    2          97.531    -381.188          55.200    -114.038               2              36
  134        -107.219    -374.094        -134.398     -13.324             134              40
   56        -455.155     171.640        -483.593     100.899              56              36
  136        -297.462     192.365         -46.999     648.470             136              40
    0          18.583    -183.667          24.010      69.079               0              36
  137          -8.616    -315.663        -224.971     487.177             137              40
   35         355.941     815.762         -26.904     555.064              35              36
  160         390.121     -86.382         470.103     645.236             160              40
  192        -199.624     341.088        -377.798     -33.650             192              36
  128        -302.265     471.065         202.155    2789.395             128              40
