SINAL     NFT                         FFT                         NFT INVERSA     FFT INVERSA
-----     -----------------------     -----------------------     -----------     -----------
   64        8671.000       0.000        4414.062       0.000              64              63
   35         239.814     214.710         269.354   -2612.854              35              55
  208        -262.792     -52.300         -31.689    -121.650             208             135
  241         262.552    -247.992         188.940   -1100.027             241             158
  205        -649.422     381.485        -477.319    -135.553             205             134
   30        -291.563     444.792         278.592    -147.303              30              53
  208        -439.041    -501.997         136.210    -549.874             208             135
   86        -927.231    -696.208        -386.169    -434.185              86              81
  125         111.178    -294.527          58.431      15.029             125              94
  154        -290.033    -855.410        -192.893    -735.882             154             115
  237        -531.441      50.975        -690.087     131.479             237             150
  115         -44.897     102.089         -26.069     112.293             115              95
  150        -113.393     192.154        -144.916      54.650             150             106
  121        -169.866    -370.585         -93.254    -139.784             121              98
  154        -139.008     675.331        -381.494     237.022             154             108
   26        -467.603    -105.314         199.756     121.982              26              51
  239         107.005    -233.997        -367.000     -60.000             239             151
   94        -266.976     486.291         -18.716     472.773              94              85
   32         496.021     133.090          -6.181      69.785              32              47
  107        -389.820    1008.060          51.343     624.134             107              91
   26         769.765     -95.941         790.519      15.764              26              44
  165        -474.118    -443.098         -37.116    -428.195             165             120
  231         109.852    -265.660          -9.526     165.022             231             147
  242         325.204     -98.947         155.535     -50.466             242             159
  114         314.816     229.476         171.569     -48.971             114              88
  195        -584.160    -488.650         -91.890    -351.137             195             135
  175         -36.976     -65.766        -348.730     240.113             175             119
   25         211.132     273.963         199.206     233.588              25              50
   46         197.047      13.392          87.717     -34.440              46              54
  190        -260.576    -288.569        -162.131       4.437             190             133
   91         603.377     734.329         -68.505     555.558              91              77
   82         248.138     783.846         588.986     278.207              82              79
  244         111.000      -0.013         397.000       0.000             244              35
   25         248.173    -783.854         588.985    -278.206              25              41
   25         603.399    -734.297         -68.504    -555.558              25              35
  111        -260.598     288.566        -162.132      -4.438             111              41
  207         197.046     -13.386          87.716      34.441             207              35
   91         211.135    -273.952         199.206    -233.587              91              41
   61         -36.990      65.772        -348.729    -240.113              61              35
  165        -584.179     488.623         -91.890     351.137             165              41
  206         314.835    -229.468         171.569      48.971             206              35
  144         325.197      98.962         155.534      50.467             144              41
  150         109.832     265.662          -9.525    -165.021             150              35
  116        -474.134     443.065         -37.117     428.195             116              41
  131         769.759      95.948         790.519     -15.763             131              35
  253        -389.785   -1008.088          51.344    -624.134             253              41
   76         496.021    -133.066          -6.181     -69.785              76              35
  237        -266.966    -486.296         -18.715    -472.772             237              41
   94         106.986     234.009        -367.000      60.000              94              35
  228        -467.613     105.289         199.755    -121.981             228              41
  180        -138.979    -675.332        -381.494    -237.022             180              35
   91        -169.881     370.586         -93.254     139.784              91              41
   61        -113.384    -192.156        -144.917     -54.651              61              35
  188         -44.896    -102.082         -26.069    -112.292             188              41
   10        -531.438     -50.980        -690.086    -131.479              10              35
   99        -290.059     855.406        -192.894     735.882              99              41
  145         111.167     294.529          58.431     -15.029             145              35
  229        -927.253     696.161        -386.170     434.184             229              41
  195        -439.037     501.955         136.209     549.875             195              35
  253        -291.518    -444.825         278.592     147.304             253              41
  192        -649.365    -381.515        -477.319     135.553             192              35
  115         262.592     248.001         188.938    1100.027             115              41
  109        -262.730      52.280         -31.689     121.650             109              35
   27         239.944    -214.706         269.350    2612.853              27              41
