SINAL     NFT                         FFT                         NFT INVERSA     FFT INVERSA
-----     -----------------------     -----------------------     -----------     -----------
  183        6876.000       0.000        3522.062       0.000             183             120
   92         152.532     252.856         107.420   -1921.652              92              73
   20         -71.239      40.029          62.558      15.351              20              38
  204         291.789     -38.697         158.005    -522.008             204             129
  156         489.617     234.083         205.023     -88.072             156             106
   39        -253.837     453.908          42.708    -285.933              39              46
   39         111.149    -137.552         431.701     -67.835              39              48
  142        -128.214    -557.712         -84.309    -613.947             142              98
   27          27.440     155.645         -23.068      92.447              27              42
  102        -154.700    -179.384         -49.224    -256.481             102              78
  127         274.787     193.858         115.044     120.726             127              92
  154        -451.574    -226.054        -254.629    -307.088             154             104
   57         487.790     689.886          57.888     735.199              57              57
  121         388.373     290.007         534.762    -388.235             121              87
   80        -664.717     119.261        -308.521     198.175              80              68
  175         238.536      74.417         392.453     114.199             175             114
   66          95.003     -99.000         -26.000     191.000              66              61
    6         746.508     440.580         472.163     274.628               6              30
  180         714.183     274.043         503.663     110.654             180             118
    0         623.934     224.651         590.000    -372.002              -0              27
  222        -461.823      90.843         -19.618    -122.246             222             139
  167         374.883      -6.003         582.734     -83.978             167             110
   91        -276.382    -650.539          89.746    -520.706              91              74
   46         250.999    -397.433         -28.061    -187.683              46              50
   77        -279.454     589.638        -148.933      16.447              77              67
  183        -133.984    -211.571         417.894     167.663             183             118
   63         598.638    -678.413         168.093    -546.036              63              60
   76        -553.653     311.122        -364.955      54.435              76              65
    4         376.400     191.058         336.707     322.482               4              30
   50         448.504    -183.902         407.956    -349.024              50              52
  218         -22.423    -125.688        -126.282    -308.940             218             137
  154        -352.143     538.186         -97.440     -53.450             154             104
   90        -938.000      -0.029        -101.000       0.000              90              31
  116        -352.103    -538.209         -97.441      53.450             116              30
  124         -22.409     125.686        -126.282     308.940             124              31
   26         448.508     183.912         407.956     349.024              26              30
   52         376.404    -191.052         336.707    -322.482              52              31
  213        -553.635    -311.142        -364.955     -54.436             213              30
   36         598.616     678.435         168.092     546.036              36              31
  171        -133.996     211.546         417.894    -167.662             171              30
   54        -279.422    -589.657        -148.932     -16.447              54              31
    9         250.991     397.446         -28.061     187.683               9              30
  148        -276.399     650.512          89.745     520.706             148              31
  105         374.893       5.994         582.734      83.979             105              30
  148        -461.802     -90.883         -19.618     122.246             148              31
  164         623.967    -224.643         589.999     372.003             164              30
   49         714.204    -274.028         503.663    -110.654              49              31
  249         746.521    -440.555         472.163    -274.627             249              30
  124          94.990      98.999         -26.000    -191.000             124              31
  196         238.530     -74.418         392.452    -114.199             196              30
  107        -664.709    -119.302        -308.521    -198.176             107              31
   37         388.398    -290.003         534.761     388.235              37              30
   54         487.816    -689.864          57.889    -735.200              54              31
  213        -451.582     226.040        -254.630     307.088             213              30
    8         274.803    -193.847         115.044    -120.726               8              31
   41        -154.702     179.377         -49.224     256.481              41              30
   82          27.457    -155.644         -23.067     -92.447              82              31
  220        -128.223     557.702         -84.311     613.946             220              30
   58         111.161     137.538         431.701      67.835              58              31
  164        -253.792    -453.932          42.708     285.933             164              30
  136         489.657    -234.064         205.023      88.072             136              31
  112         291.813      38.707         158.004     522.007             112              30
   89         -71.195     -40.038          62.558     -15.351              89              31
  160         152.634    -252.851         107.417    1921.651             160              30
