SINAL     NFT                         FFT                         NFT INVERSA     FFT INVERSA
-----     -----------------------     -----------------------     -----------     -----------
  219        7503.000       0.000        3747.062       0.000             219             133
   68        -180.866     279.379         145.363   -2023.776              68              69
  179         378.086     150.039         248.829      97.178             179             113
  114        -383.893    -175.956         227.790    -938.752             114              92
   46         -82.223    -401.222        -148.163     165.335              46              46
  132         623.205     -29.066         475.358    -286.067             132             101
  120         524.105    -182.019         117.882    -120.322             120              83
   90         522.922     177.879         365.290    -355.941              90              80
  109         -52.290      77.271        -103.373    -279.981             109              78
   35        -262.188     293.149          44.769      15.905              35              53
  206         189.529     188.051         200.828      19.362             206             126
   50        -243.969    -168.488         265.925     -70.730              50              60
  234         954.810    -631.836         381.552    -225.776             234             140
  106         275.890     179.966        -102.302    -506.777             106              88
   15        -554.589     854.085        -154.724     207.675              15              31
   14        -310.901    -425.830         218.361    -144.966              14              42
  205         174.996     344.000         -83.000     127.000             205             126
   27        -293.902    -235.216         356.304    -160.373              27              49
   43         -46.888    -293.500        -386.590    -134.718              43              45
  206        -438.028     475.961           5.422     496.193             206             138
    2         864.755      32.321         407.641     349.295               2              24
   94         562.767    -248.185         627.932    -310.072              94              82
  223         239.057    -281.997        -545.033    -280.695             223             135
   17          35.664    1794.026         198.297     892.934              17              44
  129         482.285    -102.730         667.373    -173.981             129              88
  127        -240.322     459.910          22.980     115.491             127              99
  161         325.973     214.636         542.539     168.739             161             104
  223         141.855    -223.349         475.180    -224.467             223             147
   98         238.670    -477.064         102.970    -395.594              98              72
   37        -365.295     401.554        -160.431      50.671              37              54
  178        -223.290     189.155          88.268     183.902             178             112
   39          -2.997     303.231         237.235     420.199              39              55
  254         807.000       0.004         788.000       0.000             254              26
  141          -2.997    -303.252         237.235    -420.199             141              39
   34        -223.287    -189.179          88.269    -183.902              34              26
  231        -365.271    -401.575        -160.431     -50.671             231              39
  166         238.661     477.066         102.969     395.594             166              26
   66         141.852     223.331         475.180     224.467              66              39
  171         325.984    -214.649         542.539    -168.738             171              26
  208        -240.297    -459.939          22.980    -115.492             208              39
   85         482.289     102.724         667.373     173.981              85              26
   53          35.743   -1794.029         198.298    -892.934              53              39
   23         239.054     282.023        -545.034     280.695              23              26
  157         562.762     248.205         627.931     310.072             157              39
  223         864.742     -32.295         407.642    -349.295             223              26
   22        -438.024    -475.981           5.423    -496.193              22              39
   61         -46.904     293.498        -386.590     134.717              61              26
   46        -293.909     235.191         356.304     160.374              46              39
  164         175.013    -344.001         -83.000    -127.000             164              26
  173        -310.918     425.803         218.360     144.966             173              39
  124        -554.534    -854.118        -154.723    -207.676             124              26
    7         275.925    -179.945        -102.303     506.776               7              39
  181         954.791     631.875         381.551     225.776             181              26
  227        -243.976     168.461         265.925      70.730             227              39
  205         189.545    -188.058         200.828     -19.361             205              26
  241        -262.163    -293.168          44.770     -15.905             241              39
   25         -52.261     -77.277        -103.373     279.981              25              26
   37         522.954    -177.858         365.289     355.941              37              39
  180         524.114     182.040         117.882     120.322             180              26
   34         623.211      29.090         475.357     286.068              34              39
   25         -82.231     401.211        -148.163    -165.335              25              26
  157        -383.869     175.923         227.788     938.752             157              39
   67         378.141    -150.038         248.830     -97.178              67              26
  169        -180.759    -279.394         145.360    2023.775             169              39
