SINAL     NFT                         FFT                         NFT INVERSA     FFT INVERSA
-----     -----------------------     -----------------------     -----------     -----------
  230        9118.000       0.000        4388.062       0.000             230             150
   67        -473.938     740.362          57.987   -2504.754              67              67
   60        -407.649     -94.239          40.578     199.739              60              65
  204          66.662     196.566         341.644    -761.947             204             136
  165        -286.383    -362.143         278.269     -22.124             165             117
  248         292.036    -821.290         282.635    -910.111             248             158
   43        -562.736    -222.435        -381.185    -164.688              43              56
   41        -150.889    -355.639         -25.996    -129.372              41              54
   59         623.070     165.718         128.861     181.891              59              64
  160        -170.200     -57.347         202.700    -586.474             160             114
  205        -911.409    -396.344        -659.488      82.569             205             137
    1         177.393     251.512           6.233     444.052               1              34
   38         587.502     585.951         147.306     653.792              38              54
  108         900.236     564.717         931.469     117.044             108              88
  181          47.510    -371.730         119.200    -195.405             181             125
  185         741.035     276.358         666.072     130.504             185             126
  237         219.006    -798.999         176.000    -635.000             237             153
  215         174.204     300.866        -115.148     113.240             215             141
   21         173.573     223.222         161.002       2.891              21              45
   90         139.053     510.629         189.649     306.790              90              79
  154         585.418     -97.254         639.588    -139.650             154             112
  106          -5.140    -160.396         -62.392    -343.095             106              87
  148         -76.103     533.096          64.887     328.957             148             109
  146         396.022      47.096         503.578     -43.949             146             107
   69        -207.075     115.704          17.139    -104.109              69              69
  255         -40.842      78.529         363.867     312.796             255             161
  113         814.722    -480.592         557.463    -206.398             113              91
   45         397.926      68.599         267.996    -202.470              45              56
  165         121.454    -117.348         290.837    -351.567             165             117
  223        -503.516    -279.209        -110.930    -270.156             223             145
  170          -5.900    -302.899          41.543      29.938             170             120
   35         219.931    -100.858          80.109    -123.648              35              51
   95        -148.000      -0.003         -71.000       0.000              95              38
  161         219.927     100.866          80.108     123.648             161              37
  166          -5.916     302.894          41.543     -29.938             166              38
  115        -503.520     279.176        -110.930     270.155             115              37
   97         121.467     117.339         290.837     351.567              97              38
  213         397.943     -68.593         267.996     202.470             213              37
  186         814.700     480.611         557.462     206.399             186              38
  243         -40.847     -78.553         363.867    -312.796             243              37
  222        -207.066    -115.731          17.139     104.109             222              38
  218         396.029     -47.097         503.578      43.950             218              37
  230         -76.078    -533.109          64.888    -328.956             230              38
  149          -5.134     160.390         -62.393     343.095             149              37
   60         585.422      97.262         639.588     139.650              60              38
  154         139.076    -510.636         189.649    -306.790             154              37
  104         173.588    -223.218         161.002      -2.891             104              38
  255         174.224    -300.854        -115.148    -113.240             255              37
  204         218.983     799.002         176.000     635.000             204              38
  204         741.051    -276.343         666.072    -130.504             204              37
  123          47.498     371.715         119.199     195.405             123              38
   31         900.260    -564.699         931.470    -117.043              31              37
  236         587.511    -585.929         147.306    -653.793             236              38
  162         177.379    -251.495           6.233    -444.052             162              37
  242        -911.431     396.309        -659.488     -82.570             242              38
  161        -170.186      57.334         202.699     586.474             161              37
  164         623.083    -165.691         128.862    -181.891             164              38
  175        -150.907     355.635         -25.997     129.372             175              37
  136        -562.731     222.410        -381.186     164.687             136              38
  127         292.021     821.291         282.634     910.111             127              37
  157        -286.377     362.104         278.269      22.125             157              38
   47          66.701    -196.587         341.643     761.947              47              37
    5        -407.603      94.200          40.579    -199.739               5              38
   89        -473.785    -740.393          57.983    2504.753              89              37
