SINAL     NFT                         FFT                         NFT INVERSA     FFT INVERSA
-----     -----------------------     -----------------------     -----------     -----------
  169        8498.000       0.000        4785.062       0.000             169             118
  205         131.027    -445.381         591.789   -2770.396             205             144
  169         186.101    -871.332          42.037    -442.546             169             118
  109          33.669      -1.594         -39.641    -987.290             109              96
  160        -169.623       2.459        -127.561     115.186             160             113
  122         389.209     304.030         343.594    -348.196             122             103
  239          77.245     -66.506         164.536     -92.202             239             153
   86         181.908     203.334         313.283    -445.876              86              85
  206        -580.547    -305.137         -92.958    -193.083             206             136
  163         142.367      47.475         239.645     -29.155             163             123
  211         183.193    -500.003         270.544    -311.731             211             139
  201        -103.814     193.981         -66.427    -212.029             201             142
  136        -455.166    -311.979         268.778      11.324             136             101
  174         449.644    -943.227         126.826    -300.787             174             129
  180         711.509      40.748         291.504     -52.284             180             123
  164         140.049    -407.264         115.017    -648.185             164             124
   80        -572.000    -138.005        -384.000     -44.000              80              73
   24         379.937    -246.278         151.485     120.414              24              54
  232         848.001     -17.758         248.995    -183.099             232             149
   79        -143.985      77.280        -164.317    -331.609              79              81
  117         175.085     382.504         -64.344     271.130             117              92
  146         224.441     490.104         263.721    -150.736             146             115
  154        -298.302     106.062          17.472      24.427             154             110
  105          37.981     -79.552         193.324    -248.935             105              94
   32        -153.453    -119.135        -141.042      96.917              32              49
  149         790.419     369.848         482.239    -191.566             149             116
  198       -1028.964    -143.615        -373.737    -485.985             198             132
  113        -431.044     129.768        -264.499     252.989             113              98
  191        -294.308     396.922         -32.873     174.992             191             129
   48        -488.584     120.643         118.186     207.292              48              66
   92        -102.778    -637.010          50.651      88.699              92              79
  130         682.745     301.260         199.247     337.271             130             107
   18         434.000       0.004         548.000       0.000              18              36
  169         682.744    -301.234         199.247    -337.271             169              45
  127        -102.827     636.997          50.651     -88.698             127              36
  238        -488.590    -120.684         118.187    -207.292             238              45
  213        -294.296    -396.945         -32.873    -174.993             213              36
   75        -431.040    -129.789        -264.499    -252.989              75              45
  131       -1028.949     143.564        -373.738     485.984             131              36
  208         790.454    -369.820         482.239     191.567             208              45
   99        -153.454     119.126        -141.042     -96.917              99              36
  216          37.985      79.544         193.324     248.935             216              45
   60        -298.285    -106.087          17.473     -24.427              60              36
  177         224.477    -490.101         263.721     150.736             177              45
   35         175.111    -382.492         -64.344    -271.130              35              36
  242        -143.965     -77.278        -164.318     331.608             242              45
  207         848.012      17.802         248.995     183.099             207              36
    2         379.919     246.299         151.485    -120.414               2              45
   35        -572.001     137.985        -384.000      44.000              35              36
   80         140.052     407.270         115.016     648.184              80              45
  205         711.520     -40.715         291.503      52.284             205              36
  172         449.597     943.242         126.825     300.787             172              45
   51        -455.182     311.940         268.778     -11.324              51              36
   57        -103.795    -193.997         -66.428     212.029              57              45
  195         183.183     499.999         270.543     311.731             195              36
    1         142.373     -47.484         239.645      29.156               1              45
  151        -580.544     305.097         -92.958     193.083             151              36
   36         181.941    -203.342         313.282     445.876              36              45
  104          77.266      66.497         164.535      92.202             104              36
   35         389.243    -304.022         343.594     348.197              35              45
  254        -169.597      -2.468        -127.561    -115.186             254              36
  179          33.710       1.598         -39.642     987.290             179              45
   15         186.123     871.332          42.036     442.545              15              36
  127         131.121     445.359         591.785    2770.395             127              45
