SINAL     NFT                         FFT                         NFT INVERSA     FFT INVERSA
-----     -----------------------     -----------------------     -----------     -----------
  232        7546.000       0.000        4073.062       0.000             232             143
   64        -201.118    -354.490          22.629   -2476.401              64              69
   15        -315.267    -248.516        -463.399     -51.026              15              34
   42           9.423     577.116        -147.452    -143.198              42              58
   62         471.506     578.229         326.429     163.141              62              58
   27        -903.492     184.320        -113.145    -239.854              27              50
  255         588.417    -472.751         394.459     376.340             255             154
   76         570.440     -80.984          79.919    -427.952              76              75
   45         292.828     516.389          78.698     546.990              45              49
  148        1091.289     129.256         652.641    -175.371             148             111
  154         380.961     403.272          33.381    -146.626             154             104
  248        -202.120     859.801         111.275     257.766             248             161
   16         776.418     259.410         787.895     210.518              16              35
  138         202.370    -191.538         411.748    -621.450             138             106
  226          -8.983    -284.708         101.838    -114.260             226             140
  164         320.374    -220.777         120.598    -447.347             164             119
  218        -308.006     281.998        -354.000       2.000             218             136
   34        -134.955     871.634         -25.470     487.213              34              54
  232         528.925     564.753         750.919     307.343             232             143
   25        -215.093    -473.551         153.032    -451.265              25              49
  164         586.031     341.549         249.450     488.774             164             109
  226         673.118     271.155         607.291    -446.277             226             150
  249        -480.923     408.691           0.215     127.775             249             151
   22         320.459    -193.455         616.819    -284.192              22              48
    3        -190.836      -1.624          19.301    -151.010               3              28
  100        -100.923    -302.405         434.683    -472.575             100              87
   75       -1035.016    -717.139        -623.785    -345.989              75              64
   11        -195.696     227.798        -146.327     494.107              11              42
  207         362.037     244.366         244.225     453.397             207             130
   74         837.571     148.875         691.727     -28.299              74              74
   95        -242.127    -144.869         -81.627    -290.153              95              74
  225          -7.691     508.841         141.507     416.533             225             149
  103         362.000      -0.005         624.000       0.000             103              30
  188          -7.673    -508.856         141.507    -416.533             188              40
  123        -242.125     144.849         -81.628     290.153             123              30
  148         837.580    -148.855         691.727      28.300             148              40
  112         362.029    -244.359         244.226    -453.398             112              30
  112        -195.707    -227.804        -146.327    -494.107             112              40
  111       -1035.047     717.090        -623.785     345.988             111              30
  103        -100.921     302.379         434.682     472.576             103              40
   21        -190.821       1.594          19.301     151.010              21              30
   18         320.462     193.442         616.818     284.193              18              40
  181        -480.889    -408.736           0.215    -127.776             181              30
  186         673.150    -271.143         607.290     446.278             186              40
  165         586.046    -341.533         249.451    -488.774             165              30
  244        -215.110     473.523         153.031     451.265             244              40
  140         528.953    -564.758         750.919    -307.341             140              30
   71        -134.919    -871.647         -25.469    -487.213              71              40
  190        -307.981    -282.005        -354.000      -2.000             190              30
   38         320.381     220.792         120.597     447.347              38              40
   29          -8.980     284.697         101.838     114.260              29              30
   98         202.383     191.525         411.746     621.450              98              40
   53         776.440    -259.404         787.895    -210.517              53              30
    2        -202.073    -859.823         111.275    -257.766               2              40
    7         381.002    -403.256          33.381     146.626               7              30
  241        1091.304    -129.212         652.641     175.372             241              40
  125         292.850    -516.374          78.699    -546.990             125              30
  232         570.439      81.016          79.918     427.951             232              40
  127         588.387     472.768         394.459    -376.339             127              30
   34        -903.478    -184.375        -113.146     239.854              34              40
  107         471.553    -578.217         326.429    -163.141             107              30
   10           9.467    -577.106        -147.452     143.197              10              40
  112        -315.236     248.515        -463.399      51.026             112              30
  243        -201.032     354.480          22.625    2476.400             243              40
