SINAL     NFT                         FFT                         NFT INVERSA     FFT INVERSA
-----     -----------------------     -----------------------     -----------     -----------
  101        8359.000       0.000        4051.062       0.000             101              85
  199        -148.429     224.283         266.400   -2378.176             199             128
   82         196.440    -423.525        -160.145    -252.872              82              76
   57        -586.268     709.843        -164.825    -593.867              57              57
  162        -253.563    -437.747          38.737     206.129             162             116
   33         495.495      90.534         139.091    -291.008              33              45
   96         200.991      73.620         263.991     167.634              96              83
  232         727.092    -423.834         323.345    -486.552             232             145
   56         340.381     253.989          12.413    -101.783              56              63
  118         113.694      91.247          43.965    -280.441             118              88
  253         174.143     586.036         188.512     223.740             253             161
  194         416.368    -798.923         406.816    -678.493             194             126
   22          89.512     618.820        -581.091      22.526              22              46
  213         193.686     946.345         623.665     257.022             213             135
  189         209.028    -271.472         198.421    -626.913             189             129
  105        -736.216     237.215        -165.407    -316.128             105              81
   54        -902.002      66.987        -411.000     -13.000              54              62
   27        -289.936     294.847         198.132     536.053              27              42
  255         627.714    -251.437         579.198    -193.408             255             162
  154        -103.523    -497.292         239.211    -213.129             154             106
  154        1050.210    -634.876         431.806    -571.966             154             112
    9        -574.936    -187.646        -392.644    -691.127               9              33
   50        -300.466     188.956        -282.538     -45.580              50              60
  191        -922.177      23.607        -297.476    -251.724             191             124
   40        -512.383       1.977        -328.413     284.217              40              55
  217           8.487      76.995         220.054      56.710             217             137
   42        -355.795    -386.045        -143.186    -281.651              42              56
   29        -643.198    -227.067        -446.754     215.682              29              43
   71         889.829     476.565         346.549     503.637              71              70
  250         -26.152    -119.542         262.667    -454.456             250             154
  104        -296.067     -58.080        -268.252     128.667             104              87
   91         203.989     -70.497         259.234    -157.744              91              74
  218        -467.000      -0.010        -388.000       0.000             218              38
   89         203.989      70.504         259.233     157.745              89              32
   73        -296.068      58.064        -268.252    -128.667              73              38
  203         -26.147     119.534         262.666     454.456             203              32
  232         889.839    -476.528         346.549    -503.637             232              38
  243        -643.224     227.047        -446.754    -215.683             243              32
  252        -355.812     386.025        -143.186     281.651             252              38
  203           8.487     -77.002         220.054     -56.710             203              32
   38        -512.390      -2.002        -328.413    -284.217              38              38
  212        -922.167     -23.649        -297.476     251.724             212              32
  135        -300.438    -188.965        -282.538      45.579             135              38
  139        -574.912     187.630        -392.645     691.126             139              32
   11        1050.204     634.919         431.805     571.966              11              38
   58        -103.539     497.273         239.211     213.130              58              32
  137         627.702     251.440         579.197     193.409             137              38
   73        -289.936    -294.878         198.133    -536.053              73              32
  208        -901.995     -67.038        -411.000      13.000             208              38
  103        -736.178    -237.255        -165.407     316.127             103              32
   90         209.049     271.463         198.420     626.913              90              38
   99         193.748    -946.351         623.666    -257.021              99              32
  125          89.561    -618.803        -581.092     -22.527             125              38
  144         416.354     798.941         406.815     678.493             144              32
  254         174.183    -586.038         188.512    -223.740             254              38
  210         113.717     -91.240          43.964     280.442             210              32
    3         340.414    -253.969          12.413     101.783               3              38
  227         727.088     423.866         323.344     486.552             227              32
  219         201.003     -73.617         263.991    -167.634             219              38
   49         495.505     -90.514         139.090     291.008              49              32
   27        -253.572     437.728          38.737    -206.130              27              38
   31        -586.203    -709.870        -164.826     593.866              31              32
  193         196.481     423.535        -160.146     252.872             193              38
  211        -148.310    -224.294         266.396    2378.175             211              32
