SINAL     NFT                         FFT                         NFT INVERSA     FFT INVERSA
-----     -----------------------     -----------------------     -----------     -----------
   68        7312.000       0.000        3503.062       0.000              68              60
  232        -339.221     403.873         -94.034   -1950.782             232             145
  110         224.229     324.309          28.750     316.597             110              81
   76         -44.902     419.249         354.483    -630.845              76              67
   32        -165.919    -359.030          40.763     -14.115              32              42
   99         304.733     -74.304         265.692    -369.561              99              79
   30         199.104      33.710         -20.765     -67.065              30              41
   43        -249.676     590.963         260.616      20.679              43              51
  186         401.322    -799.669         563.813    -143.505             186             119
  194         621.308    -483.039         276.647    -677.693             194             126
    5        -101.447    -348.810         -79.869    -408.270               5              28
   29        -295.717    -221.855        -151.662    -324.407              29              44
   54          -6.592    -407.530         -91.229     -94.727              54              53
   58         -15.810     -87.327        -188.081     -64.268              58              58
  198         883.672     140.503         323.540     328.774             198             125
    6         836.330      58.664         471.252    -621.649               6              32
  242        -316.006    -126.002        -270.000    -292.000             242             147
   32         409.747     167.708         204.383    -237.452              32              45
  176        -238.263    -196.858        -252.491    -574.770             176             114
  101        -684.825     559.040        -525.225      27.350             101              80
   24         -85.108     465.170         113.582     204.043              24              38
   70        -607.051     154.772        -136.379    -347.919              70              64
  207        -705.514     115.683        -238.248     386.618             207             129
  181         357.837     154.017         447.874     -73.999             181             120
   11        -577.313    -447.683         -35.813    -235.505              11              31
  171          61.779    -556.678          84.031    -365.006             171             115
  196        -643.728    -569.567        -603.191    -172.995             196             124
   65         654.522     754.183          39.711     491.296              65              62
  133        -146.402     261.667         388.884    -239.345             133              92
   56        -248.807    -784.065        -154.753    -497.278              56              57
   98        -690.064     223.170        -549.727     -87.766              98              75
  119        -520.284      90.685        -167.082     373.086             119              89
   53         496.000       0.009         238.000       0.000              53              29
  249        -520.291     -90.708        -167.082    -373.087             249              32
  158        -690.049    -223.191        -549.727      87.765             158              29
  118        -248.827     784.052        -154.754     497.278             118              32
  214        -146.375    -261.688         388.884     239.345             214              29
   47         654.554    -754.147          39.712    -491.296              47              32
  218        -643.756     569.554        -603.191     172.995             218              29
   39          61.758     556.678          84.031     365.006              39              32
  134        -577.326     447.643         -35.813     235.505             134              29
  127         357.845    -154.020         447.873      74.000             127              32
  250        -705.512    -115.725        -238.247    -386.618             250              29
  106        -607.031    -154.810        -136.380     347.919             106              32
   97         -85.074    -465.181         113.582    -204.043              97              29
  105        -684.783    -559.062        -525.225     -27.350             105              32
    5        -238.239     196.856        -252.491     574.770               5              29
   82         409.779    -167.687         204.383     237.453              82              32
   13        -315.983     125.993        -270.000     292.000              13              29
  125         836.360     -58.628         471.251     621.650             125              32
  240         883.681    -140.459         323.540    -328.773             240              29
  143         -15.817      87.337        -188.081      64.268             143              32
  169          -6.606     407.536         -91.229      94.727             169              29
   53        -295.716     221.845        -151.662     324.406              53              32
  180        -101.439     348.807         -79.870     408.270             180              29
  120         621.306     483.061         276.646     677.693             120              32
  146         401.292     799.664         563.813     143.505             146              29
  147        -249.642    -590.993         260.616     -20.679             147              32
    8         199.123     -33.706         -20.765      67.065               8              29
  230         304.743      74.312         265.692     369.561             230              32
  218        -165.916     359.008          40.762      14.115             218              29
    2         -44.853    -419.267         354.482     630.846               2              32
   31         224.286    -324.305          28.751    -316.597              31              29
  183        -339.111    -403.883         -94.037    1950.781             183              32
