SINAL     NFT                         FFT                         NFT INVERSA     FFT INVERSA
-----     -----------------------     -----------------------     -----------     -----------
  199        7730.000       0.000        4243.062       0.000             199             132
  199        -560.109     -60.373         129.530   -2383.061             199             134
  135        -106.482      69.035         106.984     357.970             135             100
  243         122.217    -155.713         737.233    -799.962             243             156
   27          97.715   -1064.458         178.473    -294.301              27              46
   34         354.350    -283.156         193.604    -713.621              34              51
  185        -396.038     -19.806        -210.687     211.805             185             125
   80         909.561      14.469         855.657    -148.534              80              74
  200          45.741    -739.695         109.572    -591.982             200             132
   28         270.556     -11.653         229.759    -215.095              28              48
   99        -137.540    -510.223         122.162    -428.772              99              82
  143         -18.558    -396.397          21.042    -273.356             143             106
   30         -80.518    -438.989          12.686    -170.239              30              47
   33         591.066    -596.195         211.258    -280.039              33              51
   78          29.160    -233.375        -335.598    -493.999              78              71
  100        -327.223     567.879        -411.763     410.149             100              84
  248         488.992     665.003         430.000     234.000             248             156
   92        -443.962     -39.374          21.318    -123.832              92              80
  146         168.195       9.550         271.343     257.313             146             105
  243         400.919    -568.517         226.840    -284.906             243             156
  159         393.633     590.380          -6.208     300.243             159             112
  165         455.056      94.081         643.981    -162.745             165             117
   71        -346.857      16.221        -257.570    -149.969              71              68
   23         443.345     396.404         636.732     505.548              23              46
  178         754.259    -333.692         672.429    -677.982             178             121
  236        -800.655    -622.118          14.253    -420.555             236             152
   13         456.604   -1155.161          -8.297    -502.488              13              39
  242        -154.925     331.484        -334.336     -80.857             242             155
  218        -126.834    -111.096          91.049     -71.818             218             141
   73        -236.859    -259.842        -282.335    -149.206              73              71
  102        -147.031     418.146         -80.337     292.185             102              83
   20          19.225    -336.211         190.701      91.235              20              44
  135         772.000       0.018         134.000       0.000             135              35
   52          19.199     336.208         190.700     -91.235              52              37
  164        -147.020    -418.153         -80.337    -292.185             164              35
  253        -236.870     259.837        -282.336     149.205             253              37
  162        -126.833     111.089          91.049      71.818             162              35
  180        -154.901    -331.479        -334.336      80.856             180              37
  134         456.558    1155.186          -8.297     502.488             134              35
   91        -800.668     622.066          14.253     420.554              91              37
  239         754.264     333.697         672.428     677.982             239              35
   17         443.360    -396.406         636.733    -505.547              17              37
  180        -346.851     -16.247        -257.570     149.969             180              35
    8         455.072     -94.076         643.981     162.746               8              37
  136         393.661    -590.365          -6.208    -300.243             136              35
  133         400.892     568.532         226.839     284.907             133              37
   21         168.187      -9.557         271.343    -257.313              21              35
  173        -443.960      39.339          21.318     123.832             173              37
  146         489.024    -664.991         430.000    -234.000             146              35
   83        -327.197    -567.880        -411.762    -410.150              83              37
  221          29.165     233.394        -335.598     493.999             221              35
  145         591.046     596.227         211.258     280.039             145              37
  135         -80.537     438.984          12.686     170.239             135              35
   18         -18.568     396.391          21.042     273.355              18              37
  235        -137.548     510.206         122.161     428.772             235              35
  202         270.571      11.655         229.760     215.095             202              37
   40          45.728     739.684         109.571     591.982              40              35
   61         909.568     -14.450         855.657     148.535              61              37
   84        -396.032      19.781        -210.687    -211.806              84              35
   74         354.355     283.167         193.603     713.621              74              37
  118          97.687    1064.442         178.473     294.301             118              35
    3         122.233     155.684         737.231     799.963               3              37
   13        -106.442     -69.066         106.985    -357.970              13              35
   32        -560.013      60.326         129.526    2383.060              32              37
