SINAL     NFT                         FFT                         NFT INVERSA     FFT INVERSA
-----     -----------------------     -----------------------     -----------     -----------
    9        8529.000       0.000        4329.062       0.000               9              43
  149         675.614     116.600         409.429   -2684.514             149             104
  187        -579.524     182.987        -359.862    -240.408             187             132
   74         152.318     161.948         344.053    -780.787              74              66
  158        -860.971    -304.813        -471.802    -707.258             158             117
  120       -1370.031     365.157        -573.674     109.761             120              89
  132         133.180    -350.944         310.593     253.373             132             104
  231         240.004    -371.280          73.630    -377.280             231             145
  245          69.811      -9.557          10.713      37.208             245             161
  233         372.782    -257.668         256.857    -156.734             233             146
   95         838.176    -189.449         294.277    -456.175              95              86
   13        -634.281     -84.234        -358.036    -646.641              13              36
  188        -324.017      75.837        -363.496     -12.227             188             132
  173        -768.254     436.602        -311.783     -35.312             173             116
   16        -184.130     -63.484          47.754     314.402              16              46
  179         247.531    -155.388         134.359    -256.002             179             119
   37         111.994     205.001          -6.000      32.000              37              57
   76        -172.653     144.933         175.002    -418.255              76              67
  167        -943.688    -383.425        -377.627    -354.584             167             122
  243       -1124.924    -173.567        -481.346      27.791             243             151
  204         105.370    -423.506          31.964     416.980             204             140
  186         533.770     -41.295         226.829    -370.211             186             122
  204        -860.309    -386.011        -359.305    -126.344             204             140
  193         128.534    -417.470        -172.452    -176.083             193             126
    0        -867.813     316.432        -608.713     203.208              -0              38
  191           7.807     -82.851         134.218     509.137             191             125
   36         746.409    -250.486         191.151    -108.296              36              56
  116        -393.013     179.955        -216.970     -43.903             116              87
   40         175.634    -272.150           7.334     257.949              40              58
   36         368.540     277.844           6.736     -78.667              36              47
   50        -190.104     160.037          29.021     359.106              50              63
  147         808.254    -292.642         396.625    -380.424             147             103
   67        -837.000      -0.014        -592.000       0.000              67              42
  209         808.247     292.677         396.623     380.425             209              32
   54        -190.102    -160.047          29.021    -359.106              54              42
   67         368.549    -277.822           6.735      78.667              67              32
   77         175.611     272.163           7.334    -257.949              77              42
  211        -393.007    -179.966        -216.971      43.903             211              32
   20         746.391     250.524         191.151     108.297              20              42
  254           7.779      82.851         134.219    -509.136             254              32
    9        -867.810    -316.459        -608.713    -203.208               9              42
   15         128.512     417.487        -172.452     176.083              15              32
  226        -860.323     385.976        -359.306     126.344             226              42
   98         533.772      41.318         226.828     370.212              98              32
  224         105.331     423.510          31.964    -416.980             224              42
  206       -1124.944     173.515        -481.346     -27.792             206              32
  141        -943.689     383.376        -377.628     354.583             141              42
  139        -172.624    -144.952         175.002     418.256             139              32
  169         112.018    -204.998          -6.000     -32.000             169              42
  109         247.528     155.396         134.358     256.002             109              32
   17        -184.137      63.468          47.754    -314.402              17              42
  167        -768.229    -436.636        -311.784      35.312             167              32
  222        -323.996     -75.843        -363.496      12.227             222              42
   37        -634.253      84.214        -358.037     646.640              37              32
   70         838.196     189.488         294.276     456.176              70              42
  251         372.778     257.683         256.856     156.735             251              32
  254          69.816       9.560          10.713     -37.208             254              42
  249         239.991     371.289          73.630     377.280             249              32
  233         133.155     350.937         310.593    -253.373             233              42
  224       -1370.008    -365.222        -573.674    -109.761             224              32
   76        -860.940     304.772        -471.803     707.258              76              42
   39         152.376    -161.952         344.052     780.787              39              32
  219        -579.445    -183.015        -359.863     240.407             219              42
   48         675.745    -116.572         409.424    2684.513              48              32
