SINAL     NFT                         FFT                         NFT INVERSA     FFT INVERSA
-----     -----------------------     -----------------------     -----------     -----------
   17        8115.000       0.000        4356.062       0.000              17              38
   67          -1.143    -152.669         198.533   -2606.424              67              72
  217        -182.821      36.280         -82.791      -4.966             217             138
  141          15.304    -206.462         349.214   -1045.661             141             109
  206        -542.413    -516.057        -307.829    -363.663             206             133
  134        -205.419    -379.726         -15.364    -594.419             134             105
  237        -277.998    -314.211        -405.549    -264.916             237             148
  177        -708.461     -20.113        -265.243    -303.476             177             127
   60        -266.082    -408.379        -483.544     215.110              60              60
  119         722.281     634.961         297.387     148.420             119              98
  125          11.712      59.504         -35.007    -332.395             125              92
    7        -737.958     506.297        -124.885     -71.953               7              42
  147        -377.828    -688.619         -86.644    -161.483             147             103
  219        -261.146     241.379        -224.256     -60.682             219             148
   79        -288.045    -380.826         -29.810      56.727              79              69
  172         117.593      50.341         -84.236    -248.107             172             124
  130        -875.998    -159.009        -371.000      72.000             130              95
   36         264.023     -88.057          32.784      62.537              36              56
  176        -586.990    -119.177        -427.942     -67.792             176             118
   69         -62.225     618.743         -78.975     679.088              69              73
  248         436.501    -400.070         573.997     -21.621             248             154
   70         457.074    -381.695         -92.601    -266.574              70              73
  211          93.075     107.928          97.588     -63.925             211             135
  220         -10.908    -443.113        -371.272    -416.990             220             148
   30        -507.931     989.618        -534.456     523.110              30              45
   93         349.884     466.337         396.026     348.574              93              85
  236        -184.769     287.691          15.420    -229.583             236             148
  116       -1066.028      -5.431        -275.757     152.096             116              96
  145         111.768    -179.515          48.477     424.200             145             102
  135         490.232     104.775         378.653      83.542             135             106
   73         -24.166    -436.578         -35.907    -122.622              73              66
   43         396.881     441.001          51.463     349.446              43              60
   32         377.000       0.003         519.000       0.000              32              33
  206         396.892    -440.983          51.463    -349.446             206              41
  254         -24.191     436.577         -35.907     122.622             254              33
   75         490.226    -104.761         378.653     -83.541              75              41
   16         111.736     179.514          48.477    -424.200              16              33
  179       -1066.037       5.374        -275.758    -152.097             179              41
   66        -184.745    -287.711          15.419     229.584              66              33
  218         349.904    -466.329         396.027    -348.573             218              41
   45        -507.889    -989.625        -534.456    -523.110              45              33
  128         -10.917     443.131        -371.273     416.990             128              41
  200          93.088    -107.915          97.587      63.925             200              33
  177         457.060     381.721         -92.601     266.573             177              41
  133         436.473     400.080         573.996      21.622             133              33
   65         -62.218    -618.748         -78.974    -679.089              65              41
  112        -587.001     119.161        -427.943      67.791             112              33
    1         264.012      88.072          32.785     -62.537               1              41
   99        -876.007     158.974        -371.000     -72.000              99              33
  209         117.600     -50.333         -84.237     248.107             209              41
  180        -288.063     380.813         -29.810     -56.727             180              33
  197        -261.136    -241.389        -224.256      60.681             197              41
   54        -377.855     688.596         -86.644     161.483              54              33
  116        -737.921    -506.338        -124.885      71.953             116              41
   50          11.740     -59.505         -35.007     332.395              50              33
  195         722.314    -634.922         297.388    -148.419             195              41
  236        -266.106     408.381        -483.544    -215.110             236              33
   89        -708.454      20.090        -265.243     303.476              89              41
  242        -277.991     314.206        -405.550     264.915             242              33
    0        -205.414     379.719         -15.365     594.419               0              41
   87        -542.403     516.028        -307.829     363.662              87              33
  149          15.339     206.449         349.213    1045.661             149              41
  103        -182.762     -36.298         -82.791       4.966             103              33
   47          -1.038     152.659         198.529    2606.423              47              41
