SINAL     NFT                         FFT                         NFT INVERSA     FFT INVERSA
-----     -----------------------     -----------------------     -----------     -----------
  114        7639.000       0.000        3407.062       0.000             114              84
  137        -125.478     636.038          24.441   -1891.040             137              95
  150         400.606     483.296          -3.733     166.265             150             102
   58        -402.154     747.431         296.171    -509.236              58              56
  133          56.692    -376.358         153.651    -149.071             133              93
   43        -544.503     387.168         -68.544    -304.210              43              48
    7           2.327    -173.151         358.896     332.695               7              30
   92         770.371    -709.683         555.478    -629.426              92              73
  118         228.503      33.624         -75.288    -320.808             118              86
   79        -520.366    -100.490          77.085    -380.383              79              66
  193         -75.912    -410.077        -158.924    -157.527             193             123
  129        -392.936    -145.257         -63.043    -202.304             129              91
    2         140.982    -168.483        -202.805     192.931               2              28
   33         414.717     464.639         433.080     100.728              33              43
  147         191.563    -584.532         172.945    -425.597             147             100
   20        -175.879    -123.539        -277.431    -199.702              20              37
  153         295.992     615.003         -11.000     329.000             153             103
   30        -128.322     347.900         454.616    -172.213              30              42
  119        -553.421    -808.456        -197.334    -227.208             119              86
  202         715.531      36.254         351.285     205.840             202             128
  235         310.051    -577.285         239.502    -802.882             235             144
   50        -918.681    -234.665        -777.856    -138.054              50              52
   23         252.402     236.727          56.487     353.032              23              38
  237         235.332     -23.426        -139.651     -71.744             237             145
   26         187.474    1025.625         121.288     339.192              26              40
   33        -261.758    -357.406         129.849    -238.101              33              43
  108         117.957     533.413        -169.214     141.499             108              81
  124        -595.107     249.404          43.006     143.194             124              89
   18         428.275     190.841         301.653     247.116              18              36
  229        -202.256    -379.147         127.206    -451.204             229             141
   63        -375.527     471.136        -371.123     398.899              63              58
  101         147.479     -83.117         557.782     136.371             101              77
  238         409.000       0.003          12.000       0.000             238              30
  137         147.466      83.109         557.781    -136.370             137              30
  247        -375.512    -471.158        -371.123    -398.900             247              30
   62        -202.266     379.132         127.205     451.204              62              30
  156         428.281    -190.838         301.653    -247.116             156              30
  234        -595.097    -249.440          43.006    -143.194             234              30
  136         117.985    -533.409        -169.214    -141.499             136              30
  194        -261.766     357.388         129.848     238.101             194              30
  129         187.527   -1025.620         121.288    -339.192             129              30
   40         235.334      23.448        -139.652      71.744              40              30
   35         252.404    -236.706          56.487    -353.032              35              30
    8        -918.685     234.639        -777.856     138.053               8              30
  221         310.046     577.298         239.501     802.882             221              30
   46         715.530     -36.226         351.286    -205.840              46              30
   70        -553.459     808.421        -197.334     227.208              70              30
  251        -128.295    -347.926         454.616     172.214             251              30
  204         296.025    -614.991         -11.000    -329.000             204              30
   25        -175.876     123.541        -277.431     199.701              25              30
   91         191.550     584.535         172.945     425.598              91              30
   97         414.740    -464.627         433.081    -100.727              97              30
   86         140.970     168.493        -202.805    -192.932              86              30
  122        -392.942     145.242         -63.044     202.305             122              30
  187         -75.922     410.069        -158.924     157.527             187              30
  249        -520.352     100.459          77.084     380.383             249              30
  202         228.531     -33.617         -75.288     320.808             202              30
   89         770.352     709.705         555.477     629.427              89              30
  237           2.319     173.127         358.896    -332.694             237              30
  183        -544.472    -387.207         -68.545     304.210             183              30
  125          56.702     376.341         153.651     149.071             125              30
  173        -402.084    -747.466         296.170     509.236             173              30
   51         400.680    -483.282          -3.732    -166.264              51              30
  108        -125.352    -636.033          24.438    1891.039             108              30
