SINAL     NFT                         FFT                         NFT INVERSA     FFT INVERSA
-----     -----------------------     -----------------------     -----------     -----------
  181        8270.000       0.000        4757.062       0.000             181             121
  139         -44.008    -611.960         370.566   -2741.907             139             113
   10         378.809    -970.067          84.734    -509.527              10              36
  147        -184.377     131.003        -530.670   -1008.100             147             117
  191        -397.202     839.467          38.639     438.960             191             126
   68        -528.209    -847.938         -39.175    -823.956              68              77
  244         -11.486     368.700        -421.474     724.609             244             153
  172         981.330     412.298         853.521    -157.242             172             129
  204        -413.964    -181.069        -217.043    -207.739             204             133
  238         454.221      72.512         414.486     151.108             238             162
  232         562.510    -199.542         171.124    -403.117             232             147
   43        -492.166     394.294        -165.265       5.238              43              65
  243         349.995    -119.121         226.598     182.364             243             152
   54         460.935     395.249         179.137     -37.422              54              70
  201         127.463     443.239         323.311      85.798             201             131
  156        -235.069    -113.812         156.893    -216.741             156             121
  123         104.003    -156.002         235.000     199.000             123              92
  168         678.534    -483.418         328.509    -357.803             168             127
  138          66.062     426.538        -119.122     188.209             138             100
  109         802.446     101.799         627.709      59.801             109              98
  233         476.894     286.672         188.973    -269.221             233             147
   44         -30.561     401.384         355.680      12.162              44              65
   16         403.025    -264.608         541.658    -353.406              16              39
   44         -35.009    -670.955          99.662    -785.260              44              65
   40        -660.042     -31.076        -506.957    -237.739              40              51
    4        -211.999      18.147         -28.079     142.660               4              45
  224         166.405     217.810          59.486      -0.473             224             143
  247          44.015    -188.544         200.320    -156.735             247             167
  243          50.288     193.262        -214.209    -260.625             243             152
  123        -738.191     448.252        -157.723     124.871             123             105
  158        -260.817     247.389        -175.717     130.091             158             110
  119        -409.949     846.139         129.903     596.221             119             103
  149         406.000      -0.011         806.000       0.000             149              34
   69        -409.920    -846.179         129.903    -596.221              69              47
  194        -260.808    -247.410        -175.717    -130.091             194              34
   92        -738.162    -448.288        -157.723    -124.871              92              47
  103          50.314    -193.258        -214.210     260.624             103              34
  125          44.018     188.543         200.319     156.735             125              47
  172         166.419    -217.808          59.486       0.474             172              34
  180        -211.997     -18.156         -28.079    -142.660             180              47
   59        -660.028      31.050        -506.957     237.739              59              34
  184         -35.009     670.945          99.661     785.260             184              47
  134         403.034     264.601         541.657     353.407             134              34
  184         -30.525    -401.406         355.680     -12.162             184              47
  254         476.928    -286.661         188.973     269.221             254              34
  250         802.458    -101.773         627.709     -59.800             250              47
   53          66.084    -426.535        -119.121    -188.210              53              34
   10         678.516     483.446         328.509     357.804              10              47
   28         103.991     155.993         235.000    -199.000              28              34
   49        -235.069     113.784         156.892     216.740              49              47
   81         127.496    -443.250         323.311     -85.797              81              34
    3         460.960    -395.233         179.137      37.422               3              47
   31         349.989     119.131         226.598    -182.364              31              34
  129        -492.140    -394.318        -165.265      -5.238             129              47
  161         562.518     199.564         171.124     403.117             161              34
   68         454.226     -72.499         414.487    -151.107              68              47
   58        -413.960     181.042        -217.043     207.739              58              34
  252         981.357    -412.265         853.520     157.243             252              47
   83         -11.476    -368.693        -421.474    -724.610              83              34
  113        -528.235     847.909         -39.177     823.956             113              47
   81        -397.138    -839.492          38.639    -438.960              81              34
  148        -184.325    -130.995        -530.672    1008.099             148              47
   16         378.827     970.086          84.734     509.527              16              34
  201         -43.927     611.936         370.562    2741.906             201              47
