SINAL     NFT                         FFT                         NFT INVERSA     FFT INVERSA
-----     -----------------------     -----------------------     -----------     -----------
  132       17581.000       0.000        9731.124       0.000             132             106
   31        -296.700    -582.544        -213.181   -5435.805              31              52
  255         883.027     223.587         634.297     -77.235             255             167
   65       -1122.960    -930.150        -552.664   -2496.119              65              69
  144         513.243     361.636        -135.318     529.512             144             112
  157        -279.057     319.490           4.948   -1451.655             157             115
    5        -792.558     313.624        -484.797     340.962               5              42
  247        -301.085     665.727         196.015    -339.531             247             160
  136        -186.410    -505.094         340.438     -23.650             136             108
  170         -29.659    -355.576        -176.711    -614.889             170             121
  214         398.660     459.137         515.660     264.299             214             147
   53        -605.304   -1170.047         -89.444   -1309.203              53              63
  156        -520.103     -84.766        -679.193     429.752             156             118
  171         327.625     316.839         142.164      29.531             171             122
  166         626.235     402.859         439.845     465.643             166             123
  216         769.336    -268.250         592.121    -818.590             216             144
  170        -598.803      74.434        -233.670    -204.994             170             125
  143        -206.255    -364.851          18.413    -278.374             143             108
  233         216.680     109.047         274.541     102.213             233             156
  169          14.158   -1309.575          44.470    -945.128             169             121
  125         155.779     673.049        -519.814     373.841             125             102
  103          84.259      51.725         664.273    -405.115             103              88
   14        -451.129   -1141.851        -544.480    -554.169              14              47
  218         174.376     272.909        -369.581      11.905             218             145
   19        -226.639     705.795        -149.196     309.931              19              49
  200         285.029    -404.908         120.038    -251.793             200             136
  164        -116.653     953.936        -538.026     255.099             164             122
  167         109.582     739.297         417.866     450.652             167             120
  165         489.943     466.706         345.391    -211.440             165             122
  184        -802.979    -114.856         -18.173    -367.610             184             128
   60        -389.678     378.592        -301.365     100.508              60              70
  153        -740.774     -82.824         237.693     102.879             153             113
   15         310.017    -684.995         -54.000    -233.000              15              47
  212        -304.228     136.394        -205.585     145.040             212             142
   13         924.797     617.648         233.856     208.293              13              46
  157        -948.613     570.857         123.328    -199.355             157             115
  227         -85.113    -797.544          60.825     -53.051             227             153
  244        -137.128      63.647        -238.275    -305.115             244             158
  139        -637.859     812.653        -216.171     526.465             139             109
    8        -314.068    -574.958         509.761    -102.520               8              40
   59         479.071    -852.011        -248.549    -190.711              59              69
  119         291.103     892.946          85.343     100.054             119              96
  106        -575.146     210.683         -51.531    -244.414             106              93
  163       -1339.655    -302.159        -372.025      -0.644             163             118
   34         257.551    -369.635         -46.263     245.839              34              57
   44        -463.768      88.038        -205.198    -167.492              44              58
  147        -434.942      -9.733        -411.683     331.735             147             113
  101        -671.004     369.578        -305.496     190.875             101              87
  177        -699.183     232.421        -478.330     823.006             177             128
  220         133.862     749.497         151.216     919.260             220             146
  231         720.264     585.197         694.229    1024.674             231             155
  126        1166.957    -444.128        1061.648    -266.649             126              99
  192        -118.497    -335.045        -298.607      11.344             192             136
  202         849.306     477.190         483.874     609.065             202             137
  129         875.189     513.656         501.732     231.071             129             104
  171         272.496     200.152         734.143      44.605             171             122
  213         634.025    -782.902         325.307    -128.292             213             146
  117        1118.765     458.039         558.699     -66.888             117              95
  167        -143.148     -31.241         220.606    -336.507             167             123
  109           9.619    -233.619         114.211    -229.465             109              91
  234        -724.770     137.768        -327.022     101.495             234             157
  239         380.564     115.648         509.672     706.697             239             156
  209        1136.172    -477.795         905.288    -357.794             209             144
  200          48.223   -1192.268          -0.607    -649.864             200             136
  211         531.000       0.050        -429.000       0.000             211              43
  152          48.131    1192.284          -0.610     649.864             152              39
   19        1136.123     477.849         905.287     357.794              19              43
  194         380.522    -115.655         509.672    -706.696             194              39
  246        -724.778    -137.848        -327.022    -101.495             246              43
  144           9.617     233.599         114.211     229.464             144              39
  140        -143.113      31.196         220.606     336.507             140              43
  133        1118.829    -457.956         558.699      66.888             133              39
  212         633.947     782.931         325.307     128.292             212              43
  134         272.508    -200.183         734.143     -44.604             134              39
   79         875.224    -513.614         501.732    -231.071              79              43
   65         849.305    -477.119         483.874    -609.063              65              39
  241        -118.552     335.033        -298.607     -11.344             241              43
   85        1166.889     444.182        1061.647     266.651              85              39
  169         720.235    -585.186         694.230   -1024.674             169              43
   17         133.828    -749.498         151.218    -919.260              17              39
   32        -699.240    -232.477        -478.329    -823.006              32              43
    8        -671.013    -369.626        -305.496    -190.876               8              39
   93        -434.966       9.707        -411.683    -331.736              93              43
  191        -463.771     -88.067        -205.199     167.492             191              39
  125         257.487     369.658         -46.263    -245.839             125              43
   78       -1339.699     302.022        -372.025       0.643              78              39
   71        -575.092    -210.763         -51.532     244.413              71              43
  194         291.208    -892.908          85.343    -100.053             194              39
   87         478.987     852.069        -248.549     190.710              87              43
  136        -314.145     574.888         509.760     102.521             136              39
  243        -637.792    -812.736        -216.171    -526.465             243              43
    0        -137.111     -63.649        -238.276     305.115              -0              39
   28         -85.180     797.509          60.825      53.051              28              43
  159        -948.534    -570.981         123.328     199.356             159              39
  215         924.872    -617.575         233.857    -208.293             215              43
    3        -304.224    -136.400        -205.584    -145.039               3              39
  188         309.948     685.014         -54.000     233.000             188              43
  218        -740.792      82.723         237.692    -102.879             218              39
   26        -389.632    -378.652        -301.365    -100.508              26              43
  191        -802.944     114.760         -18.174     367.610             191              39
  229         490.028    -466.702         345.391     211.441             229              43
  195         109.660    -739.304         417.867    -450.651             195              39
  154        -116.552    -953.920        -538.025    -255.100             154              43
  145         285.010     404.953         120.037     251.793             145              39
   69        -226.567    -705.800        -149.195    -309.931              69              43
  113         174.412    -272.841        -369.581     -11.906             113              39
  129        -451.203    1141.832        -544.481     554.168             129              43
   12          84.299     -51.739         664.271     405.117              12              39
  218         155.860    -673.009        -519.814    -373.842             218              43
  167          14.071    1309.589          44.468     945.129             167              39
   95         216.705    -109.052         274.541    -102.212              95              43
   25        -206.272     364.818          18.413     278.375              25              39
  171        -598.744     -74.502        -233.670     204.994             171              43
   99         769.369     268.292         592.119     818.591              99              39
   98         626.282    -402.826         439.846    -465.643              98              43
   35         327.639    -316.802         142.164     -29.531              35              39
  205        -520.112      84.749        -679.192    -429.753             205              43
  146        -605.359    1169.980         -89.446    1309.202             146              39
  242         398.745    -459.134         515.660    -264.298             242              43
  107         -29.662     355.563        -176.712     614.889             107              39
  126        -186.418     505.033         340.438      23.650             126              43
  194        -300.986    -665.793         196.014     339.530             194              39
  156        -792.453    -313.701        -484.796    -340.962             156              43
  191        -278.910    -319.513           4.944    1451.654             191              39
   97         513.387    -361.568        -135.317    -529.512              97              43
   21       -1122.867     930.059        -552.669    2496.116              21              39
  192         883.300    -223.530         634.297      77.236             192              43
   94        -296.292     582.500        -213.192    5435.802              94              39
