SINAL     NFT                         FFT                         NFT INVERSA     FFT INVERSA
-----     -----------------------     -----------------------     -----------     -----------
  201       16010.000       0.000        8642.124       0.000             201             133
   81         488.212    -206.339         629.562   -4978.351              81              75
  108        -187.338    -331.944          66.448    -400.518             108              87
  135        -191.232    -607.944         129.327   -1759.576             135             102
  112         592.671    -190.796         116.070     -48.129             112              89
  147          63.068    -363.820         382.769   -1596.629             147             108
  100        -770.794    -943.776        -944.196    -379.697             100              83
  248         497.441    1224.978          -3.050      32.333             248             159
  204         -68.396     194.455         200.169    -212.063             204             135
  226        -588.326     439.516        -283.926    -422.583             226             148
   98        -314.530     462.054         176.344     437.935              98              82
  145         -53.527    -391.567         401.858    -851.653             145             107
  137       -1390.036    -512.208        -859.918      14.315             137             101
   82         403.504     359.429         290.651     492.447              82              76
  146         318.500    -372.983          44.261     -26.535             146             106
  177         707.845    1135.687         271.581     591.849             177             123
  214         941.854     164.959        1026.176     -59.110             214             140
  143         305.571      53.798         302.986    -554.737             143             106
  172          10.415    -164.138         518.964    -296.672             172             119
    5        -376.111    -952.868        -191.468   -1037.072               5              37
   37        -699.095     254.040        -633.002     381.872              37              51
  107         491.744     644.526         512.503      85.816             107              88
   43        -799.540    -222.363         -39.153    -152.349              43              54
  245         179.937    -267.297         324.689      12.599             245             157
  147         108.266    -867.588         132.872    -384.586             147             106
  166         359.785      31.638        -237.289    -285.124             166             118
   54       -1137.880     653.370        -388.905     325.181              54              60
  129         640.137    -329.022         533.188     472.112             129              99
  212        1090.356    -235.541         330.566    -600.163             212             139
  140        -979.474     999.223        -649.755     156.267             140             105
  152        -129.391     527.255         529.215     692.558             152             109
  147         441.854    -364.202         362.705    -308.715             147             108
   91        -126.010     407.988         162.000     254.000              91              78
  181          33.667     -52.355         405.476    -185.161             181             125
  211        -445.999    -544.254         203.987      87.680             211             138
   59        1062.110    -679.883         350.370    -378.745              59              64
  146        -792.813     518.876        -160.707     102.625             146             106
  217         613.098    -930.337         503.091     -17.682             217             143
  177         252.844     191.456         124.242    -214.775             177             121
   62         -72.963   -1147.569         131.030    -407.767              62              66
   39         194.492     381.761        -560.682     141.278              39              52
   38         -34.019     643.779         462.547     447.582              38              54
  163         247.581    -542.058         103.172     -82.699             163             114
   41         794.433     291.091         505.847     158.656              41              55
   21        -140.409    -336.437         -20.981    -403.040              21              43
    2         381.021     361.472         204.971     463.646               2              36
   88         395.353    -257.069         562.023    -534.589              88              77
  197        -653.788    -678.290        -507.330    -192.140             197             133
  237         492.135     462.976          75.824     474.889             237             151
  151         415.103     184.579         302.568      79.931             151             110
  223         159.361     472.394         288.820     188.546             223             144
  177         241.050    -728.781         483.796    -270.083             177             123
   20         101.842    -258.583        -253.469    -156.940              20              43
  118         317.445    -149.333         190.531     279.017             118              94
   35        1077.223     325.947         -32.264     152.930              35              50
  175         750.899    1571.910         699.259     587.745             175             122
  248         181.630    -192.231         647.642    -486.198             248             157
   40         285.750    -446.574         328.935     -45.689              40              55
  129        1133.471    -206.893         376.039    -728.269             129              97
  126       -1066.841     614.758        -409.007    -114.105             126              98
  145         189.487    -184.251         209.442      52.316             145             105
   24          96.216     614.624         137.016     -38.506              24              47
  150        -353.318    -201.923         171.007    -374.357             150             108
   49        -657.730     260.775        -334.484      55.741              49              59
   48        -338.000      -0.034         280.000       0.000              48              36
   32        -657.694    -260.859        -334.486     -55.742              32              38
  240        -353.297     201.859         171.006     374.357             240              36
  205          96.303    -614.642         137.015      38.506             205              38
  105         189.485     184.247         209.443     -52.316             105              36
  167       -1066.736    -614.859        -409.007     114.103             167              38
  129        1133.515     206.991         376.037     728.269             129              36
  163         285.732     446.570         328.936      45.689             163              38
   49         181.647     192.180         647.641     486.199              49              36
  222         751.063   -1571.873         699.260    -587.744             222              38
  129        1077.246    -325.825         -32.264    -152.930             129              36
    5         317.407     149.382         190.532    -279.017               5              38
   84         101.808     258.601        -253.469     156.940              84              36
  254         240.985     728.775         483.796     270.083             254              38
   23         159.400    -472.415         288.820    -188.546              23              36
   41         415.115    -184.554         302.569     -79.930              41              38
   94         492.148    -462.921          75.824    -474.890              94              36
  107        -653.850     678.243        -507.331     192.138             107              38
   34         395.350     257.074         562.022     534.590              34              36
  185         381.049    -361.455         204.972    -463.646             185              38
   83        -140.428     336.415         -20.982     403.040              83              36
    2         794.460    -291.035         505.848    -158.655               2              38
  207         247.513     542.059         103.171      82.699             207              36
  109         -33.977    -643.801         462.548    -447.581             109              38
  202         194.516    -381.714        -560.682    -141.279             202              36
    5         -73.060    1147.569         131.029     407.768               5              38
  200         252.865    -191.450         124.241     214.775             200              36
  237         612.998     930.363         503.092      17.683             237              38
  236        -792.769    -518.966        -160.707    -102.625             236              36
   69        1062.051     679.963         350.370     378.746              69              38
   27        -446.069     544.171         203.988     -87.681              27              36
  215          33.663      52.300         405.476     185.162             215              38
  192        -125.970    -408.036         162.000    -254.000             192              36
  164         441.820     364.198         362.704     308.714             164              38
    3        -129.368    -527.318         529.216    -692.557               3              36
  161        -979.360    -999.307        -649.755    -156.269             161              38
   73        1090.370     235.647         330.565     600.163              73              36
  162         640.071     329.054         533.189    -472.111             162              38
  209       -1137.834    -653.476        -388.905    -325.182             209              36
   57         359.814     -31.584        -237.290     285.124              57              38
  154         108.196     867.594         132.871     384.586             154              36
   57         179.903     267.276         324.689     -12.599              57              38
  111        -799.547     222.249         -39.153     152.349             111              36
  128         491.812    -644.514         512.503     -85.815             128              38
  115        -699.065    -254.086        -633.002    -381.873             115              36
  234        -376.144     952.825        -191.470    1037.071             234              38
  157          10.461     164.089         518.963     296.672             157              36
  192         305.636     -53.822         302.986     554.738             192              38
  118         941.903    -164.931        1026.176      59.111             118              36
  119         707.938   -1135.638         271.582    -591.850             119              38
  101         318.453     373.016          44.261      26.535             101              36
   25         403.495    -359.397         290.651    -492.446              25              38
    4       -1390.083     512.087        -859.918     -14.316               4              36
   45         -53.518     391.519         401.856     851.654              45              38
  151        -314.458    -462.124         176.344    -437.934             151              36
  198        -588.231    -439.584        -283.927     422.583             198              38
   48         -68.299    -194.476         200.168     212.063              48              36
  178         497.601   -1224.906          -3.050     -32.334             178              38
   89        -770.799     943.752        -944.197     379.695              89              36
  192          63.157     363.818         382.766    1596.629             192              38
   39         592.767     190.839         116.070      48.129              39              36
  203        -191.148     607.910         129.324    1759.575             203              38
  122        -187.136     331.891          66.447     400.518             122              36
   61         488.631     206.335         629.552    4978.349              61              38
