SINAL     NFT                         FFT                         NFT INVERSA     FFT INVERSA
-----     -----------------------     -----------------------     -----------     -----------
   47       15629.000       0.000        8695.124       0.000              47              59
  105        1119.394    -834.755         737.113   -5326.508             105              85
  147        -852.848    -170.656        -573.790    -334.892             147             109
  249         880.654    -563.528         439.191   -1575.800             249             157
  211        -129.015     331.586        -522.411    -307.152             211             141
  111         190.472     275.981         342.984    -651.036             111              88
   25         -12.432     -27.552        -303.631    -288.245              25              48
  235         486.759     682.749         318.080    -214.161             235             150
   44         323.569     676.722         197.712    -315.238              44              57
   84        -767.132     488.351         298.858    -582.852              84              75
   47        -890.440    -580.292         -70.054    -343.147              47              59
  223          24.912    -835.040         425.320    -480.199             223             144
  249         292.659    -964.025        -137.357    -830.545             249             160
  138        -651.004     -47.130        -236.150    -413.358             138             102
  182          14.106    -882.409        -122.070    -468.544             182             126
  179        -345.514    -393.759        -388.374    -607.338             179             122
   70        -270.212    -173.135        -629.550     -88.724              70              70
  165        -217.784     426.842        -211.623    -106.711             165             115
   86        -556.481     133.458        -629.621      74.853              86              78
  239         -61.579     872.930         108.910     495.117             239             152
  178         417.947    -156.824         209.520    -135.124             178             124
   77          23.833     497.312         198.166    -183.351              77              71
  189        -371.011    -595.794        -153.216    -561.170             189             130
   31        -623.801     247.886        -406.318    -183.539              31              48
  151        -931.333     -96.139        -587.029      -7.144             151             111
  191        -200.467     719.200          94.757     634.786             191             128
  174         259.180   -1121.763         336.916    -748.058             174             122
  150       -1011.421      99.552       -1075.949     -99.213             150             108
   18        -415.999     377.735        -165.983     550.346              18              44
  185        -117.553      84.655        -197.096     313.064             185             125
   99         531.120      39.829         178.700     222.329              99              85
  249         -15.557     425.582        -438.852     187.851             249             157
  122         591.973    1333.012         318.000     833.000             122              96
   49         175.363     509.889         385.930      32.089              49              57
  186         512.512     695.509         446.811     348.628             186             128
  184        -102.231     248.097         477.754    -343.435             184             125
  170         -92.780    -135.504         216.403      25.154             170             120
  127          17.266    -309.733         365.915    -577.990             127              96
   64        -626.123    -406.268        -371.047    -105.327              64              67
  162         271.159      24.593         263.403     -45.160             162             114
  187         -30.489      -1.676        -151.460    -133.757             187             129
   42        -118.729     560.594         298.877     -51.214              42              54
  137        -686.380    -503.113        -174.514    -401.149             137             104
   60        -712.657     124.602         -97.054      29.580              60              63
  158        -430.364    -816.795        -209.488     -67.331             158             114
  226         377.887     684.686         199.270     338.496             226             146
  160        -342.299    -697.219         348.780    -529.888             160             115
  146        -517.987    -559.769        -499.501    -283.532             146             106
  149        -367.797     284.844         -62.450     203.276             149             110
   69        -749.516    -802.489          16.402    -401.338              69              67
  207        -733.144   -1116.610        -934.202     -74.798             207             139
   61          73.289    1264.162        -237.231    1101.169              61              63
  161         365.501     -42.079         627.463     372.973             161             116
  114         537.801     -41.853         456.705     181.588             114              90
  103         612.530   -1123.004         636.588    -476.323             103              87
  193          97.665    -844.743        -423.235    -413.989             193             129
  132         946.230     155.234          36.777     326.149             132             101
   44         361.183    1127.462         195.047     -45.427              44              55
    5        -561.046    -551.292         415.373      -8.159               5              38
  200         867.260   -1323.855         159.875    -711.351             200             133
  103         152.094    -111.707        -418.145    -112.620             103              87
   12         664.449     515.486         214.646    -107.481              12              39
   21        -249.107    -498.265        -231.018    -543.555              21              46
   11        -148.610    1089.074        -482.870    -100.315              11              38
   53       -2169.000      -0.108        -329.000       0.000              53              38
  253        -148.456   -1089.074        -482.872     100.314             253              36
   23        -249.092     498.274        -231.018     543.555              23              38
  148         664.533    -515.405         214.646     107.482             148              36
   21         152.107     111.776        -418.145     112.619              21              38
   62         867.146    1323.944         159.873     711.351              62              36
    5        -561.091     551.198         415.373       8.160               5              38
  147         361.310   -1127.443         195.047      45.428             147              36
   73         946.242    -155.102          36.777    -326.148              73              38
   75          97.580     844.790        -423.237     413.987              75              36
   85         612.423    1123.038         636.586     476.324              85              38
  105         537.762      41.858         456.705    -181.588             105              36
   99         365.443      42.076         627.463    -372.972              99              38
  122          73.325   -1264.132        -237.229   -1101.170             122              36
   36        -733.294    1116.592        -934.203      74.797              36              38
  137        -749.602     802.404          16.401     401.338             137              36
  113        -367.779    -284.890         -62.450    -203.276             113              38
   44        -518.033     559.725        -499.502     283.531              44              36
  139        -342.342     697.151         348.779     529.889             139              38
  181         377.939    -684.674         199.271    -338.496             181              36
   44        -430.458     816.747        -209.488      67.330              44              38
  255        -712.649    -124.691         -97.054     -29.580             255              36
    0        -686.396     503.019        -174.515     401.149              -0              38
  202        -118.647    -560.636         298.877      51.215             202              36
   34         -30.462       1.665        -151.461     133.757              34              38
  154         271.167     -24.577         263.403      45.160             154              36
  128        -626.145     406.200        -371.048     105.326             128              38
  149          17.270     309.696         365.914     577.991             149              36
   80         -92.767     135.443         216.403     -25.153              80              38
  202        -102.175    -248.165         477.753     343.436             202              36
  182         512.596    -695.510         446.812    -348.627             182              38
  178         175.418    -509.908         385.931     -32.087             178              36
  225         592.081   -1332.963         318.000    -833.000             225              38
   66         -15.532    -425.547        -438.853    -187.853              66              36
  175         531.101     -39.760         178.701    -222.329             175              38
   60        -117.586     -84.654        -197.095    -313.065              60              36
   80        -416.000    -377.750        -165.982    -550.346              80              38
    7       -1011.406     -99.597       -1075.949      99.210               7              36
   56         259.100    1121.780         336.914     748.059              56              38
  182        -200.424    -719.236          94.758    -634.786             182              36
    0        -931.339      96.069        -587.029       7.144               0              38
  251        -623.746    -247.928        -406.318     183.538             251              36
   28        -371.013     595.756        -153.218     561.169              28              38
  200          23.922    -497.325         198.165     183.351             200              36
  153         417.956     156.848         209.519     135.124             153              38
  208         -61.507    -872.933         108.911    -495.117             208              36
   40        -556.455    -133.478        -629.621     -74.854              40              38
  207        -217.719    -426.823        -211.623     106.712             207              36
   95        -270.197     173.162        -629.550      88.724              95              38
   50        -345.508     393.770        -388.375     607.337              50              36
   21          14.067     882.422        -122.071     468.544              21              38
  112        -650.959      47.082        -236.150     413.357             112              36
   53         292.631     964.054        -137.358     830.545              53              38
   19          24.866     835.006         425.319     480.200              19              36
   33        -890.445     580.147         -70.055     343.146              33              38
  232        -766.992    -488.483         298.857     582.853             232              36
  176         323.737    -676.727         197.712     315.239             176              38
  247         486.900    -682.705         318.080     214.161             247              36
   61         -12.351      27.561        -303.631     288.244              61              38
  200         190.593    -275.960         342.983     651.037             200              36
  212        -128.858    -331.570        -522.412     307.151             212              38
   29         880.748     563.622         439.188    1575.800              29              36
  225        -852.637     170.588        -573.790     334.891             225              38
  104        1119.766     834.825         737.103    5326.507             104              36
