SINAL     NFT                         FFT                         NFT INVERSA     FFT INVERSA
-----     -----------------------     -----------------------     -----------     -----------
  235       17435.000       0.000        8975.124       0.000             235             148
   76         552.056     272.730         827.150   -5078.162              76              78
  155         337.691    -490.853         327.328    -507.828             155             108
  227        -158.185    -549.684         256.682   -2111.720             227             153
  111         261.054    -596.138        -295.648    -306.055             111              86
  235           5.797     853.903          17.467    -853.190             235             157
  255        -404.552     377.425         -22.558     206.061             255             158
   61          67.907     299.754         686.874    -337.345              61              70
   23         867.679   -1251.199         726.202    -605.972              23              42
  126          66.547    -394.127        -200.698   -1193.683             126             103
  246          36.553     256.892         -48.635     201.507             246             153
   69         267.352     136.244         410.863   -1025.416              69              74
  221       -1755.733    -389.274        -742.391    -188.802             221             141
  162         413.873    -173.645         278.028     122.595             162             121
   86         305.684    -267.832         320.038    -394.897              86              73
  202        -403.885   -1042.187        -247.584    -784.224             202             141
  222         182.705     124.481        -617.930     227.463             222             141
  194         268.162    1046.684         202.791      91.136             194             137
  247        -459.640     137.652        -129.009      16.713             247             154
   17          28.296     275.683         104.935      48.584              17              48
  229         -91.067     195.706         -41.246      61.517             229             145
  198        -265.399     347.900         -47.500      91.022             198             139
  212         -44.652     462.813          -6.600     547.572             212             136
   15         747.280     706.071         613.078     433.175              15              47
   27         749.112     635.673         889.194     117.913              27              44
   56          12.568    -745.545         701.292    -773.937              56              68
  207         114.333    -657.797        -118.020    -411.926             207             134
  101        -291.515      95.746          31.037    -343.174             101              90
   69        -227.908    -205.517        -198.907     154.592              69              65
  168         383.718     413.851         367.644    -111.789             168             124
  118        -470.664      51.198          14.447     192.654             118              89
   29        1000.900    -660.287         955.124    -537.055              29              54
  138        -629.994    -917.006        -831.000    -938.000             138              99
  133        -513.103    1010.058        -389.613     439.570             133             106
  127        -681.549     -43.106        -281.958     151.946             127              94
  114         447.227     814.844         193.800     462.785             114              97
  193        -860.774     264.735        -101.339     -57.999             193             127
  200        -222.641      66.495           0.528     465.064             200             140
  252         -95.014     423.973        -118.331     390.555             252             156
   12         625.167    1156.815         691.355     837.884              12              46
  141        -316.861     -48.109         435.354    -281.495             141             101
   19         -90.247     250.132         306.609     653.985              19              49
   57         275.268    -378.990         794.374    -207.077              57              59
  107         319.265    -681.215         300.577     237.372             107              93
   24        1348.015     -60.923         899.641    -311.216              24              42
  164        -103.646    -519.167         211.081    -481.359             164             122
  245        -256.285    -232.040        -152.586    -558.274             245             153
   86       -1576.238     278.104        -449.316     684.365              86              83
  176        1335.347   -1005.498         999.930     103.463             176             118
  190        -119.857     158.673        -380.332    -162.470             190             135
  113         -26.410     332.431         830.163     833.377             113              87
  152        1312.052   -1948.285         742.648    -657.469             152             116
   59         925.111     163.722         211.090     -15.933              59              60
  176         710.113    -842.688         546.062    -471.484             176             128
  114         565.819    -145.073         -31.168    -347.544             114              87
   47         107.115    -466.184          59.786    -294.950              47              63
  144         348.041     397.070        -306.750      70.620             144             102
   21         172.396     543.567         474.976     339.931              21              50
  243         698.660    -488.850         332.594    -483.219             243             152
  131        -285.348     240.679        -161.653     -98.408             131             105
    9         -86.723      99.726          68.802     -29.044               9              35
  201        -520.781    -287.601        -113.155       4.909             201             140
  175         168.801     -67.043        -158.080     293.363             175             118
   11         467.064     689.185         328.410     782.674              11              45
  128        1573.000       0.045        1173.000       0.000             128              34
  103         467.075    -689.159         328.411    -782.674             103              43
  250         168.751      67.067        -158.080    -293.363             250              34
  104        -520.825     287.548        -113.155      -4.910             104              43
  147         -86.707     -99.751          68.802      29.044             147              34
  236        -285.299    -240.703        -161.653      98.407             236              43
  218         698.643     488.895         332.594     483.219             218              34
  114         172.449    -543.568         474.978    -339.931             114              43
  120         348.085    -397.016        -306.750     -70.621             120              34
  222         107.095     466.218          59.785     294.950             222              43
   52         565.833     145.137         -31.168     347.543              52              34
  156         710.057     842.748         546.061     471.485             156              43
   62         925.124    -163.635         211.090      15.933              62              34
   25        1311.844    1948.367         742.647     657.470              25              43
  239         -26.443    -332.499         830.164    -833.375             239              34
  106        -119.864    -158.696        -380.332     162.468             106              43
  230        1335.201    1005.578         999.930    -103.463             230              34
  194       -1576.266    -278.280        -449.315    -684.366             194              43
   36        -256.281     231.999        -152.587     558.273              36              34
  181        -103.648     519.123         211.080     481.359             181              43
  129        1348.018      60.999         899.640     311.218             129              34
   29         319.171     681.196         300.578    -237.372              29              43
   42         275.200     378.938         794.373     207.078              42              34
   74         -90.260    -250.213         306.611    -653.985              74              43
  251        -316.873      48.006         435.354     281.495             251              34
  178         625.246   -1156.817         691.356    -837.883             178              43
   67         -95.019    -423.995        -118.331    -390.556              67              34
  235        -222.670     -66.536           0.529    -465.064             235              43
   22        -860.753    -264.840        -101.339      57.999              22              34
  115         447.293    -814.817         193.801    -462.785             115              43
  129        -681.567      43.045        -281.958    -151.946             129              34
  145        -513.002   -1010.077        -389.611    -439.571             145              43
  221        -630.019     916.982        -831.000     938.000             221              34
  114        1000.872     660.340         955.123     537.056             114              43
  176        -470.653     -51.282          14.448    -192.654             176              34
  247         383.767    -413.839         367.644     111.789             247              43
  141        -227.920     205.487        -198.907    -154.593             141              34
  233        -291.480     -95.779          31.036     343.174             233              43
  198         114.314     657.788        -118.021     411.925             198              34
   91          12.547     745.476         701.291     773.939              91              43
  226         749.196    -635.688         889.194    -117.912             226              34
  163         747.330    -706.046         613.078    -433.174             163              43
   40         -44.635    -462.834          -6.599    -547.573              40              34
   25        -265.370    -347.932         -47.500     -91.023              25              43
  112         -91.037    -195.723         -41.247     -61.517             112              34
   17          28.329    -275.691         104.935     -48.584              17              43
  148        -459.603    -137.707        -129.009     -16.713             148              34
  187         268.284   -1046.649         202.791     -91.135             187              43
  155         182.729    -124.410        -617.930    -227.463             155              34
  162        -403.945    1042.173        -247.586     784.223             162              43
  176         305.695     267.840         320.038     394.897             176              34
   43         413.851     173.665         278.028    -122.595              43              43
  202       -1755.727     389.102        -742.391     188.801             202              34
   48         267.455    -136.249         410.860    1025.416              48              43
  133          36.646    -256.889         -48.635    -201.507             133              34
  145          66.597     394.144        -200.700    1193.683             145              43
  161         867.638    1251.229         726.201     605.972             161              34
  213          67.974    -299.818         686.873     337.345             213              43
   59        -404.444    -377.499         -22.557    -206.061              59              34
  204           5.980    -853.898          17.465     853.190             204              43
  109         261.130     596.177        -295.648     306.054             109              34
   53        -158.061     549.651         256.678    2111.719              53              43
  252         337.905     490.833         327.328     507.828             252              34
   69         552.545    -272.730         827.141    5078.160              69              43
