SINAL     NFT                         FFT                         NFT INVERSA     FFT INVERSA
-----     -----------------------     -----------------------     -----------     -----------
  155       15528.000       0.000        7890.124       0.000             155             107
  146         578.527     288.119         410.286   -4409.323             146             106
  138         563.737      58.826         219.833    -347.338             138              98
  174        -555.698     135.134        -218.060   -1661.246             174             120
   75         -61.568     539.098        -120.408     403.151              75              67
  151          15.678     328.100         406.420    -533.484             151             108
  147        1221.379      77.777         663.852     144.027             147             103
  193         332.009     273.071         582.635   -1154.695             193             129
   60        -299.191    -341.157          92.721    -301.334              60              59
   19         -90.551    -288.246         139.950   -1054.537              19              42
   72       -1135.597      -0.794        -440.558     -26.463              72              65
   76        -173.681    -614.544         271.562    -387.841              76              71
  121           7.999    -473.534        -150.470    -134.259             121              90
  187         -86.745    -289.671         119.126    -342.298             187             126
   60         275.555    -601.339          -6.739     -10.668              60              59
   25         569.553    -369.276          -5.274    -667.356              25              45
  245        -737.183     907.388        -710.121     601.040             245             152
  107        1162.746     106.544        1127.266     212.060             107              86
  189         207.541    -584.254        -181.889    -780.812             189             124
  218        -124.872     493.859        -146.504     311.507             218             142
   45         570.547     558.100         308.782     257.625              45              52
  225         639.847     -22.769         734.784    -134.988             225             145
  243         485.710      40.331         160.259    -408.568             243             151
   75         -54.625    -328.641         570.098    -296.894              75              70
  171         860.740   -1148.649        -187.236    -842.040             171             115
  137          52.061    1432.959         -11.324      30.721             137             101
   77        -759.361    -676.854         -79.214    -770.470              77              68
   18        -693.059     271.125        -602.397     163.040              18              42
  153        -168.323    -192.614          75.646     -26.551             153             106
   48         398.533     107.373        -267.199     237.959              48              57
  240         590.723    1155.434         402.330     103.764             240             149
   51        -368.104      51.195          53.506    -124.069              51              58
  124         269.977     426.000         203.000    -311.000             124              91
   13       -1523.982     133.746        -597.529     -49.153              13              39
   92         416.481     522.526         371.303     547.298              92              75
   58        -369.597    -138.650          77.019    -456.075              58              62
  143        -467.950     593.145        -164.991     454.978             143             101
  123          11.215    -131.877         546.479     -97.433             123              94
  198        -480.304     -43.533        -253.306    -191.444             198             128
   68       -1017.884     234.119          34.663     454.298              68              67
   17         425.370   -1003.400         492.987     230.676              17              38
  104        1669.114    -307.465         612.847     -95.106             104              85
   61         244.471     424.486         422.912    -576.538              61              60
   36        -794.943   -1227.953        -132.882    -535.261              36              51
  232         171.496    -266.276        -322.711    -372.329             232             145
  185       -1256.575    -133.677        -758.954     197.911             185             125
  182         815.660     776.967         108.531     930.495             182             120
   16         592.331     376.551         720.218     204.376              16              41
   76         889.168    -112.586         448.121    -214.960              76              67
   96          -2.983     245.438         157.026    -160.257              96              81
   71         250.064      84.251         355.583    -195.284              71              65
  117        -606.480    -435.971        -166.967    -386.309             117              91
  159         -11.962     221.251          19.027     221.611             159             109
   96         -82.945    -548.911         107.554    -161.873              96              81
   55         639.489     433.274          61.123     236.226              55              57
  176         183.640     345.111         418.945      -4.560             176             121
  127         301.110     164.103         501.529    -276.619             127              93
   65        -981.598   -1110.704        -178.337    -738.770              65              65
   35          15.605     -75.209        -281.411     293.858              35              47
  244         401.093    -435.694         245.546    -218.586             244             155
  178         383.697     756.064          19.125     102.504             178             118
  218        -491.168   -1024.266         251.930    -730.505             218             142
   18         -71.279     186.161       -1026.610      44.418              18              38
   64        -434.921    1627.198         256.515     697.536              64              65
  252        -308.000      -0.056         430.000       0.000             252              32
   11        -434.773   -1627.256         256.516    -697.535              11              36
  186         -71.248    -186.122       -1026.609     -44.421             186              32
  114        -491.225    1024.223         251.927     730.506             114              36
  151         383.792    -756.042          19.125    -102.504             151              32
  131         401.056     435.742         245.545     218.587             131              36
  196          15.579      75.217        -281.410    -293.859             196              32
  134        -981.674    1110.596        -178.338     738.769             134              36
  161         301.166    -164.133         501.529     276.619             161              32
    4         183.695    -345.125         418.945       4.561               4              36
   32         639.527    -433.219          61.124    -236.226              32              32
  244         -83.002     548.899         107.553     161.873             244              36
  171         -11.948    -221.268          19.027    -221.611             171              32
    5        -606.497     435.901        -166.968     386.309               5              36
   59         250.106     -84.264         355.584     195.285              59              32
   34          -2.926    -245.458         157.026     160.256              34              36
  104         889.181     112.638         448.120     214.960             104              32
  207         592.351    -376.527         720.218    -204.375             207              36
    4         815.671    -776.888         108.532    -930.495               4              32
   90       -1256.615     133.605        -758.954    -197.913              90              36
  215         171.482     266.316        -322.711     372.329             215              32
  212        -795.021    1227.868        -132.883     535.261             212              36
  103         244.566    -424.497         422.911     576.539             103              32
  254        1669.087     307.605         612.847      95.107             254              36
   56         425.213    1003.397         492.987    -230.675              56              32
   21       -1017.909    -234.260          34.664    -454.298              21              36
   77        -480.302      43.455        -253.306     191.443              77              32
  222          11.206     131.829         546.479      97.434             222              36
   17        -467.900    -593.221        -164.990    -454.978              17              32
  199        -369.587     138.589          77.018     456.075             199              36
   54         416.518    -522.523         371.304    -547.298              54              32
   92       -1523.950    -133.896        -597.529      49.151              92              36
   78         270.068    -425.999         203.000     311.000              78              32
  240        -368.054     -51.254          53.505     124.069             240              36
    5         590.861   -1155.388         402.330    -103.763               5              32
   61         398.545    -107.310        -267.198    -237.960              61              36
  132        -168.348     192.608          75.646      26.551             132              32
  112        -693.021    -271.176        -602.396    -163.042             112              36
  194        -759.358     676.772         -79.216     770.471             194              32
  141          52.265   -1432.941         -11.322     -30.721             141              36
   53         860.696    1148.752        -187.237     842.039              53              32
   36         -54.615     328.609         570.098     296.895              36              36
  253         485.762     -40.319         160.258     408.568             253              32
  219         639.875      22.793         734.784     134.989             219              36
   25         570.601    -558.071         308.782    -257.624              25              32
  246        -124.816    -493.852        -146.503    -311.507             246              36
  115         207.531     584.277        -181.890     780.811             115              32
  219        1162.754    -106.471        1127.267    -212.057             219              36
  131        -737.104    -907.433        -710.120    -601.040             131              32
  111         569.552     369.365          -5.276     667.355             111              36
   49         275.507     601.373          -6.739      10.668              49              32
  123         -86.764     289.661         119.126     342.298             123              36
   91           7.970     473.527        -150.470     134.258              91              32
   97        -173.727     614.501         271.561     387.841              97              36
   80       -1135.551       0.666        -440.557      26.461              80              32
  234         -90.492     288.211         139.948    1054.538             234              36
  198        -299.125     341.087          92.720     301.334             198              32
  128         332.144    -273.088         582.633    1154.695             128              36
  239        1221.459     -77.710         663.852    -144.026             239              32
  219          15.762    -328.131         406.419     533.485             219              36
   24         -61.432    -539.115        -120.408    -403.151              24              32
   66        -555.527    -135.180        -218.064    1661.245              66              36
  146         563.982     -58.784         219.833     347.338             146              32
  163         578.964    -288.069         410.277    4409.321             163              36
