SINAL     NFT                         FFT                         NFT INVERSA     FFT INVERSA
-----     -----------------------     -----------------------     -----------     -----------
  109       17645.000       0.000        8975.124       0.000             109              90
  174         539.140     234.588         493.997   -5265.375             174             121
  154        -122.020    -342.182        -151.192    -474.410             154             113
   53        -421.123     270.468        -305.882   -1594.317              53              61
  148         -58.240     535.405         110.259     510.677             148             110
  205         798.153    -659.160         821.660   -1237.146             205             137
  127         464.698    -538.088        -303.199    -720.416             127              99
  162        -589.913     707.765        -370.131    -553.860             162             115
   73          37.611     331.276        -169.698     258.522              73              72
  123         153.789    1089.649         363.535     -96.425             123              96
  211         174.612    -163.477         443.804    -348.722             211             141
   51        -792.669     173.592        -180.317    -541.026              51              60
  231          61.285    -410.244         317.660      -7.613             231             151
  201        -332.921    -302.484        -208.527    -763.072             201             135
   95        -210.858     153.972         -48.565     245.888              95              83
   17        -691.319    -244.276        -223.941    -560.307              17              43
  251          40.447     371.660          32.845     944.925             251             161
  148         927.698    -610.426        1036.395   -1004.591             148             108
   46       -1183.533    -935.607       -1112.249    -306.723              46              59
  144         419.096     647.772         229.199     495.176             144             106
   90         424.754    -464.064         -18.485     141.865              90              81
   70        1330.543    1127.656         669.052     231.809              70              69
  168          55.470    -407.207         310.704    -384.633             168             120
  212         780.497     421.859         306.116    -158.006             212             140
  224        -216.021    -190.399         165.236    -381.425             224             148
  202         456.626      99.879         114.345    -193.563             202             135
  212         -57.287     186.365         145.305    -354.133             212             142
  125        -652.207     134.722        -210.975    -242.872             125              97
  150        -131.969    -175.179         159.127     206.115             150             111
  190         727.371     -43.683         290.924    -440.614             190             129
  234        -791.233     462.209        -155.874      49.534             234             153
  172         460.352    -412.918         604.979    -160.693             172             120
  212         123.993    -269.004         107.000    -582.000             212             142
   98        -616.952    -471.556          18.965    -595.975              98              83
   73        -554.240    -731.303        -516.755    -301.860              73              72
   15        -181.115     151.077          93.107    -160.981              15              42
   69       -1162.255   -1319.853        -730.296    -503.604              69              70
  209         130.249     411.115        -443.934     705.709             209             139
   12         582.464      93.316         239.754     300.226              12              42
  177        1083.455     801.636         426.424     256.612             177             123
  139          52.975     -36.169         494.855    -425.550             139             105
   98         162.992    -443.351          83.924    -392.491              98              83
   62        -237.649    -493.831         -71.559    -629.673              62              67
   58        -328.150    -349.943        -492.662    -237.509              58              63
   99        -361.751     205.912        -401.287    -185.501              99              85
  249        -896.017     403.456        -528.040     433.398             249             159
   46         438.265     -82.153         350.067      79.169              46              59
  198        -853.470    -370.990        -646.694    -138.893             198             133
  106        1085.558     257.713         143.154     870.925             106              89
   15        1141.341     729.202         481.356    -418.175              15              42
  183        -955.407     120.950        -674.551     -19.517             183             127
   33         584.218    1483.035         114.663     811.787              33              51
  202          88.639     418.220         557.737     -87.617             202             137
  211        -216.711     513.216        -165.709     120.027             211             140
  234         137.473     378.276         652.893     213.069             234             153
  235         163.952    -358.784          19.919    -397.862             235             152
    6         441.369     581.515         453.608     158.398               6              39
   41        -260.035    -358.382         -57.575    -971.329              41              55
   63       -1137.443     585.879        -635.153     440.615              63              67
  168         381.367     463.965         427.497     -42.699             168             118
   43       -1172.481     205.171        -282.717     -95.679              43              57
  245        -343.778       3.217        -107.072      42.800             245             157
  125        -779.419     790.510        -121.428     542.746             125              98
   77         199.293    -292.056         632.354     -36.627              77              73
    7        -377.000      -0.035        -179.000       0.000               7              39
  253         199.256     292.015         632.352      36.628             253              38
  203        -779.368    -790.621        -121.427    -542.746             203              39
  224        -343.780      -3.273        -107.073     -42.800             224              38
  112       -1172.437    -205.308        -282.717      95.679             112              39
   82         381.431    -463.965         427.497      42.700              82              38
   98       -1137.369    -585.980        -635.152    -440.616              98              39
   63        -259.998     358.343         -57.577     971.330              63              38
  239         441.464    -581.499         453.608    -158.397             239              39
  131         163.945     358.773          19.918     397.862             131              38
   11         137.519    -378.310         652.894    -213.068              11              39
  177        -216.647    -513.268        -165.709    -120.028             177              38
  110          88.706    -418.248         557.737      87.618             110              39
   43         584.347   -1482.984         114.664    -811.787              43              38
  226        -955.365    -121.003        -674.551      19.516             226              39
  137        1141.447    -729.083         481.355     418.176             137              38
  222        1085.542    -257.578         143.155    -870.925             222              39
   62        -853.532     370.945        -646.696     138.891              62              38
  136         438.243      82.190         350.067     -79.167             136              39
  237        -895.997    -403.521        -528.039    -433.400             237              38
  206        -361.713    -205.909        -401.287     185.500             206              39
   92        -328.151     349.946        -492.662     237.508              92              38
  127        -237.650     493.819         -71.560     629.673             127              39
  153         162.996     443.348          83.924     392.491             153              38
  230          53.016      36.140         494.855     425.550             230              39
  139        1083.541    -801.550         426.425    -256.611             139              38
   87         582.442     -93.243         239.754    -300.225              87              39
  184         130.231    -411.056        -443.932    -705.709             184              38
   87       -1162.384    1319.778        -730.297     503.603              87              39
  103        -181.088    -151.096          93.107     160.982             103              38
   84        -554.286     731.260        -516.755     301.859              84              39
   73        -616.947     471.482          18.965     595.976              73              38
  165         124.022     268.987         107.000     582.000             165              39
  145         460.335     412.915         604.978     160.693             145              38
  198        -791.162    -462.307        -155.874     -49.533             198              39
   94         727.403      43.732         290.923     440.615              94              38
   76        -131.980     175.146         159.128    -206.114              76              39
  195        -652.162    -134.803        -210.976     242.871             195              38
  167         -57.210    -186.386         145.305     354.134             167              39
   85         456.679     -99.848         114.345     193.563              85              38
  188        -215.987     190.363         165.235     381.425             188              39
  146         780.579    -421.806         306.116     158.006             146              38
   77          55.479     407.189         310.702     384.633              77              39
  225        1330.659   -1127.547         669.053    -231.808             225              38
  195         424.697     464.116         -18.484    -141.865             195              39
  150         419.117    -647.716         229.200    -495.175             150              38
  228       -1183.600     935.530       -1112.249     306.721             228              39
  144         927.674     610.471        1036.393    1004.594             144              38
  203          40.459    -371.682          32.846    -944.925             203              39
   40        -691.334     244.206        -223.943     560.306              40              38
  149        -210.814    -154.001         -48.564    -245.888             149              39
  225        -332.908     302.447        -208.529     763.071             225              38
   63          61.286     410.216         317.660       7.614              63              39
  116        -792.600    -173.698        -180.317     541.026             116              38
  124         174.675     163.443         443.804     348.723             124              39
   11         153.942   -1089.666         363.535      96.426              11              38
   97          37.696    -331.268        -169.698    -258.523              97              39
  209        -589.762    -707.786        -370.133     553.858             209              38
  234         464.768     538.157        -303.201     720.415             234              39
  246         798.186     659.205         821.657    1237.147             246              38
   27         -58.105    -535.435         110.260    -510.676              27              39
  255        -420.945    -270.495        -305.885    1594.315             255              38
   61        -121.790     342.172        -151.193     474.409              61              39
  196         539.640    -234.550         493.986    5265.372             196              38
