SINAL     NFT                         FFT                         NFT INVERSA     FFT INVERSA
-----     -----------------------     -----------------------     -----------     -----------
   32       17322.000       0.000        8437.124       0.000              32              46
  126        -155.770     385.001         437.171   -4966.532             126              99
  209         513.636    -700.547        -294.654    -394.418             209             134
   83        -498.194    1549.720        -226.805   -1215.428              83              78
  225         -61.837     122.721         451.580     372.338             225             142
  233         415.309    -415.067         453.924   -1357.212             233             153
  171          68.474      99.010        -111.958      -2.937             171             115
   41         115.092     397.004         495.576    -765.609              41              57
  177        -148.151    -543.112         286.207    -275.357             177             118
   68         507.632    -990.818         370.531   -1405.212              68              70
   30        -961.048     -20.802        -695.898    -453.683              30              45
   24        -423.502    -925.629         171.616    -798.728              24              48
   34        -471.902    -657.218       -1088.380    -619.784              34              47
  140        -953.434    1053.559        -330.520     201.022             140             106
  196        -978.663    -777.511        -516.820    -266.726             196             128
  151        -631.284     424.161        -558.288     699.512             151             112
  251        1484.146     157.928         905.491     453.300             251             155
   55         301.071    -438.779         131.331   -1104.254              55              64
  163       -1129.018     452.797        -765.853     240.345             163             111
  245           3.426    -147.539         365.063      87.503             245             159
   54         101.046    -236.461        -137.169       0.498              54              57
   38         474.527    -369.286         555.931    -226.039              38              55
  114          60.222   -1046.424        -489.510    -708.597             114              87
  237         121.892     438.443        -433.107     237.146             237             155
   76         326.226     877.285        -160.158     276.398              76              68
  213         264.859     605.370         387.564     184.622             213             143
  204          34.894     270.617        -196.474    -265.238             204             132
   99        -145.880     913.790         255.568     594.190              99              86
  127         819.409      -2.866         576.273    -514.233             127              93
    1        -871.748     375.947         -11.941     -48.172               1              37
  246         529.897    -757.094         528.406    -728.802             246             153
  238       -1684.957    -376.041        -900.718    -524.994             238             155
  233         280.003      44.006          12.000     543.000             233             146
  150         119.637     207.063         271.805    -272.230             150             111
   89         121.278    -284.276         215.025    -223.061              89              74
  158        -379.423    -456.304         -13.398    -814.248             158             115
   85       -1158.347    -525.736        -657.398    -386.146              85              72
   87       -1001.138    -640.579        -497.142     -78.249              87              80
  246         144.288    -520.301        -469.700     141.375             246             153
    3         131.408     648.137        -240.838     231.061               3              38
  229         -81.263     605.152          -0.435     296.374             229             144
   10        -205.429    -156.447         256.768    -202.372              10              41
  144        -488.477    -789.869        -423.485    -425.626             144             102
   13        -457.794     -45.379        -594.857     189.684              13              43
   69         -15.503     614.688        -243.580     380.507              69              64
   13        -664.430     -13.732        -117.835     330.630              13              43
  158         974.150    -241.273          40.626     423.806             158             109
  252         963.078     894.803         349.696     228.718             252             162
  178         499.820     421.928         270.509    -174.700             178             119
  100        -679.410     528.986        -171.054    -170.476             100              86
   20        -437.623      16.853          27.650     299.707              20              40
  107         616.927    -586.854         443.399    -322.455             107              90
   16           0.763    -404.540        -502.089    -625.348              16              38
   68        -964.145    1015.265        -841.998     318.042              68              70
   58        -464.784     974.399         -61.157     923.457              58              59
  245         860.481     311.555         755.280     153.480             245             159
  223        -760.851    -135.265        -169.613    -459.382             223             141
  112         -38.079    -308.187        -164.696     457.106             112              92
   83         946.687     724.319         302.782    -211.868              83              71
  152       -1563.629     330.090        -700.258      97.687             152             112
  201         490.321    1137.410         288.763     970.853             201             130
  128           3.057      52.041         674.825    -237.879             128             100
   67        -309.921     -61.683        -304.978     -47.419              67              63
   37        -268.353     944.458         250.355     600.212              37              55
  241         294.000      -0.030         781.000       0.000             241              33
  158        -268.285    -944.529         250.355    -600.212             158              39
  119        -309.920      61.631        -304.978      47.419             119              33
  115           3.073     -52.095         674.824     237.881             115              39
  238         490.391   -1137.401         288.765    -970.852             238              33
  148       -1563.589    -330.224        -700.258     -97.688             148              39
  197         946.778    -724.228         302.782     211.869             197              33
   67         -38.126     308.194        -164.695    -457.107              67              39
  241        -760.848     135.176        -169.614     459.381             241              33
  244         860.509    -311.521         755.280    -153.479             244              39
  162        -464.734    -974.453         -61.155    -923.456             162              33
  230        -964.044   -1015.306        -841.997    -318.044             230              39
  140           0.773     404.587        -502.090     625.348             140              33
  245         616.884     586.903         443.399     322.457             245              39
  111        -437.629     -16.921          27.650    -299.706             111              33
  144        -679.327    -529.062        -171.054     170.476             144              39
   21         499.909    -421.891         270.509     174.700              21              33
  244         963.165    -894.696         349.695    -228.717             244              39
  100         974.082     241.389          40.626    -423.804             100              33
  176        -664.479      13.682        -117.835    -330.630             176              39
  239         -15.474    -614.666        -243.579    -380.507             239              33
  146        -457.818      45.387        -594.857    -189.685             146              39
  210        -488.543     789.843        -423.486     425.626             210              33
  133        -205.432     156.408         256.768     202.373             133              39
  211         -81.204    -605.165          -0.435    -296.374             211              33
  127         131.457    -648.083        -240.838    -231.062             127              39
  101         144.209     520.365        -469.700    -141.375             101              33
   34       -1001.221     640.516        -497.142      78.248              34              39
   39       -1158.366     525.639        -657.399     386.145              39              33
   49        -379.407     456.257         -13.399     814.248              49              39
   18         121.295     284.259         215.025     223.062              18              33
  231         119.674    -207.071         271.805     272.231             231              39
  126         279.991     -43.981          12.000    -543.000             126              33
   93       -1684.963     375.900        -900.720     524.991              93              39
  194         529.885     757.101         528.405     728.803             194              33
   66        -871.667    -376.068         -11.941      48.171              66              39
    1         819.458       2.894         576.272     514.235               1              33
  230        -145.782    -913.827         255.570    -594.189             230              39
   12          34.952    -270.618        -196.475     265.238              12              33
  121         264.942    -605.349         387.565    -184.621             121              39
  220         326.319    -877.227        -160.158    -276.398             220              33
  203         121.941    -438.362        -433.107    -237.147             203              39
  210          60.153    1046.474        -489.512     708.596             210              33
    8         474.503     369.325         555.931     226.041               8              39
  179         101.017     236.462        -137.169      -0.498             179              33
  118           3.396     147.524         365.063     -87.502             118              39
   39       -1128.955    -452.888        -765.852    -240.346              39              33
  236         301.097     438.810         131.329    1104.255             236              39
  219        1484.146    -157.813         905.491    -453.300             219              33
  120        -631.303    -424.194        -558.287    -699.514             120              39
  115        -978.736     777.431        -516.821     266.725             115              33
  113        -953.311   -1053.621        -330.520    -201.022             113              39
  115        -471.903     657.230       -1088.381     619.782             115              33
  240        -423.525     925.597         171.615     798.729             240              39
  139        -960.960      20.719        -695.898     453.682             139              33
  132         507.644     990.849         370.529    1405.214             132              39
   90        -148.121     543.047         286.207     275.357              90              33
  166         115.212    -397.036         495.574     765.609             166              39
  255          68.576     -99.018        -111.958       2.937             255              33
  240         415.366     415.072         453.921    1357.213             240              39
   14         -61.726    -122.782         451.581    -372.337              14              33
  162        -497.899   -1549.758        -226.807    1215.426             162              39
   84         513.817     700.613        -294.655     394.417              84              33
  148        -155.285    -385.018         437.161    4966.530             148              39
