SINAL     NFT                         FFT                         NFT INVERSA     FFT INVERSA
-----     -----------------------     -----------------------     -----------     -----------
  184       15571.000       0.000        7809.124       0.000             184             124
    0         220.654     694.746         596.858   -4211.536               0              29
  213         540.312    -485.323         600.091    -251.521             213             138
  242         366.023    -657.654         439.586   -1985.372             242             150
  145         198.938    -375.567         -55.968    -392.010             145             104
   93         -93.742    -311.366         215.183   -1091.730              93              76
  197         185.423    -632.060        -117.050    -397.671             197             130
  129        -244.326    -235.314           3.985    -661.518             129              94
  128         571.588   -1027.340         -54.672    -298.834             128              96
  192         717.782     152.864        -211.605    -472.936             192             125
  203         395.238     885.388        -127.491     144.628             203             133
    3         227.631     720.866         331.269     101.011               3              31
  229        1474.397     136.942         886.648    -561.052             229             146
  208       -1725.178    -115.359        -664.525   -1118.842             208             133
   92        -175.799    -115.796         -42.380     640.263              92              78
  118         620.058    -875.255         418.602   -1088.297             118              88
   23        -603.208    -190.815       -1077.699      -8.274              23              43
  101         656.240    1010.049         284.771     491.701             101              80
  110         923.053     143.333         322.596    -210.717             110              87
   23          27.889     749.994          44.183    -393.041              23              41
  198        -363.376     227.512         -95.715    -166.020             198             131
  103        -524.644     159.980        -152.117    -340.184             103              81
  158        -340.726     219.634        -301.848     156.597             158             111
  202        -186.732     437.136         185.800    -127.582             202             130
   48        -510.204    -549.493        -323.269    -198.928              48              56
   24          38.483     491.099        -222.583      33.373              24              41
  107        -756.024     312.552        -362.652     184.856             107              85
  156         170.822     311.302         -55.971     381.456             156             107
   39         172.863     889.009          -7.146     412.064              39              51
  104         460.859     584.455         621.526     336.996             104              81
   35         504.033    -324.508         200.701    -613.596              35              49
  111        -515.427    1028.867        -474.403     191.365             111              85
   51        -219.026     819.986         312.000     187.000              51              57
  176        -826.169      13.519        -160.034    -138.095             176             117
   67        -278.512     166.759         -96.999     183.763              67              65
  255        -487.741     555.686        -191.848     158.163             255             157
  102        -799.504     269.137        -177.673     328.862             102              83
  107         -81.031     620.150        -180.380     751.450             107              83
   13         289.189    1061.719         637.395     641.006              13              38
   41         321.329     235.238         307.220     322.783              41              50
   76         281.194    1373.457         933.523     219.312              76              70
    6       -1517.950   -1325.060         -86.483    -369.151               6              32
  121         902.009     524.760         486.662     805.310             121              92
  181         -76.881    -712.231         672.154    -389.771             181             120
  227         803.560    -189.074         408.556     235.576             227             145
  201         290.206    -811.970         628.900    -749.594             201             130
   40        -260.450    -510.850        -363.327    -239.512              40              52
   69        -287.129    -622.595         -79.832     -69.355              69              64
   59         791.207     267.221        -202.301     371.727              59              61
   89        -151.649     750.876         165.166     257.198              89              74
   10         567.714     394.681         237.010     636.616              10              37
  243         636.061     547.864         845.638      81.717             243             151
  176         479.201    -620.290         487.314    -143.076             176             120
  137         879.587    -357.377         252.971    -489.927             137              98
  157         270.207    1046.079         -68.530     227.546             157             110
  104         -90.274     468.782         535.451    -362.351             104              81
   71       -1442.616      67.545        -579.582     -32.595              71              67
  116        -225.044      56.882         370.738     623.907             116              87
   68         745.329    -412.380         493.249     -55.268              68              66
    4         151.015    -192.152         160.822    -261.340               4              31
  164        -318.095     255.947        -222.016     221.170             164             114
  189         266.241     166.356         283.378     464.735             189             124
   17        1080.888     865.545         630.572     447.035              17              40
  152         214.938     -76.683         802.534    -489.565             152             105
  208        -701.000      -0.055        -351.000       0.000             208              35
  109         214.969      76.639         802.531     489.567             109              32
  207        1080.961    -865.496         630.572    -447.034             207              35
  217         266.219    -166.348         283.378    -464.734             217              32
   18        -318.089    -255.984        -222.015    -221.170              18              35
   87         151.005     192.155         160.821     261.340              87              32
  183         745.269     412.408         493.248      55.268             183              35
   12        -225.092     -56.950         370.739    -623.906              12              32
  199       -1442.603     -67.716        -579.582      32.594             199              35
  181         -90.175    -468.838         535.450     362.352             181              32
   62         270.349   -1046.059         -68.530    -227.546              62              35
  118         879.586     357.465         252.970     489.928             118              32
  204         479.154     620.292         487.314     143.076             204              35
  133         636.103    -547.859         845.638     -81.715             133              32
   21         567.722    -394.659         237.011    -636.616              21              35
   82        -151.600    -750.888         165.165    -257.198              82              32
  125         791.208    -267.122        -202.301    -371.726             125              35
   20        -287.213     622.592         -79.832      69.355              20              32
  242        -260.490     510.823        -363.327     239.511             242              35
  166         290.153     811.961         628.898     749.595             166              32
   80         803.528     189.096         408.556    -235.575              80              35
  241         -76.966     712.161         672.152     389.772             241              32
  233         901.999    -524.739         486.664    -805.309             233              35
  171       -1518.089    1324.846         -86.485     369.150             171              32
  126         281.331   -1373.531         933.524    -219.311             126              35
   36         321.341    -235.268         307.220    -322.783              36              32
   81         289.247   -1061.742         637.396    -641.004              81              35
  130         -81.025    -620.173        -180.378    -751.451             130              32
  108        -799.508    -269.223        -177.672    -328.862             108              35
  122        -487.693    -555.745        -191.848    -158.163             122              32
  132        -278.498    -166.797         -96.999    -183.763             132              35
  232        -826.150     -13.627        -160.034     138.096             232              32
   54        -218.922    -820.043         312.000    -187.000              54              35
  180        -515.291   -1028.905        -474.403    -191.367             180              32
  123         504.054     324.547         200.700     613.596             123              35
  219         460.922    -584.446         621.526    -336.995             219              32
   24         172.935    -888.996          -7.146    -412.063              24              35
  184         170.831    -311.274         -55.971    -381.457             184              32
  172        -755.997    -312.607        -362.652    -184.857             172              35
   44          38.540    -491.074        -222.583     -33.373              44              32
  228        -510.234     549.454        -323.270     198.928             228              35
   84        -186.668    -437.168         185.799     127.582              84              32
  120        -340.680    -219.665        -301.847    -156.597             120              35
  128        -524.586    -160.031        -152.118     340.183             128              32
   10        -363.288    -227.556         -95.715     166.020              10              35
   40          28.035    -749.989          44.182     393.041              40              32
    2         923.123    -143.246         322.596     210.717               2              35
  245         656.333   -1009.960         284.772    -491.699             245              32
   84        -603.199     190.825       -1077.699       8.273              84              35
  255         620.018     875.323         418.600    1088.297             255              32
  252        -175.803     115.765         -42.379    -640.263             252              35
  209       -1725.098     115.196        -664.527    1118.840             209              32
   32        1474.515    -136.845         886.647     561.053              32              35
   55         227.743    -720.857         331.269    -101.011              55              32
  110         395.376    -885.319        -127.491    -144.628             110              35
   56         717.848    -152.733        -211.606     472.936              56              32
  187         571.533    1027.428         -54.672     298.834             187              35
    0        -244.300     235.302           3.983     661.517               0              32
   42         185.443     632.079        -117.051     397.671              42              35
  178         -93.676     311.349         215.181    1091.730             178              32
    1         199.030     375.575         -55.968     392.010               1              35
   85         366.121     657.660         439.582    1985.372              85              32
  237         540.479     485.311         600.091     251.521             237              35
  238         221.115    -694.767         596.849    4211.534             238              32
