SINAL     NFT                         FFT                         NFT INVERSA     FFT INVERSA
-----     -----------------------     -----------------------     -----------     -----------
  130       17077.000       0.000        8961.124       0.000             130              98
   38         -61.398     -84.059         145.319   -5170.680              38              56
  173         276.370    -587.857         209.240      -2.654             173             119
  162        1272.431    -867.867         194.194   -2348.043             162             118
  222        -466.951     996.381        -946.014    -201.580             222             144
   84        -826.053    1241.288        -248.867    -126.304              84              79
  101         522.058     656.224         649.701     477.633             101              83
   90         409.247    -606.846         481.523   -1161.464              90              82
   17          51.104     651.403        -204.390      -5.485              17              41
  175        -198.161      65.137         460.223    -650.613             175             125
  250        -424.916     -84.068        -247.247    -437.541             250             158
  178       -1186.788    -280.815        -271.107    -260.039             178             126
    7         720.053     373.073         206.346     459.498               7              36
  235        -295.646    -358.557         671.952    -736.201             235             155
  174         173.173   -1056.367        -205.837    -271.288             174             120
   10         346.018    -411.730         508.053    -746.416              10              42
  248        -359.898   -1188.880        -833.136    -770.600             248             157
  124        -412.729     547.801        -247.327      71.347             124              99
  254        -108.748    -915.665        -531.710    -365.594             254             160
  212         -45.591    1109.319        -394.302     520.464             212             143
  240         590.128     100.106         274.010     -46.040             240             153
  216        -638.849     574.404        -371.595    -174.211             216             145
   22        -361.903    -182.264        -201.177     245.716              22              44
  134         342.900     318.430        -131.236     167.513             134             104
   65         325.533     792.450         -41.466     287.489              65              65
  197        -383.057     924.285          20.648     340.411             197             136
   14         410.375     295.921         440.163     336.980              14              40
  107          93.480      24.906         348.464    -169.001             107              91
  171         552.453    -214.059         219.166     -82.235             171             118
   19        -105.482     131.983          37.966    -326.021              19              47
  131         108.115     -13.402        -134.596      90.683             131              98
   55          27.727     433.825         196.122     -27.030              55              65
   94         453.004    -517.987          55.000    -210.000              94              80
  104         -11.335     541.868        -315.477    -317.302             104              89
   78        -430.179     691.519        -551.858     392.117              78              72
   62         -75.208    1632.485          81.364     470.356              62              68
   55        -715.046     660.794         -95.155     467.566              55              60
  143         224.020    1533.411         608.117     797.250             143             109
  155         -78.978    -324.782         936.255    -173.636             155             110
  111          23.257    -423.487         208.246    -344.991             111              93
  220        -386.739    -303.873         279.726     -45.124             220             143
  207         574.994    -911.037         372.766    -293.649             207             141
  125         479.608    -329.193          87.039    -522.520             125              95
  241        -353.828     -25.986        -307.013    -314.782             241             158
  185        -301.686     183.053        -345.630     -61.424             185             125
  243        -549.243     830.899        -342.812     388.682             243             159
   62         107.638     610.193         289.289     304.418              62              64
   99        -678.832     830.027         -37.617     148.275              99              87
  141        -538.087    -100.929         547.136     213.400             141             103
   18        -320.666    -845.392        -115.665    -374.506              18              46
  235        -157.858     228.112         211.873     525.329             235             150
  126         622.949   -1009.737         491.386    -561.527             126             100
  242        -534.530    -278.112        -441.173    -389.987             242             154
   71        -873.773    -197.587        -823.871     177.358              71              73
  197          60.947    1544.576          -2.181    1230.607             197             131
    3          -6.716    -140.968         535.458     219.179               3              39
  165        1002.074     735.128         550.129     841.903             165             115
   46         560.046    -487.346        1215.794    -814.792              46              60
  241       -1009.312   -1144.938        -791.899    -166.629             241             153
  204        1474.790     404.241         757.810     408.464             204             139
  101        -644.461    -126.897        -191.550    -429.879             101              83
  189         350.033    -217.260         337.219     600.731             189             132
   36        1009.604    -200.304         418.942    -432.643              36              51
  105        -354.627      96.108        -106.786     197.479             105              90
  163        1029.000       0.038         543.000       0.000             163              36
  255        -354.621     -96.143        -106.787    -197.480             255              40
  193        1009.587     200.384         418.941     432.643             193              36
    7         349.977     217.275         337.219    -600.730               7              40
   80        -644.470     126.820        -191.550     429.879              80              36
   74        1474.804    -404.114         757.811    -408.462              74              40
   20       -1009.433    1144.842        -791.899     166.627              20              36
   30         560.023     487.321        1215.792     814.794              30              40
  145        1002.103    -735.099         550.130    -841.902             145              36
  246          -6.785     140.922         535.458    -219.179             246              40
  126          61.021   -1544.579          -2.178   -1230.607             126              36
  108        -873.824     197.550        -823.871    -177.360             108              40
  245        -534.539     278.084        -441.173     389.987             245              36
    1         622.861    1009.766         491.384     561.528               1              40
  233        -157.873    -228.160         211.874    -525.328             233              36
   59        -320.763     845.324        -115.666     374.505              59              40
  167        -538.109     100.802         547.136    -213.400             167              36
   57        -678.750    -830.146         -37.617    -148.275              57              40
  193         107.700    -610.213         289.290    -304.417             193              36
  131        -549.166    -830.945        -342.811    -388.682             131              40
  189        -301.646    -183.058        -345.630      61.423             189              36
  206        -353.788      25.973        -307.014     314.781             206              40
  141         479.617     329.245          87.039     522.521             141              36
  181         574.913     911.063         372.766     293.650             181              40
  115        -386.772     303.789         279.726      45.124             115              36
  253          23.231     423.423         208.245     344.991             253              40
   98         -78.998     324.669         936.255     173.638              98              36
  199         224.141   -1533.476         608.118    -797.249             199              40
  121        -714.988    -660.897         -95.155    -467.566             121              36
  175         -75.048   -1632.503          81.365    -470.356             175              40
  211        -430.091    -691.524        -551.858    -392.118             211              36
  252         -11.244    -541.828        -315.477     317.302             252              40
  163         452.989     518.040          55.000     210.000             163              36
  169          27.779    -433.826         196.121      27.030             169              40
   70         108.132      13.416        -134.595     -90.683              70              36
   34        -105.443    -131.991          37.965     326.021              34              40
  169         552.457     214.095         219.166      82.236             169              36
  125          93.490     -24.928         348.464     169.001             125              40
   82         410.398    -295.924         440.164    -336.980              82              36
   40        -382.973    -924.335          20.649    -340.412              40              40
   15         325.618    -792.404         -41.466    -287.490              15              36
   90         342.918    -318.368        -131.236    -167.513              90              40
  116        -361.927     182.246        -201.177    -245.716             116              36
   73        -638.770    -574.448        -371.596     174.211              73              40
   96         590.165    -100.042         274.010      46.041              96              36
   83         -45.495   -1109.272        -394.300    -520.465              83              40
  113        -108.817     915.706        -531.710     365.594             113              36
   97        -412.663    -547.792        -247.326     -71.347              97              40
   94        -359.952    1188.891        -833.137     770.600              94              36
  234         346.027     411.765         508.051     746.417             234              40
   24         173.105    1056.364        -205.837     271.287              24              36
   38        -295.643     358.482         671.950     736.202              38              40
  251         720.093    -373.043         206.346    -459.498             251              36
   10       -1186.795     280.698        -271.107     260.039              10              40
   33        -424.852      84.000        -247.247     437.540              33              36
  204        -198.072     -65.191         460.222     650.614             204              40
  210          51.249    -651.412        -204.390       5.484             210              36
  182         409.280     606.855         481.521    1161.463             182              40
  232         522.171    -656.230         649.701    -477.632             232              36
  191        -825.863   -1241.359        -248.867     126.304             191              40
  227        -466.698    -996.355        -946.014     201.579             227              36
    2        1272.540     868.031         194.190    2348.042               2              40
  167         276.528     587.880         209.240       2.654             167              36
  210         -60.961      84.039         145.309    5170.677             210              40
