SINAL     NFT                         FFT                         NFT INVERSA     FFT INVERSA
-----     -----------------------     -----------------------     -----------     -----------
   45       16675.000       0.000        8934.124       0.000              45              61
  111       -1069.655    -228.290        -524.491   -5255.476             111              87
    7        -332.858     200.482         -16.970     496.817               7              42
  242        -270.718    -849.271           3.139   -2079.874             242             153
    0        -273.245      15.006        -441.978     316.438               0              38
  127           3.398    -406.658          56.162   -1129.181             127              95
  166        -173.559     380.272        -535.468     433.662             166             121
   44         320.276      57.193         583.834    -483.436              44              54
  235         720.868    -699.586        -161.851    -469.634             235             156
   91        -869.454    1014.612        -622.498    -583.199              91              77
   58        -778.466     468.350        -274.114    1039.217              58              67
  227        1529.869     -82.643        1067.924    -638.827             227             145
  140        -991.310    -192.090        -875.496    -470.622             140             108
  127        -231.616    1189.267          92.680     437.703             127              95
   59        -458.947    -496.504         195.389     -30.167              59              68
  101         829.168    -301.956         337.052    -273.115             101              82
  159        -228.859     -17.055        -134.472    -398.943             159             118
  144        -408.130     -37.166        -200.054    -239.219             144             104
  155        -650.112      68.378        -349.769     156.078             155             116
  197         409.946      -7.413         246.631     118.245             197             130
   11        -186.546     210.583         -49.365    -171.901              11              44
  255        -507.250    -432.361         -40.805      24.029             255             159
   29         674.236    -115.702          74.767     206.610              29              53
  174         771.506       7.856         549.040    -248.265             174             119
  201         -10.302    -254.124        -229.011    -576.348             201             139
   22        -546.037      35.489        -219.453     -77.159              22              43
  169         169.431     -31.109        -274.969     -62.371             169             123
  213        -491.399     585.899         -15.484       0.964             213             138
    2        -654.164    -606.810        -540.806     -82.902               2              39
   88         186.153    1038.124          63.830     783.175              88              76
   60         284.845    -715.601         467.312    -360.560              60              68
   55          14.172     -64.582        -556.880      52.185              55              59
   71         469.980    1027.012         234.000     578.000              71              74
  186         370.747     143.239         494.674       7.485             186             125
  210         425.394    -237.807         248.791    -374.508             210             143
  253        -373.755     -39.663        -237.681    -152.534             253             158
  216         460.438      66.207         116.018      49.470             216             146
   59        -256.262     239.780        -203.480    -195.506              59              61
  230          31.012     446.821         -15.437     368.571             230             153
  175          41.726      80.413         261.559    -240.836             175             119
  124        -430.703    -358.897        -438.234     -53.304             124             100
    5         126.527     732.833        -179.066     475.819               5              34
   23         258.508     676.975         196.335     638.531              23              50
  155        1332.546     667.865         828.480     324.318             155             109
   80         578.089     385.896         604.929    -458.302              80              78
  107        -745.843     -25.789        -128.272    -342.334             107              85
  192           1.336     110.801          -8.696     382.167             192             134
  205        1109.878     785.211         668.241     286.205             205             134
  233         756.803     702.941         954.472    -146.943             233             155
  134          50.750    -337.257         767.828   -1022.915             134              99
  202       -1164.294    -949.158        -122.683    -821.316             202             139
  156          13.187   -1430.084          93.187    -903.251             156             110
  117       -1192.654    -357.888       -1129.135    -596.289             117              97
  228        -281.800     552.149          94.151     676.654             228             146
    0         269.478   -1078.638         262.433    -906.479              -0              38
  243        -274.039      53.892        -559.245    -126.691             243             153
  160        -403.894     287.627         -18.904    -466.589             160             118
  235       -1343.934    -206.168        -713.102     -98.808             235             149
  145        -568.589     320.696         -37.526     -61.174             145             111
  159       -1885.654    -953.395        -719.105     -69.049             159             111
  252         739.391    -221.049         107.833     593.545             252             164
  129         190.919    -279.290         255.331    -397.216             129              96
  107         -67.387    -702.533        -225.393    -266.526             107              92
   27         -49.364    -316.654        -305.175    -431.250              27              45
  117        -855.000      -0.011        -816.000       0.000             117              41
  136         -49.371     316.694        -305.178     431.250             136              35
  161         -67.437     702.547        -225.393     266.526             161              41
  109         190.893     279.308         255.329     397.216             109              35
  255         739.309     221.121         107.834    -593.544             255              41
  177       -1885.782     953.219        -719.106      69.047             177              35
  191        -568.556    -320.771         -37.526      61.174             191              41
  122       -1343.924     206.045        -713.102      98.807             122              35
    9        -403.815    -287.663         -18.904     466.590               9              41
   40        -273.986     -53.890        -559.245     126.690              40              35
   74         269.412    1078.654         262.432     906.480              74              41
  207        -281.756    -552.183          94.153    -676.654             207              35
   37       -1192.652     357.820       -1129.136     596.288              37              41
  115          13.113    1430.077          93.186     903.251             115              35
  133       -1164.309     948.992        -122.684     821.315             133              41
  235          50.824     337.165         767.827    1022.917             235              35
   79         756.938    -702.957         954.472     146.943              79              41
  224        1109.963    -785.150         668.241    -286.204             224              35
  106           1.337    -110.816          -8.696    -382.168             106              41
  241        -745.805      25.693        -128.273     342.333             241              35
  172         578.189    -385.889         604.929     458.303             172              41
   75        1332.614    -667.780         828.481    -324.317              75              35
  121         258.540    -676.959         196.336    -638.531             121              41
  133         126.568    -732.798        -179.066    -475.819             133              35
  160        -430.735     358.878        -438.234      53.304             160              41
   40          41.747     -80.422         261.558     240.836              40              35
   93          31.059    -446.821         -15.437    -368.570              93              41
   14        -256.220    -239.791        -203.481     195.505              14              35
  114         460.460     -66.157         116.018     -49.470             114              41
  236        -373.739      39.638        -237.681     152.534             236              35
  192         425.404     237.832         248.790     374.509             192              41
  246         370.771    -143.236         494.675      -7.483             246              35
  221         470.061   -1026.965         234.000    -578.000             221              41
   29          14.159      64.621        -556.881     -52.187              29              35
  192         284.777     715.615         467.311     360.561             192              41
   69         186.212   -1038.108          63.831    -783.175              69              35
  124        -654.230     606.767        -540.806      82.902             124              41
  159        -491.330    -585.940         -15.484      -0.964             159              35
   28         169.447      31.143        -274.970      62.370              28              41
  194        -546.009     -35.518        -219.453      77.159             194              35
  161         -10.272     254.133        -229.011     576.348             161              41
  101         771.535      -7.788         549.040     248.266             101              35
  143         674.207     115.766          74.767    -206.610             143              41
  212        -507.304     432.309         -40.804     -24.029             212              35
   19        -186.514    -210.613         -49.366     171.902              19              41
  177         409.942       7.445         246.632    -118.244             177              35
   65        -650.110     -68.434        -349.769    -156.079              65              41
  203        -408.104      37.132        -200.054     239.220             203              35
  173        -228.813      17.038        -134.473     398.943             173              41
   96         829.161     302.020         337.051     273.114              96              35
  132        -458.991     496.423         195.388      30.168             132              41
    7        -231.498   -1189.304          92.681    -437.702               7              35
  223        -991.260     192.021        -875.497     470.622             223              41
   48        1529.899      82.756        1067.922     638.829              48              35
   86        -778.430    -468.432        -274.113   -1039.218              86              41
   53        -869.298   -1014.653        -622.499     583.199              53              35
   79         720.885     699.679        -161.852     469.633              79              41
   45         320.318     -57.168         583.833     483.437              45              35
  170        -173.482    -380.266        -535.468    -433.662             170              41
   40           3.425     406.680          56.160    1129.182              40              35
  201        -273.162     -15.013        -441.977    -316.438             201              41
  123        -270.668     849.243           3.134    2079.873             123              35
   21        -332.651    -200.529         -16.969    -496.816              21              41
  185       -1069.236     228.190        -524.501    5255.472             185              35
