SINAL     NFT                         FFT                         NFT INVERSA     FFT INVERSA
-----     -----------------------     -----------------------     -----------     -----------
  171       16973.000       0.000        8752.124       0.000             171             122
   54        -182.304     281.204        -263.997   -4851.436              54              59
  188         520.820     480.844         467.246     185.124             188             131
  122        -470.887    -689.173        -127.230   -2018.241             122              93
  104         650.635     133.303         -51.918     234.987             104              89
  129         -36.142     314.523         -13.053    -931.338             129              96
   61         811.298     361.228         238.885     237.629              61              67
  150          45.782     570.690         134.719    -784.225             150             107
  175         452.147     270.527         326.548       9.022             175             124
   30        -501.899     334.000        -126.945    -953.562              30              47
  235        -658.338     102.887         -92.450     177.040             235             154
  213        -372.814    -147.856        -342.824    -557.489             213             138
   28        -206.399    1266.736         -44.020     991.975              28              51
   14         532.284     230.832         855.216    -236.460              14              39
  211         195.783     148.191         600.912      20.724             211             142
   58         304.151   -1286.288         625.128   -1290.466              58              61
   53       -1036.354    -394.681        -802.514    -490.946              53              63
  199        -561.753    -364.867        -196.544      60.831             199             131
  238         533.091     160.613          73.454     202.607             238             156
  124          70.067    -323.321         249.010    -249.510             124              94
  208         882.596     -81.256         206.116    -202.374             208             141
  251        -683.643    -380.820        -445.474    -754.996             251             157
   27         -54.708    1171.198        -569.550     992.575              27              50
   46         912.073     618.757        1184.389     -57.039              46              55
    6        -323.068    -404.413        -399.011    -741.868               6              40
  135        -787.335    1092.013        -252.415     480.281             135              99
   33         164.552     515.668         657.363     169.974              33              53
  217        -854.841   -1237.277         186.465    -762.565             217             140
  189         357.514    -347.475        -487.886      -4.505             189             131
  202        -651.374     976.047         138.980      84.674             202             133
   39        -340.687    -906.775          -8.535    -118.965              39              56
   69        -231.579      21.175        -202.458    -137.978              69              66
   17        -331.995       8.992        -136.000     314.000              17              45
  183          22.913    -285.282         -20.491    -126.946             183             123
  142        -294.000     837.361        -464.536     608.542             142             108
  154        -231.223     540.774         522.564     717.422             154             109
   76        1606.969    -255.602         801.880     396.835              76              75
   48        1036.297     379.293        1018.886    -603.965              48              56
  115        -558.638    -641.292         -72.746    -527.198             115              94
  255          29.770    -546.361         412.577    -594.875             255             159
  158       -1102.352   -1337.369        -958.605    -744.648             158             116
   10        -171.223     652.245        -410.313     648.763              10              37
   19        -310.563      32.309        -154.106       1.578              19              46
  225        -444.817     342.291        -176.346     661.780             225             144
  134         599.764    -293.301         285.529     104.149             134             104
  252         -59.011     442.659        -170.236     518.968             252             158
    8        1226.730     122.597         734.811     294.477               8              41
  141          26.903     181.348        -106.840    -165.187             141             102
   25         526.336     639.341         334.514     621.054              25              49
  205         303.989     206.944         410.920    -184.569             205             134
  239          37.953      35.915         145.527     379.197             239             156
  135        1204.241      32.899         674.153     -80.787             135              99
  176          50.526     271.645         122.483    -205.393             176             125
  141         -18.330    -113.716          77.387      25.790             141             102
   44         712.377     564.228         351.447     249.562              44              59
  142         106.546    -125.986         331.234    -373.888             142             103
  207         201.258     657.580         -88.932     334.243             207             140
    6         346.230     449.149         904.741    -191.133               6              35
  181        -814.798    -701.736        -360.039    -660.884             181             127
  191        -857.816     159.726        -171.165     376.236             191             127
  131         442.454    -869.857          47.816      92.435             131             102
  233         926.419    1156.166          42.358     553.003             233             148
  214         749.021    1156.581         916.315     362.375             214             144
  164         -30.865     -37.125         528.561    -802.344             164             114
  211       -1905.000      -0.111        -646.000       0.000             211              40
  214         -30.797      37.047         528.558     802.345             214              35
   54         749.160   -1156.573         916.315    -362.374              54              40
   83         926.509   -1156.068          42.359    -553.004              83              35
  170         442.332     869.907          47.816     -92.435             170              40
  242        -857.834    -159.817        -171.165    -376.237             242              35
  154        -814.825     701.629        -360.040     660.883             154              40
  183         346.311    -449.177         904.740     191.135             183              35
   67         201.337    -657.584         -88.931    -334.242              67              40
  141         106.564     125.977         331.233     373.889             141              35
   12         712.437    -564.185         351.447    -249.562              12              40
  151         -18.336     113.703          77.387     -25.790             151              35
   25          50.581    -271.658         122.483     205.393              25              40
   75        1204.250     -32.812         674.153      80.788              75              35
  243          37.940     -35.936         145.527    -379.198             243              40
   93         304.008    -206.948         410.919     184.569              93              35
   11         526.382    -639.310         334.514    -621.054              11              40
   86          26.920    -181.343        -106.841     165.186              86              35
  223        1226.719    -122.498         734.811    -294.476             223              40
  182         -59.016    -442.656        -170.235    -518.969             182              35
   38         599.693     293.355         285.529    -104.149              38              40
  109        -444.839    -342.332        -176.345    -661.781             109              35
  187        -310.584     -32.329        -154.106      -1.578             187              40
  140        -171.194    -652.220        -410.312    -648.764             140              35
  108       -1102.457    1337.304        -958.605     744.647             108              40
   30          29.758     546.337         412.576     594.876              30              35
  173        -558.639     641.195         -72.747     527.197             173              40
  101        1036.384    -379.253        1018.885     603.967             101              35
  166        1606.917     255.695         801.880    -396.834             166              40
  178        -231.240    -540.837         522.566    -717.421             178              35
  121        -293.957    -837.384        -464.535    -608.543             121              40
  112          22.868     285.296         -20.492     126.947             112              35
  245        -332.014      -9.025        -136.000    -314.000             245              40
  176        -231.587     -21.191        -202.459     137.977             176              35
   59        -340.771     906.715          -8.535     118.964              59              40
  100        -651.276    -976.125         138.980     -84.674             100              35
  208         357.492     347.522        -487.886       4.504             208              40
  173        -854.935    1237.158         186.463     762.565             173              35
   31         164.615    -515.734         657.364    -169.973              31              40
  223        -787.218   -1092.098        -252.415    -480.282             223              35
   47        -323.037     404.372        -399.012     741.868              47              40
  245         912.161    -618.716        1184.389      57.041             245              35
  125         -54.609   -1171.183        -569.548    -992.576             125              40
  250        -683.634     380.798        -445.475     754.995             250              35
   53         882.629      81.340         206.115     202.374              53              40
  249          70.049     323.325         249.009     249.511             249              35
   79         533.097    -160.567          73.454    -202.607              79              40
  213        -561.797     364.828        -196.544     -60.831             213              35
    7       -1036.343     394.595        -802.514     490.946               7              40
  125         304.108    1286.267         625.125    1290.467             125              35
  105         195.840    -148.254         600.912     -20.723             105              40
  129         532.325    -230.855         855.215     236.462             129              35
  149        -206.283   -1266.776         -44.019    -991.975             149              40
  133        -372.800     147.826        -342.826     557.488             133              35
    3        -658.274    -102.965         -92.449    -177.040               3              40
   16        -501.776    -334.064        -126.947     953.562              16              35
  165         452.266    -270.507         326.548      -9.022             165              40
  199          45.924    -570.694         134.717     784.223             199              35
  199         811.413    -361.153         238.885    -237.629             199              40
  218         -36.028    -314.509         -13.055     931.338             218              35
   73         650.747    -133.222         -51.918    -234.986              73              40
  248        -470.801     689.130        -127.234    2018.239             248              35
  171         521.085    -480.817         467.246    -185.123             171              40
  124        -181.840    -281.207        -264.006    4851.432             124              35
