SINAL     NFT                         FFT                         NFT INVERSA     FFT INVERSA
-----     -----------------------     -----------------------     -----------     -----------
  154       15530.000       0.000        7267.124       0.000             154             106
   90        -192.155    1416.181         461.956   -4176.619              90              73
   63        -953.870    -600.699        -193.812    -207.276              63              60
  164         177.934     104.053         295.353   -1106.052             164             110
   19         204.770    -109.597         191.166    -208.645              19              38
  173        -239.583     195.126         314.085    -851.521             173             115
  239        -361.288    -705.464         101.829    -479.019             239             148
  192        -654.973    -657.540        -136.256    -745.699             192             124
   36         173.001    -656.021        -127.153    -136.656              36              47
  214        -183.790     -89.393         -16.987    -511.212             214             135
   35         -54.461    -583.567        -325.275    -189.994              35              46
   86        -188.065     493.981         -79.316       5.286              86              71
   32         454.308    -775.702          43.322    -384.337              32              45
    9        -834.541    1077.822        -828.106      -1.837               9              33
  183        -214.479     366.811         185.761     728.207             183             120
  170          84.404     778.270         -16.788      25.404             170             113
  150        -606.309     427.507         484.151     717.855             150             104
   55         765.809   -1160.306         581.240    -378.937              55              56
   81         852.203     -10.999         232.260     205.042              81              69
   35        1039.714     119.488         714.007    -401.499              35              46
   45           5.597    -610.478          43.597    -636.112              45              51
  228        -172.701     241.001        -542.619    -238.603             228             142
  169        -266.995    1279.785         129.962     667.764             169             113
   11        -184.590    -283.718         465.499    -363.739              11              34
  114        -399.177    -264.628        -149.652     243.349             114              86
  253         943.280      99.252         707.722     103.996             253             155
   99         320.192    -516.624         533.992    -400.754              99              78
    8         598.800   -1061.820         140.557    -826.894               8              32
  242        -333.142     311.428        -546.612    -226.728             242             150
   70        -104.072     279.096          12.118     153.841              70              63
   91         274.967     392.642         138.933    -120.465              91              74
  148        -637.166      75.988         -40.594    -249.675             148             102
   24        -184.005     -88.008         -73.000    -156.000              24              41
  192       -1143.797      49.994        -507.417    -254.887             192             124
  161        -725.102     386.181        -382.993     704.247             161             109
  142        -208.073     484.925         231.579     337.612             142              99
  116        -225.448       5.819         398.147     624.584             116              87
   17        1014.319   -1153.833         866.063    -646.868              17              37
   17       -1000.277    -478.074        -863.499    -316.401              17              37
  219          47.735      99.360          20.961     728.143             219             138
  117         468.150     317.633         126.917     327.620             117              87
   33         229.090      -1.973         476.604     605.615              33              45
  170        2240.604     -58.569         917.795     170.151             170             114
   18         397.209     295.554         712.310    -713.280              18              37
  120        -449.775    -982.044        -519.641    -251.766             120              89
  229        1006.137    1526.781         526.383     723.522             229             143
  153         431.029    -518.515         991.738    -512.390             153             105
   74         102.000    -766.024          15.424    -819.545              74              65
  142        -385.695    -164.489        -302.152     -70.145             142             100
   29         312.875     384.227         286.873     -71.954              29              43
   12        -761.852    -472.523         -93.578    -259.739              12              35
   80         260.643    -216.890         131.295    -113.512              80              68
  128        -990.861    -498.091        -402.287    -197.961             128              93
  144         606.262     -10.970          25.762     566.685             144             100
   35         322.552     576.616         333.659     135.952              35              46
  170         552.593    -141.277         649.495     190.810             170             113
  138         422.056    -553.781         409.889    -724.386             138              98
   66        -415.870    -413.494        -176.978      -2.661              66              61
   48         877.077    -225.267         533.979    -229.075              48              53
   43        -550.642    -583.139         -10.263    -549.967              43              50
   82           6.659   -1301.965        -119.692    -347.303              82              70
   13         532.650    -351.120        -236.244    -195.563              13              35
  176         187.680     -35.911        -160.751    -183.046             176             117
   99        -113.439     211.063        -316.770      -7.460              99              78
   65        -170.000       0.003         -83.000       0.000              65              32
  170        -113.407    -211.042        -316.771       7.459             170              31
  136         187.695      35.973        -160.751     183.046             136              32
  205         532.618     351.218        -236.245     195.562             205              31
  255           6.533    1301.984        -119.692     347.303             255              32
   41        -550.674     583.071         -10.264     549.967              41              31
  134         877.068     225.323         533.979     229.076             134              32
   81        -415.903     413.446        -176.977       2.660              81              31
    7         422.031     553.786         409.888     724.386               7              32
  239         552.580     141.278         649.495    -190.809             239              31
    0         322.585    -576.607         333.659    -135.951              -0              32
  131         606.219      11.032          25.763    -566.685             131              31
  252        -990.925     498.006        -402.287     197.961             252              32
  247         260.626     216.897         131.295     113.512             247              31
   47        -761.881     472.430         -93.578     259.738              47              32
  163         312.930    -384.221         286.874      71.955             163              31
  208        -385.686     164.461        -302.151      70.145             208              32
   15         101.980     766.012          15.422     819.544              15              31
  179         431.026     518.483         991.737     512.391             179              32
  122        1006.268   -1526.715         526.384    -723.521             122              31
  117        -449.847     982.011        -519.641     251.766             117              32
  252         397.291    -295.550         712.309     713.281             252              31
  240        2240.590      58.742         917.795    -170.150             240              32
   96         229.026       1.972         476.605    -605.615              96              31
  157         468.123    -317.602         126.917    -327.620             157              32
   33          47.680     -99.341          20.963    -728.143              33              31
  139       -1000.331     478.005        -863.500     316.399             139              32
  218        1014.207    1153.883         866.061     646.870             218              31
  218        -225.501      -5.906         398.148    -624.583             218              32
  167        -208.078    -484.987         231.579    -337.612             167              31
  200        -725.105    -386.258        -382.992    -704.248             200              32
  134       -1143.783     -50.097        -507.417     254.887             134              31
  122        -183.984      87.976         -73.000     156.000             122              32
  240        -637.122     -76.066         -40.595     249.675             240              31
  149         275.038    -392.632         138.934     120.465             149              32
  219        -104.026    -279.099          12.118    -153.841             219              31
  128        -333.072    -311.424        -546.612     226.727             128              32
  212         598.753    1061.882         140.556     826.893             212              31
   85         320.172     516.613         533.991     400.755              85              32
  118         943.278     -99.208         707.722    -103.995             118              31
  109        -399.221     264.564        -149.652    -243.350             109              32
   95        -184.606     283.643         465.498     363.740              95              31
   88        -266.867   -1279.835         129.963    -667.764              88              32
  195        -172.643    -240.989        -542.620     238.601             195              31
  118           5.604     610.480          43.596     636.113             118              32
  200        1039.765    -119.417         714.006     401.500             200              31
   55         852.199      11.073         232.260    -205.042              55              32
   42         765.671    1160.331         581.239     378.939              42              31
   31        -606.303    -427.628         484.152    -717.855              31              32
  140          84.465    -778.294         -16.788     -25.406             140              31
  235        -214.459    -366.840         185.762    -728.206             235              32
  230        -834.425   -1077.864        -828.106       1.835             230              31
  193         454.276     775.766          43.322     384.337             193              32
   22        -188.009    -493.984         -79.316      -5.287              22              31
  152         -54.485     583.583        -325.275     189.993             152              32
  209        -183.766      89.387         -16.988     511.212             209              31
   52         172.970     656.042        -127.153     136.656              52              32
   35        -654.993     657.467        -136.258     745.698              35              31
  223        -361.278     705.386         101.828     479.019             223              32
   37        -239.475    -195.195         314.084     851.521              37              31
   57         204.864     109.581         191.165     208.646              57              32
   46         178.049    -104.066         295.351    1106.052              46              31
  138        -953.729     600.565        -193.812     207.276             138              32
   22        -191.609   -1416.225         461.948    4176.618              22              31
