SINAL     NFT                         FFT                         NFT INVERSA     FFT INVERSA
-----     -----------------------     -----------------------     -----------     -----------
  241       17318.000       0.000        9241.124       0.000             241             156
    5         428.723    -464.586         620.850   -5646.060               5              39
   50        -583.442    -284.174        -547.205    -647.439              50              61
  157       -1158.179     189.444        -280.345   -1660.837             157             115
   62        -827.749    -473.416        -533.779     -44.500              62              67
  226        -678.533     296.407        -345.271    -579.231             226             150
    6        -303.223     304.611        -148.190     655.782               6              39
   18         583.610     206.793         616.728    -395.103              18              46
  202        -457.434     -40.265        -118.544    -119.650             202             137
  175        -115.378    -263.784         313.775    -169.583             175             124
  236         251.674    -572.764         -33.071    -349.082             236             154
  210        -637.370      20.239        -346.463      81.891             210             142
   46        1360.164     235.142         345.850     566.326              46              59
  199         660.137    1186.592         632.695     -69.329             199             136
  173         314.935    -250.425         683.452    -292.933             173             122
  100        -245.210    -505.720          44.676    -947.308             100              87
  254        -841.760    -266.798        -505.273      -9.770             254             163
  228         301.771     254.767         206.128     138.425             228             151
  120         -58.665    -108.802         178.997    -362.205             120              96
  250        -940.200    -278.568        -446.058    -141.472             250             162
  244         233.030     -43.511         182.370     267.008             244             158
  216        -464.487    -485.997        -307.843    -441.236             216             145
  134        -512.169     156.263        -534.426     648.113             134             103
  187         776.047     470.652          46.431     691.635             187             130
    3        1095.983    1739.273         818.482     840.601               3              37
    9          96.322    -819.442         650.062    -642.644               9              41
  232         270.678     817.025        -340.744     450.669             232             152
  221        -141.274     646.724         824.867     225.890             221             147
   90          64.124    -578.059          93.759      28.651              90              81
  163         699.049     191.775         742.686     338.567             163             118
  187        1099.947    -579.959         687.297    -484.040             187             129
  107        -365.620    -389.990        -170.356    -408.392             107              90
  234         981.991     352.021         241.000     484.000             234             153
   54         459.287     363.052         597.851    -497.266              54              64
   81        -441.381     -70.700        -124.463      32.598              81              76
  104         390.251    -484.348         420.901    -427.617             104              89
  188        -269.117     311.148        -651.738     120.042             188             130
  183          49.486     949.205         542.148     356.363             183             128
  207        -546.899    -241.193        -261.990     147.954             207             139
  226        1281.048     727.217        1125.702     661.523             226             150
   65         500.717    -887.537         502.035   -1190.753              65              68
   63       -1235.729      80.156        -641.779    -214.279              63              68
  196        -824.678    -177.701        -377.318     321.305             196             134
  200         253.137     266.268          72.441     625.405             200             137
  158         336.432     574.848         191.458     432.195             158             115
   74         230.773     539.309         556.569     524.199              74              74
  137         183.465    -209.255         314.650     120.028             137             104
    9         743.706     428.911         620.384     734.203               9              41
  209        1259.773    -168.771        1101.273     -63.769             209             140
   18        1053.233    -416.889         703.142    -242.950              18              46
   22         575.431       8.154         519.974    -485.506              22              47
  204          26.488    -810.174         225.818    -233.682             204             139
  233        1112.064     210.197         258.874    -186.040             233             152
  134        -125.081     144.662         457.487     -83.766             134             104
   21         718.334    -738.016         103.631    -566.755              21              46
  205         -72.029    1198.071          25.600     439.464             205             139
  123         676.698    -239.063         978.028    -467.003             123              97
  144        -974.733    -500.209        -398.307    -579.531             144             109
  111          -2.308    -229.941         194.296     198.370             111              91
  160         200.968    -528.611          25.711    -267.858             160             117
   12         471.015     476.471         209.206     257.338              12              42
   43         290.578    -222.312         471.013    -391.240              43              58
  210        -477.650    -132.914        -202.888    -349.439             210             141
   60        -506.838    -580.119         -96.294     109.634              60              67
  214        1082.000       0.055         135.000       0.000             214              39
  124        -506.912     580.075         -96.296    -109.634             124              40
  134        -477.640     132.852        -202.889     349.439             134              39
   92         290.591     222.308         471.012     391.241              92              40
  203         471.063    -476.441         209.206    -257.338             203              39
  204         200.916     528.626          25.710     267.857             204              40
   32          -2.341     229.920         194.297    -198.370              32              39
   90        -974.745     500.093        -398.308     579.529              90              40
  121         676.724     239.057         978.027     467.004             121              39
  154         -71.896   -1198.096          25.601    -439.465             154              40
  250         718.300     738.075         103.630     566.755             250              39
   91        -125.036    -144.702         457.487      83.766              91              40
  231        1112.106    -210.107         258.874     186.040             231              39
  105          26.433     810.158         225.817     233.682             105              40
  212         575.467      -8.143         519.973     485.507             212              39
  131        1053.218     416.938         703.142     242.951             131              40
   23        1259.740     168.818        1101.273      63.770              23              39
   59         743.692    -428.895         620.385    -734.203              59              40
   15         183.402     209.225         314.650    -120.028              15              39
  127         230.785    -539.337         556.570    -524.198             127              40
  232         336.442    -574.838         191.458    -432.195             232              39
  102         253.102    -266.247          72.442    -625.405             102              40
  119        -824.737     177.625        -377.318    -321.305             119              39
   15       -1235.691     -80.268        -641.779     214.278              15              40
  207         500.703     887.538         502.033    1190.752             207              39
  223        1281.099    -727.158        1125.703    -661.521             223              40
  102        -546.945     241.109        -261.989    -147.955             102              39
   34          49.569    -949.229         542.149    -356.362              34              40
  136        -269.076    -311.158        -651.738    -120.043             136              39
  143         390.224     484.376         420.900     427.618             143              40
   55        -441.362      70.630        -124.463     -32.598              55              39
  133         459.363    -363.039         597.851     497.267             133              40
  242         982.026    -351.937         241.000    -484.000             242              39
   42        -365.640     389.962        -170.358     408.391              42              40
  184        1099.918     580.019         687.296     484.041             184              39
  140         699.039    -191.754         742.687    -338.566             140              40
  124          64.048     578.011          93.759     -28.651             124              39
   36        -141.224    -646.798         824.867    -225.888              36              40
  177         270.754    -817.015        -340.744    -450.669             177              39
   43          96.270     819.407         650.061     642.645              43              40
  205        1096.126   -1739.218         818.483    -840.601             205              39
  165         776.029    -470.558          46.431    -691.635             165              40
  229        -512.210    -156.274        -534.425    -648.114             229              39
  246        -464.539     485.970        -307.844     441.235             246              40
  157         233.010      43.525         182.370    -267.008             157              39
  111        -940.224     278.478        -446.059     141.471             111              40
   91         -58.644     108.775         178.997     362.206              91              39
  208         301.796    -254.752         206.129    -138.424             208              40
  135        -841.765     266.724        -505.273       9.769             135              39
  106        -245.193     505.670          44.674     947.307             106              40
   62         314.976     250.389         683.451     292.934              62              39
  159         660.283   -1186.568         632.694      69.330             159              40
  238        1360.172    -235.014         345.851    -566.326             238              39
  213        -637.385     -20.276        -346.463     -81.892             213              40
  191         251.640     572.782         -33.072     349.082             191              39
   68        -115.393     263.745         313.776     169.584              68              40
  172        -457.401      40.192        -118.544     119.649             172              39
   78         583.658    -206.774         616.726     395.103              78              40
   55        -303.184    -304.653        -148.189    -655.782              55              39
  171        -678.464    -296.459        -345.273     579.230             171              40
   87        -827.702     473.342        -533.779      44.499              87              39
   84       -1158.001    -189.554        -280.348    1660.836              84              40
   78        -583.190     284.119        -547.206     647.438              78              39
   69         429.173     464.591         620.839    5646.058              69              40
