SINAL     NFT                         FFT                         NFT INVERSA     FFT INVERSA
-----     -----------------------     -----------------------     -----------     -----------
   99       16207.000       0.000        9058.124       0.000              99              88
   33        1437.418    -528.545         440.746   -5244.106              33              49
  248        -348.645    1214.253         -68.363    -228.674             248             163
  187        -846.968     205.528         266.538   -1377.412             187             126
  236         279.144    -629.242         728.151    -317.988             236             157
  153        -285.895   -1005.240          25.077   -1724.931             153             109
  124        -545.850    -532.281         -59.356    -214.873             124             101
  200        -286.062   -1358.352        -188.236   -1331.686             200             132
  117        -479.930    -111.522        -604.691     267.816             117              97
  104         619.497    -320.167         355.837    -425.205             104              84
  206         247.868     -70.469          -4.593     -55.585             206             142
  235         653.744    -602.047         492.262    -827.950             235             150
   19        -466.548    -484.448        -624.133    -668.481              19              48
  138        -527.234      25.415        -330.978       3.861             138             101
  219         661.174    -109.153         136.427      36.103             219             148
   58         140.211    -216.905         142.383    -607.958              58              61
   47           0.829    -309.383        -388.806    -287.385              47              62
  149        -309.762     170.671         -50.171    -329.648             149             107
  169        -342.468    -867.365        -654.717    -323.767             169             123
   58          80.553    1140.846        -272.076     485.725              58              61
   19         457.766    -511.804         327.625    -239.185              19              48
  141         150.928     603.477        -636.961    -239.460             141             103
   77        -465.872    1396.599          36.678     499.608              77              77
  194        -772.026    -188.733          66.524    -324.700             194             129
   61        -357.558    -662.786        -229.706     144.877              61              69
  254         618.294     -31.008           3.345    -140.374             254             159
  252        -186.871     401.162        -298.334     188.641             252             165
  135         122.495     493.970         174.431      79.165             135             100
  189        -481.750    -390.757        -216.144      38.923             189             133
  178        1234.854     205.709         378.352     275.179             178             121
   25         354.048     -35.874         100.164    -727.943              25              51
  160        -925.358     347.456        -747.051      49.625             160             112
  108         172.000      33.014         -40.000     170.000             108              93
  225         101.472     758.189        -581.598     186.819             225             145
   41        -273.611    1674.940        -112.615     677.510              41              59
  218        -532.801    1281.208          49.260     961.905             218             141
  212        1550.467     327.078        1604.637     363.739             212             145
   71         104.042    -828.743         -33.476   -1208.444              71              68
  164        -121.268    1258.280         -60.575     595.987             164             121
  242        -215.467     -66.409         520.677    -624.635             242             153
  156        -662.247    -197.507        -212.335    -106.527             156             117
   61        -697.480    -463.862         -72.124    -606.382              61              63
   32       -1014.465    -516.616        -811.842     249.365              32              55
  213         434.156     522.263          26.859     299.342             213             139
  103        -477.411     436.085        -235.277     382.272             103              90
  161         303.263     477.769         305.708     301.269             161             113
  187        -186.662     -96.666          69.060      80.111             187             132
  135         405.307     107.122          54.833      54.416             135             100
   67        -144.853     610.608         -69.194     250.615              67              72
   23        -143.573     482.255          78.881     303.143              23              44
   71         434.938     311.374         522.310     449.513              71              74
  104         720.661    -488.081         455.470    -725.260             104              84
   86        -988.574     512.978        -866.810      58.682              86              82
  227        -224.406     992.334         149.880     761.078             227             146
   21         299.765     353.357         331.336     326.375              21              49
   20          58.319     570.636         426.071     128.117              20              42
  196          59.748    -158.233         210.732     120.412             196             137
  247         263.868     764.239         391.240      62.272             247             156
  101        -539.575    -396.878         251.627       0.381             101              89
  144         474.225    -145.067         196.511    -127.725             144             104
  216        -209.134     186.095          25.951     240.531             216             147
  127         740.493     464.371         462.891     119.360             127              96
   34         203.354     316.170         478.793      42.018              34              56
  159         270.947     259.369         415.851    -761.602             159             112
    0       -2727.000      -0.146        -852.000       0.000              -0              42
  200         271.046    -259.404         415.848     761.603             200              35
   75         203.421    -316.200         478.793     -42.018              75              42
  160         740.539    -464.340         462.890    -119.360             160              35
   17        -209.121    -186.129          25.951    -240.532              17              42
   57         474.205     145.084         196.510     127.725              57              35
   12        -539.611     396.779         251.627      -0.380              12              42
  211         263.944    -764.265         391.239     -62.271             211              35
   86          59.735     158.198         210.732    -120.412              86              42
  138          58.368    -570.679         426.071    -128.117             138              35
  165         299.782    -353.372         331.337    -326.374             165              42
   65        -224.345    -992.372         149.881    -761.077              65              35
   64        -988.506    -513.045        -866.810     -58.683              64              42
   47         720.657     488.133         455.468     725.261              47              35
   63         434.954    -311.374         522.310    -449.512              63              42
   79        -143.546    -482.291          78.881    -303.142              79              35
  155        -144.797    -610.623         -69.194    -250.615             155              42
  111         405.311    -107.083          54.833     -54.416             111              35
   10        -186.681      96.635          69.060     -80.111              10              42
   86         303.286    -477.763         305.708    -301.268              86              35
   14        -477.389    -436.127        -235.276    -382.272              14              42
  158         434.173    -522.203          26.859    -299.342             158              35
   64       -1014.536     516.550        -811.842    -249.367              64              42
   99        -697.505     463.784         -72.126     606.382              99              35
   14        -662.227     197.412        -212.335     106.527              14              42
   98        -215.424      66.331         520.675     624.636              98              35
   64        -121.112   -1258.310         -60.574    -595.987              64              42
   51         104.034     828.730         -33.479    1208.443              51              35
  137        1550.498    -327.026        1604.638    -363.736             137              42
  248        -532.721   -1281.308          49.261    -961.906             248              35
   37        -273.456   -1674.954        -112.614    -677.510              37              42
   34         101.554    -758.127        -581.598    -186.819              34              35
  105         172.001     -32.959         -40.000    -170.000             105              42
  234        -925.300    -347.504        -747.052     -49.627             234              35
  206         354.106      35.929         100.163     727.944             206              42
   17        1234.873    -205.584         378.353    -275.179              17              35
   66        -481.799     390.721        -216.144     -38.924              66              42
  252         122.545    -493.964         174.430     -79.164             252              35
  146        -186.824    -401.153        -298.333    -188.641             146              42
  232         618.287      31.092           3.345     140.374             232              35
  157        -357.637     662.758        -229.706    -144.877             157              42
  117        -772.031     188.624          66.522     324.700             117              35
    3        -465.709   -1396.650          36.679    -499.607               3              42
  226         151.029    -603.415        -636.962     239.459             226              35
  178         457.748     511.866         327.625     239.185             178              42
  204          80.653   -1140.800        -272.074    -485.725             204              35
  133        -342.526     867.386        -654.718     323.767             133              42
  209        -309.711    -170.676         -50.171     329.649             209              35
   85           0.850     309.411        -388.806     287.385              85              42
  255         140.238     216.933         142.382     607.958             255              35
  206         661.182     109.224         136.427     -36.103             206              42
  247        -527.218     -25.431        -330.978      -3.862             247              35
  168        -466.527     484.438        -624.134     668.480             168              42
  185         653.754     602.107         492.261     827.951             185              35
   82         247.899      70.492          -4.593      55.585              82              42
  189         619.486     320.231         355.837     425.206             189              35
  239        -479.922     111.510        -604.690    -267.817             239              42
   82        -286.130    1358.335        -188.239    1331.684              82              35
   23        -545.822     532.210         -59.357     214.873              23              42
  150        -285.873    1005.175          25.075    1724.931             150              35
   40         279.202     629.188         728.151     317.989              40              42
   39        -846.793    -205.683         266.535    1377.411              39              35
   24        -348.260   -1214.306         -68.364     228.674              24              42
  233        1437.837     528.662         440.736    5244.104             233              35
