SINAL     NFT                         FFT                         NFT INVERSA     FFT INVERSA
-----     -----------------------     -----------------------     -----------     -----------
   28       15588.000       0.000        8106.124       0.000              28              47
   51        -521.058     475.611        -348.167   -4487.529              51              56
  211          35.843     -60.874         445.251      47.739             211             139
   68        -277.284    -717.859        -357.553   -2097.068              68              64
   37        -540.601     410.943        -462.757      96.932              37              52
   56        -839.150     320.496        -431.268    -551.094              56              58
  235         389.745     378.182         301.439     329.182             235             151
   43        -921.110     204.552        -262.946    -759.747              43              52
  182          15.088    -265.260         153.437     453.723             182             124
   75         399.101     388.641         107.030    -689.280              75              68
  160        -799.460     122.573          58.217     107.075             160             113
  113          14.056    -342.612          27.606    -683.631             113              87
   84       -1176.988      30.344        -330.276    -178.269              84              75
   53       -1312.160    -241.379        -558.770      69.668              53              57
  223         217.391    -583.204         473.946     430.365             223             145
  232         230.844    -660.580        -386.631    -422.484             232             146
  111         471.429    1082.787         531.310    1047.938             111              89
  242        1101.813   -1218.941         973.671    -953.355             242             151
  114         302.401    -752.240         -28.691    -685.622             114              90
  116        -596.525    -629.007        -798.963    -811.925             116              88
    9         -12.332    1217.465        -275.250     991.863               9              38
   89         312.649     130.236         677.118    -607.617              89              75
  155       -1149.436    -636.240        -352.003     -70.649             155             111
  116         679.430    -877.428         173.845    -484.873             116              88
  145        -594.658     127.822        -527.139      12.959             145             106
  248         474.909    -153.580         166.122      51.269             248             154
   29         247.675     444.763         243.718     -94.114              29              48
   15        -664.070   -1125.893         -18.466    -855.350              15              38
   11        -330.489    -630.218        -645.755      74.606              11              39
  238         757.169    -234.723         175.387    -277.017             238             149
   54        -234.243     -46.818        -536.480    -240.668              54              60
  212          16.968     236.275        -192.790    -165.525             212             136
   13        -855.010     210.988        -584.000     -84.000              13              40
   15        -602.616    -130.995        -475.620      30.904              15              38
   38        -554.809     456.208        -643.597     610.894              38              52
   66        1003.261     443.209         389.764     603.288              66              63
  167         694.111     952.700         218.706    -161.991             167             117
  149       -1102.780     269.070         -83.262    -134.371             149             105
  124        -131.749    -367.521        -233.054    -175.996             124              95
  162       -1442.048     590.781        -656.590     168.817             162             111
   67         -77.341    -484.298          80.379     698.949              67              67
   74         811.739      77.772         -15.872    -148.358              74              67
    7        -258.161     803.362        -113.879     622.940               7              37
  161         380.699     -62.314         185.183    -192.892             161             111
  215        -331.239     976.625        -408.381     791.973             215             141
  184         864.655     905.723        1003.561     236.607             184             122
  179        -872.944    -627.967         -10.940    -253.119             179             123
   53        1107.552    -477.659         393.389     -31.744              53              57
  226         -33.463     366.788        -167.311    -304.062             226             146
   95        -140.262     488.931           8.499      80.252              95              78
   76        -794.799     234.482         -38.610     -42.125              76              71
  163        -126.870    -644.053         -91.832    -119.305             163             112
    5        -332.368    1100.740        -322.829     487.908               5              36
  104          97.936      73.274         914.736     153.001             104              82
  180        -603.119   -1187.314        -217.774    -947.252             180             123
  185       -1114.443    -478.387        -624.366     236.336             185             123
   90         432.980    -473.349        -130.678     163.712              90              78
  222          11.876     665.278        -282.794     326.165             222             141
   90        -297.562     483.312          93.924     381.051              90              78
   31        -397.223    -283.853        -152.524     117.176              31              46
  152        -154.191     609.065        -141.460     838.401             152             109
  165         478.103     142.023         767.835     634.197             165             113
  251        1143.299    -845.534         798.533      35.974             251             159
  240        1282.952    -929.681         469.622    -552.699             240             150
   29         430.000       0.046        -368.000       0.000              29              36
   83        1282.866     929.813         469.619     552.699              83              33
  129        1143.174     845.597         798.533     -35.973             129              36
  118         478.034    -142.032         767.836    -634.196             118              33
  238        -154.212    -609.091        -141.459    -838.402             238              36
  115        -397.294     283.810        -152.525    -117.176             115              33
   85        -297.546    -483.352          93.924    -381.050              85              36
  252          11.913    -665.249        -282.794    -326.165             252              33
   56         432.889     473.422        -130.677    -163.713              56              36
   87       -1114.525     478.307        -624.366    -236.337              87              33
  144        -603.210    1187.230        -217.776     947.252             144              36
    4          97.945     -73.337         914.736    -152.999               4              33
   14        -332.283   -1100.783        -322.829    -487.909              14              36
   94        -126.931     644.038         -91.832     119.305              94              33
  228        -794.769    -234.584         -38.610      42.125             228              36
   86        -140.186    -488.958           8.499     -80.251              86              33
   11         -33.393    -366.779        -167.311     304.062              11              36
  179        1107.508     477.755         393.388      31.744             179              33
  140        -873.000     627.844         -10.941     253.119             140              36
  217         864.737    -905.705        1003.561    -236.604             217              33
  255        -331.169    -976.650        -408.380    -791.973             255              36
  250         380.687      62.352         185.182     192.893             250              33
    5        -258.099    -803.374        -113.878    -622.940               5              36
  180         811.722     -77.672         -15.872     148.359             180              33
  180         -77.447     484.291          80.380    -698.949             180              36
   40       -1442.019    -590.905        -656.590    -168.818              40              33
   97        -131.766     367.507        -233.054     175.995              97              36
  146       -1102.718    -269.190         -83.263     134.371             146              33
   81         694.242    -952.642         218.706     161.992              81              36
  183        1003.274    -443.098         389.765    -603.287             183              33
  157        -554.816    -456.216        -643.596    -610.895             157              36
  107        -602.639     130.979        -475.620     -30.904             107              33
  254        -854.969    -211.035        -584.000      84.000             254              36
   17          17.024    -236.234        -192.791     165.525              17              33
  146        -234.212      46.846        -536.480     240.667             146              36
   94         757.159     234.834         175.386     277.017              94              33
   67        -330.557     630.227        -645.755     -74.607              67              36
  242        -664.141    1125.825         -18.468     855.350             242              33
  194         247.748    -444.760         243.718      94.114             194              36
  219         474.896     153.631         166.123     -51.268             219              33
   15        -594.640    -127.847        -527.139     -12.960              15              36
    1         679.354     877.500         173.844     484.874               1              33
  226       -1149.482     636.114        -352.002      70.649             226              36
  136         312.696    -130.251         677.116     607.618             136              33
   11         -12.219   -1217.445        -275.249    -991.863              11              36
   36        -596.541     629.011        -798.964     811.923              36              33
  234         302.398     752.282         -28.692     685.622             234              36
   11        1101.730    1218.993         973.669     953.357              11              33
  249         471.497   -1082.769         531.311   -1047.938             249              36
  159         230.757     660.618        -386.632     422.481             159              33
  191         217.286     583.203         473.947    -430.364             191              36
   67       -1312.215     241.237        -558.771     -69.670              67              33
  112       -1176.950     -30.467        -330.276     178.270             112              36
   28          14.071     342.584          27.605     683.630              28              33
   48        -799.399    -122.677          58.217    -107.075              48              36
  139         399.187    -388.623         107.029     689.281             139              33
  242          15.086     265.246         153.437    -453.722             242              36
   87        -921.043    -204.657        -262.948     759.746              87              33
  239         389.834    -378.164         301.440    -329.182             239              36
   87        -839.063    -320.566        -431.270     551.093              87              33
  221        -540.455    -410.965        -462.757     -96.932             221              36
   23        -277.192     717.844        -357.557    2097.066              23              33
   43          36.045      60.852         445.251     -47.739              43              36
   56        -520.604    -475.661        -348.176    4487.525              56              33
