SINAL     NFT                         FFT                         NFT INVERSA     FFT INVERSA
-----     -----------------------     -----------------------     -----------     -----------
    5       15210.000       0.000        7927.124       0.000               5              33
  142         451.896     324.065          88.193   -4602.741             142             103
  161        -892.168      99.244        -124.798     -66.509             161             111
  165         204.416    -699.520        -167.770   -1445.210             165             114
  150         435.951    1052.292         101.019     481.180             150             105
  110         328.270    -436.909         588.181   -1203.740             110              87
   20          21.098    -214.176        -323.932    -225.948              20              40
  180         290.141     303.016         115.787    -623.075             180             122
   16        -390.177     566.187        -256.655     123.455              16              38
  243         492.379     138.851         659.664    -227.430             243             153
   21         624.958    -268.253         269.033    -804.111              21              41
  113       -1377.785     157.927        -528.327    -772.957             113              88
   90        -500.309       3.900        -241.754     356.204              90              75
  160          24.270     163.744         390.062    -505.182             160             112
   37        -936.434    -706.564        -343.411    -245.984              37              49
  141          -2.082     -65.527          86.056    -188.650             141             102
  230        -520.769    -677.035         -12.825    -132.841             230             145
  110         627.081   -1039.965         185.652    -531.281             110              87
   33          98.295    -217.143        -410.621    -314.836              33              47
  146          34.295     217.813          44.617    -203.690             146             105
   54        -455.882    -575.786        -298.433    -438.584              54              57
  171        -291.888    -283.608        -375.809    -185.485             171             117
  122         -15.722    -196.798        -361.676      16.879             122              91
    1         174.054     309.248        -215.584      -6.175               1              32
  198          49.576     509.409        -234.486     291.479             198             129
   84         526.147     870.183         446.163      24.643              84              74
  236        -980.228    -456.265        -145.486    -682.553             236             148
  167       -1032.959    -536.795        -746.615      44.789             167             115
  106         566.969       6.929          40.073     454.657             106              83
  229         495.264     233.000        -129.640    -223.252             229             146
  137        -251.046    1279.044        -162.000     682.938             137              99
  160         343.938      97.167         757.409    -191.842             160             112
  196        -623.989    -562.019        -249.000    -228.000             196             128
    5         750.288    -546.320         377.419    -180.621               5              34
  123         -14.377    -127.561        -429.293    -397.414             123              92
   17         135.915     335.328          78.879      42.994              17              40
   98        -485.077       4.040        -418.762    -347.738              98              79
  104        -565.839     -27.484        -168.936     261.174             104              84
  103         672.932    -199.734        -252.454      42.724             103              82
   64         184.936    1391.458         206.569     371.713              64              64
  250        -134.391    -518.038          14.812    -150.954             250             155
  121         968.142     960.494         389.002     258.114             121              92
  165        -408.928    -403.551         192.536    -729.520             165             113
   11          20.708    -143.041        -264.719     -63.667              11              37
   81          20.182     209.386         -19.378    -416.039              81              71
   58        -688.293     -19.352        -349.821    -158.138              58              61
  177        -121.188    -138.196        -533.474    -278.457             177             119
   57        -696.481    1901.608        -464.728     780.318              57              60
   36        -167.230      34.947         668.826      45.160              36              48
  110        -161.024    -170.161         -72.148    -421.952             110              87
  179       -1136.096    -554.732        -349.070    -555.547             179             120
  157       -1244.132      17.562       -1159.732     380.788             157             110
  134         187.021     705.841         231.683     934.278             134              97
  102         694.798     235.768         164.070     110.608             102              83
  225          68.004     920.087         332.007     305.869             225             143
  117          73.820    -213.889         173.628    -242.202             117              90
  139        -249.052     750.734         -67.671     201.021             139             100
   50         -99.428     325.444         380.230     147.925              50              57
  157         -58.343      70.692         419.432    -186.241             157             109
  216        -476.633    -694.628         216.689    -421.847             216             140
   29         119.136    -705.815          85.553    -333.686              29              45
  141         106.595    -493.711         193.485    -702.975             141             102
  165       -1246.827   -1033.151        -832.790    -930.753             165             113
    0        -995.038     224.159        -938.979     469.310              -0              32
   27         286.000       0.022         221.000       0.000              27              33
  139        -995.036    -224.202        -938.979    -469.312             139              35
  112       -1246.874    1033.073        -832.792     930.753             112              33
   97         106.606     493.711         193.484     702.976              97              35
  151         119.093     705.803          85.553     333.686             151              33
   10        -476.676     694.533         216.688     421.848              10              35
   70         -58.314     -70.764         419.432     186.243              70              33
   79         -99.386    -325.507         380.231    -147.925              79              35
   32        -248.969    -750.780         -67.671    -201.021              32              33
   45          73.824     213.868         173.627     242.201              45              35
   47          68.098    -920.105         332.007    -305.868              47              33
  215         694.807    -235.712         164.070    -110.607             215              35
   52         187.022    -705.814         231.684    -934.278              52              33
  149       -1244.170     -17.637       -1159.732    -380.790             149              35
  215       -1136.119     554.637        -349.071     555.548             215              33
   12        -161.001     170.115         -72.148     421.952              12              35
    1        -167.212     -35.018         668.825     -45.159               1              33
  172        -696.298   -1901.668        -464.726    -780.319             172              35
   31        -121.169     138.230        -533.474     278.457              31              33
   44        -688.255      19.307        -349.821     158.138              44              35
  217          20.250    -209.372         -19.379     416.039             217              33
   97          20.731     143.054        -264.719      63.667              97              35
  176        -408.908     403.496         192.535     729.520             176              33
  237         968.258    -960.419         389.003    -258.114             237              35
  150        -134.424     518.020          14.812     150.954             150              33
  137         185.075   -1391.436         206.570    -371.712             137              35
  171         672.907     199.832        -252.455     -42.724             171              33
  189        -565.855      27.453        -168.935    -261.174             189              35
  233        -485.050      -4.071        -418.763     347.737             233              33
   97         135.976    -335.297          78.880     -42.993              97              35
  172         -14.357     127.592        -429.294     397.414             172              33
   43         750.246     546.395         377.419     180.623              43              35
  122        -624.033     561.943        -249.000     228.000             122              33
  163         343.965     -97.186         757.407     191.843             163              35
  184        -250.923   -1279.068        -161.999    -682.938             184              33
   73         495.298    -232.919        -129.640     223.251              73              35
  145         566.936      -6.843          40.073    -454.657             145              33
  255       -1033.029     536.726        -746.615     -44.791             255              35
  140        -980.222     456.157        -145.487     682.553             140              33
    4         526.267    -870.154         446.164     -24.642               4              35
   45          49.636    -509.378        -234.486    -291.479              45              33
  230         174.091    -309.188        -215.584       6.175             230              35
  255         -15.737     196.843        -361.677     -16.879             255              33
   75        -291.905     283.619        -375.809     185.485              75              35
   47        -455.902     575.761        -298.434     438.584              47              33
  116          34.351    -217.795          44.617     203.691             116              35
   76          98.309     217.193        -410.621     314.835              76              33
  214         626.997    1040.035         185.652     531.282             214              35
   97        -520.830     676.970         -12.826     132.840              97              33
  118          -2.083      65.509          86.055     188.650             118              35
  189        -936.470     706.459        -343.411     245.984             189              33
   71          24.322    -163.778         390.062     505.183              71              35
  179        -500.283      -3.963        -241.753    -356.205             179              33
    4       -1377.688    -158.055        -528.329     772.956               4              35
   76         625.040     268.287         269.032     804.111              76              33
   38         492.445    -138.840         659.664     227.432              38              35
   65        -390.067    -566.230        -256.655    -123.455              65              33
  188         290.246    -302.976         115.785     623.074             188              35
  207          21.162     214.191        -323.932     225.947             207              33
  145         328.327     436.915         588.178    1203.742             145              35
  187         436.133   -1052.251         101.019    -481.179             187              33
  152         204.462     699.554        -167.773    1445.209             152              35
    4        -891.956     -99.334        -124.798      66.509               4              33
  202         452.347    -324.024          88.184    4602.738             202              35
