SINAL     NFT                         FFT                         NFT INVERSA     FFT INVERSA
-----     -----------------------     -----------------------     -----------     -----------
   56       16900.000       0.000        8139.124       0.000              56              61
  117         146.359    1116.222        -350.937   -4635.274             117              89
   53        -182.796     729.391         158.884    -125.645              53              60
   29       -1505.940     -72.911        -880.727   -1877.150              29              45
   59        -771.333     992.072        -332.676     834.083              59              63
  128        -562.402    -275.357          63.874    -810.277             128              94
  123         262.297      88.413        -111.113     362.882             123              95
  171        -188.942     567.775          56.598    -494.327             171             116
   43        -234.859      11.731         107.441     259.070              43              55
   31         168.144    -210.429          89.984    -557.313              31              46
  160          56.538     361.612          51.926     102.402             160             113
   96        -492.388    -232.222         -66.983    -614.664              96              78
  103        -223.678      55.340        -253.547     115.050             103              85
  206        -847.755     243.626        -376.716    -209.542             206             133
  135        -211.766     258.617         -11.401     833.589             135             101
   14        1049.656     -81.507         582.197    -199.077              14              37
  223         299.148     538.117         227.111     -69.924             223             145
  189        -879.134    -479.082        -159.339    -709.866             189             125
  219        -386.153     293.807        -597.885     621.525             219             143
  218         275.983    1087.207         500.962     273.077             218             139
   10        -686.089     -29.075         200.395     191.044              10              38
   29          64.515    -548.500         396.093     -28.141              29              45
  139         774.969    -529.609         480.895     260.476             139             103
  229        1639.842    -204.724         863.683    -676.740             229             145
   73        -954.535    -317.202        -104.891    -700.724              73              70
  211        -139.222   -1592.033        -264.969    -550.412             211             136
  105         259.353     594.594        -530.325     213.838             105              86
  180         176.424     455.295         284.247     208.694             180             120
  209         413.601     394.153         300.639      27.469             209             138
   17          87.995    -491.960         459.433    -577.080              17              39
    9        -363.248    -364.315        -375.386    -456.505               9              38
  164        -423.735    -243.882        -114.763    -151.802             164             112
   90        -112.998    -144.998        -325.000     -86.000              90              78
  136        -131.864     273.556         -74.501     119.786             136              98
  216           0.732     222.126          87.295      44.701             216             141
   77        -233.287    -450.773         -78.573    -307.534              77              69
    0        -163.582     669.860        -338.009     359.280              -0              33
  152         -13.398     303.812         415.048     116.561             152             106
   44        -353.587     207.369          57.698      14.581              44              55
   57        -332.426    -896.095         380.824    -221.889              57              59
  187         298.255    -392.851        -186.128      11.193             187             127
   51         682.847     -86.553         856.654    -104.625              51              56
  117        -156.997   -1375.290         -79.994   -1181.540             117              92
   69        -889.083   -1217.202        -750.823    -548.872              69              65
   83        -454.430     133.493       -1177.169     333.517              83              75
  123         528.446     843.080         466.004    1020.083             123              92
  159        1071.544    -609.693         135.205    -716.405             159             113
   64        -704.771    1266.247        -475.368     639.416              64              62
  133         724.850    -335.865         642.889    -113.924             133             100
  168        -129.943     134.534        -427.173     -29.194             168             114
   32         615.806     779.668         505.203     216.349              32              49
  222        -812.228    -522.452        -170.909    -458.285             222             141
   53         486.106    -110.750          33.938     266.514              53              60
  231         114.384    -159.888         -67.597    -428.050             231             146
  161         -73.345     736.043        -394.841     569.811             161             114
   58         959.997     583.908         808.662     121.615              58              59
  254         -84.887     192.045         -36.421    -549.013             254             160
   89        -702.916     261.474          23.936      28.096              89              75
   91         -60.960    -332.799          44.449    -485.429              91              79
  205       -1392.236     -82.777        -581.847    -123.336             205             133
  107         -96.602      35.129        -113.574     398.886             107              87
  188        -385.901      67.204         165.755      14.420             188             124
  245         107.610    -881.694          35.389     -22.227             245             156
  127         520.921     -12.185          18.224    -231.021             127              94
  192        -626.000      -0.018        -355.000       0.000             192              36
   46         520.926      12.251          18.222     231.021              46              34
  123         107.509     881.699          35.389      22.228             123              36
  225        -385.918     -67.263         165.755     -14.419             225              34
  114         -96.627     -35.150        -113.573    -398.887             114              36
  101       -1392.238      82.651        -581.848     123.335             101              34
   78         -60.954     332.768          44.449     485.429              78              36
  115        -702.855    -261.566          23.936     -28.095             115              34
  133         -84.806    -192.078         -36.422     549.013             133              36
  218         960.075    -583.843         808.662    -121.613             218              34
   56         -73.281    -736.029        -394.840    -569.811              56              36
   83         114.386     159.926         -67.598     428.050              83              34
   27         486.089     110.803          33.938    -266.514              27              36
  189        -812.260     522.366        -170.910     458.284             189              34
  135         615.897    -779.630         505.203    -216.348             135              36
  158        -129.919    -134.527        -427.172      29.192             158              34
    2         724.820     335.915         642.889     113.924               2              36
  134        -704.654   -1266.288        -475.367    -639.417             134              34
   40        1071.508     609.814         135.204     716.405              40              36
  159         528.474    -843.008         466.007   -1020.082             159              34
  213        -454.463    -133.451       -1177.169    -333.518             213              36
  105        -889.181    1217.187        -750.823     548.871             105              34
  206        -157.073    1375.266         -79.996    1181.539             206              36
  242         682.855      86.582         856.654     104.627             242              34
  162         298.199     392.866        -186.129     -11.193             162              36
  225        -332.521     896.027         380.823     221.889             225              34
   16        -353.568    -207.454          57.698     -14.581              16              36
   23         -13.366    -303.845         415.048    -116.560              23              34
  117        -163.524    -669.871        -338.008    -359.281             117              36
  242        -233.315     450.757         -78.574     307.534             242              34
  226           0.760    -222.139          87.295     -44.701             226              36
   97        -131.835    -273.558         -74.500    -119.785              97              34
   73        -113.005     145.005        -325.000      86.000              73              36
   67        -423.741     243.854        -114.763     151.801              67              34
   41        -363.242     364.281        -375.386     456.504              41              36
  247          87.998     491.939         459.431     577.082             247              34
  223         413.661    -394.149         300.639     -27.468             223              36
   70         176.475    -455.278         284.247    -208.693              70              34
  168         259.406    -594.521        -530.325    -213.839             168              36
  173        -139.355    1592.046        -264.970     550.411             173              34
  207        -954.503     317.092        -104.891     700.724             207              36
  206        1639.873     204.843         863.681     676.741             206              34
  177         774.895     529.649         480.895    -260.476             177              36
  130          64.425     548.453         396.092      28.142             130              34
  128        -686.102      28.945         200.396    -191.043             128              36
  218         276.073   -1087.220         500.962    -273.076             218              34
  166        -386.140    -293.830        -597.884    -621.526             166              36
  216        -879.142     478.993        -159.340     709.867             216              34
  240         299.248    -538.113         227.111      69.924             240              36
  196        1049.649      81.585         582.195     199.078             196              34
  237        -211.780    -258.650         -11.400    -833.589             237              36
    0        -847.732    -243.700        -376.717     209.541               0              34
  235        -223.645     -55.356        -253.547    -115.049             235              36
  158        -492.368     232.168         -66.984     614.664             158              34
  201          56.616    -361.618          51.927    -102.402             201              36
  162         168.158     210.435          89.983     557.313             162              34
  194        -234.827     -11.777         107.441    -259.070             194              36
   32        -188.846    -567.804          56.596     494.326              32              34
  161         262.342     -88.388        -111.113    -362.882             161              36
  231        -562.386     275.286          63.871     810.278             231              34
   69        -771.173    -992.148        -332.675    -834.083              69              36
  181       -1505.782      72.788        -880.731    1877.147             181              34
   86        -182.464    -729.409         158.883     125.646              86              36
   68         146.922   -1116.160        -350.946    4635.270              68              34
