SINAL     NFT                         FFT                         NFT INVERSA     FFT INVERSA
-----     -----------------------     -----------------------     -----------     -----------
   72       15059.000       0.000        7630.124       0.000              72              69
  241        -508.744      24.435         553.936   -4541.770             241             148
   74         -28.325   -1099.866        -346.052    -206.556              74              70
  215         345.272     184.898         321.822   -1535.776             215             135
   68        -697.831    -350.490        -674.801     -40.480              68              67
   83         561.645     255.505         485.947    -389.789              83              69
   33         -11.744    -112.424        -536.540    -187.779              33              49
  110         187.038    1568.321         519.649     664.386             110              82
   23        1064.976    -616.567         941.925    -424.946              23              44
  165         100.704     -64.142         388.828    -477.370             165             110
   29        1006.636   -1060.515         475.762    -768.843              29              47
  133        -860.260     103.134        -474.422    -566.612             133              94
  247         928.646    -579.830         259.535     353.034             247             156
  121        1304.597    1012.980         637.902    -581.899             121              88
  115        -994.822    -685.272          74.087    -584.747             115              90
  177         580.074   -1037.920          36.599    -606.276             177             116
  183         230.343    -167.721        -409.140    -428.192             183             124
   90         308.225     890.388         -81.679     210.321              90              72
  216         611.727     202.525         409.602    -477.567             216             141
  165        -889.339     671.220        -642.846    -325.786             165             110
  198        -486.251    1033.504         300.162     528.303             198             132
   68        -415.238    -830.482         455.394    -600.037              68              61
    2          32.034   -1068.146         -96.893    -397.842               2              34
  180          -0.915    -276.310        -290.603    -384.827             180             117
   15         162.375     280.542         -84.994     267.651              15              40
   18         479.298    -135.375         301.276    -513.987              18              36
  183        -478.712      88.157        -614.556    -143.331             183             124
    4          69.583     916.221         163.039     298.581               4              29
  223        -267.208    -317.324         113.008    -234.531             223             144
  153         481.792     -36.062          13.832    -211.546             153             104
  149        -823.273     559.657        -473.086    -191.625             149             107
  194        -336.107     617.118         -63.296     806.981             194             124
  187         960.987     392.008         907.000    -131.000             187             126
   53        -680.153    -479.704        -152.305    -387.317              53              54
   49         798.555     333.063         463.008     107.459              49              57
   25        -300.764    -336.305         150.300    -776.369              25              40
  194        -644.670     138.283        -303.871    -236.177             194             130
  209       -1470.062    -598.862        -304.227    -226.275             209             132
   55         316.122    -606.504        -268.613     348.699              55              60
   41         510.958     659.567         257.975     150.994              41              48
   86         186.690       4.768         224.036      33.835              86              76
  140         165.491     -29.454         242.394    -213.240             140              97
   65         276.516    -187.137          57.202     -51.864              65              65
  195         483.741     457.683         250.436    -146.743             195             125
   21         -76.811     504.325         175.683     -15.811              21              43
  194         143.606      81.837         776.703    -371.964             194             124
    4        -604.170   -1713.501         -64.723   -1339.658               4              35
   59        -891.455     -99.133       -1103.096    -231.455              59              57
  195        -714.375     818.241         -42.859     409.808             195             130
  148        -510.342    -559.452         -82.069    -140.303             148             101
  164          68.440     286.595         269.937     213.432             164             115
  252        -282.134   -1178.144         207.938    -834.471             252             153
  185        -907.109    -428.724        -792.773    -164.952             185             125
  194        -234.507    -142.669         -79.009     337.515             194             124
    8         392.529     -88.096         146.018      63.347               8              37
   47         144.196    -348.573         152.999    -111.472              47              51
  167         621.936      63.680         303.032    -114.763             167             116
  109        -280.004    -833.822         167.009    -792.435             109              82
   17        -238.304    -618.747        -585.839    -329.760              17              41
   39         -71.163     347.865          12.547     -44.600              39              47
   18        -464.795    -750.571         -28.943    -599.997              18              42
   65        -812.369   -1180.491        -788.117    -644.841              65              60
   12        -403.185     378.324        -749.311     440.572              12              39
   84          53.309    -298.903          68.093    -118.559              84              69
  154        -229.000       0.015        -714.000       0.000             154              36
  139          53.275     298.945          68.091     118.560             139              30
  191        -403.173    -378.302        -749.310    -440.573             191              36
  198        -812.464    1180.471        -788.118     644.840             198              30
  252        -464.829     750.524         -28.943     599.998             252              36
  100         -71.108    -347.863          12.547      44.600             100              30
   97        -238.334     618.754        -585.840     329.760              97              36
  234        -280.036     833.789         167.008     792.435             234              30
   29         621.964     -63.642         303.032     114.763              29              36
    4         144.163     348.583         152.998     111.472               4              30
  121         392.499      88.125         146.019     -63.346             121              36
  189        -234.558     142.659         -79.008    -337.515             189              30
  226        -907.154     428.662        -792.773     164.951             226              36
  157        -282.216    1178.093         207.936     834.471             157              30
  230          68.462    -286.626         269.937    -213.431             230              36
  211        -510.401     559.377         -82.069     140.303             211              30
  169        -714.302    -818.316         -42.859    -409.808             169              36
   78        -891.431      99.093       -1103.097     231.452              78              30
  117        -604.251    1713.427         -64.726    1339.658             117              36
   14         143.672     -81.900         776.703     371.965              14              30
  209         -76.717    -504.373         175.683      15.811             209              36
  125         483.820    -457.650         250.435     146.743             125              30
  136         276.519     187.158          57.202      51.864             136              36
  249         165.503      29.453         242.393     213.241             249              30
  251         186.704      -4.772         224.036     -33.835             251              36
  169         511.007    -659.516         257.975    -150.994             169              30
   33         316.025     606.548        -268.612    -348.699              33              36
   39       -1470.128     598.714        -304.228     226.274              39              30
   69        -644.613    -138.365        -303.871     236.177              69              36
   71        -300.729     336.251         150.299     776.369              71              30
   60         798.613    -333.021         463.008    -107.458              60              36
  227        -680.165     479.615        -152.305     387.317             227              30
   44         961.040    -391.975         907.000     131.000              44              36
  106        -336.069    -617.168         -63.295    -806.982             106              30
  207        -823.193    -559.719        -473.086     191.624             207              36
   94         481.826      36.114          13.831     211.546              94              30
   24        -267.213     317.283         113.008     234.531              24              36
  139          69.685    -916.222         163.040    -298.580             139              30
   88        -478.665     -88.172        -614.556     143.331              88              36
    8         479.328     135.427         301.276     513.988               8              30
  132         162.415    -280.511         -84.993    -267.652             132              36
  206          -0.924     276.342        -290.604     384.826             206              30
  225          31.954    1068.146         -96.894     397.842             225              36
  140        -415.293     830.378         455.393     600.038             140              30
   60        -486.132   -1033.605         300.163    -528.302              60              36
   36        -889.206    -671.298        -642.846     325.784              36              30
   14         611.828    -202.470         409.601     477.568              14              36
   62         308.352    -890.332         -81.678    -210.320              62              30
  237         230.379     167.799        -409.141     428.192             237              36
  121         580.016    1037.987          36.598     606.276             121              30
   66        -994.812     685.149          74.086     584.747              66              36
    2        1304.763   -1012.880         637.900     581.899               2              30
   97         928.607     579.925         259.535    -353.034              97              36
   16        -860.209    -103.196        -474.422     566.611              16              30
  182        1006.613    1060.589         475.760     768.844             182              36
  220         100.749      64.112         388.828     477.371             220              30
   29        1064.965     616.594         941.925     424.947              29              36
   78         187.190   -1568.335         519.650    -664.386              78              30
  103         -11.706     112.442        -536.540     187.778             103              36
   23         561.713    -255.446         485.946     389.790              23              30
  124        -697.783     350.440        -674.801      40.479             124              36
   30         345.415    -184.857         321.819    1535.776              30              30
  182         -28.243    1099.853        -346.053     206.555             182              36
  188        -508.350     -24.520         553.928    4541.769             188              30
