SINAL     NFT                         FFT                         NFT INVERSA     FFT INVERSA
-----     -----------------------     -----------------------     -----------     -----------
    0       16088.000       0.000        8164.124       0.000               0              33
   40         360.949      91.836         338.353   -4971.645              40              51
  210        -444.977    -299.202        -598.014    -278.824             210             138
  102         -19.810     940.609         133.399   -1278.888             102              82
   23        -707.724   -1053.988        -252.526    -391.712              23              44
   32         906.208     741.134         -71.681    -657.718              32              47
  142       -1107.678     -41.052         -26.883    -597.187             142             104
  249        -681.085    -664.382        -926.693    -607.173             249             156
  220         104.777    1140.175         -41.271     621.149             220             143
  121         123.358      78.797         160.476    -787.327             121              92
  245       -1730.346     332.814        -819.932    -137.769             245             155
  133        -848.620     237.328        -466.464     460.622             133              98
   19         -75.348     583.957         311.036     556.843              19              42
   65          41.297    -568.170         147.221     -76.745              65              64
  108         559.710     646.715         378.958     371.711             108              87
  144        -196.217    -627.235         459.465    -374.608             144             103
  151         661.765    -602.767         279.563     -16.177             151             108
  100         623.372    -563.091         555.137    -627.757             100              81
  213         -11.738   -1200.227        -169.364    -728.658             213             139
   66         243.617    -346.855        -311.025    -142.171              66              64
  207        1040.155    -194.999         429.609    -364.743             207             136
   45        -620.700    -742.134        -735.261    -945.235              45              54
  159         342.171     391.519        -330.940     574.041             159             112
   62         934.050     210.528         175.246    -639.864              62              62
  206        -707.880     982.335        -489.566      70.305             206             136
   67        -478.585    -441.391          72.646    -520.015              67              65
   78        -344.392    -175.348        -801.967      85.930              78              72
  223         681.575     908.573         361.806      10.427             223             143
  154       -1014.782    -254.698        -529.710    -574.662             154             110
  198        -311.710     252.008        -340.068      58.296             198             130
   61        -854.673       0.802        -559.701    -402.021              61              63
  232       -1508.126     489.153       -1017.706     456.289             232             147
  237        -178.993     400.996          74.000     856.000             237             151
  125         599.186    -596.262         184.605    -167.987             125              94
   69         218.091     237.529        -556.381     115.130              69              67
  128         167.916    1570.721        -223.139     648.389             128              95
   17         -63.840    1109.049         443.001     547.144              17              41
   87         127.925    -241.831         341.819    -256.724              87              75
   48         -57.042      34.606         -60.981      53.578              48              57
  237         522.848      92.265         109.423    -218.778             237             150
   96        -401.631     877.792        -263.134      71.712              96              81
   70        -535.468     435.878          75.841    -102.585              70              66
  140       -1308.347    -195.173        -381.600      82.995             140             103
  191         461.499    -443.965          93.354     113.781             191             127
  232        -447.604     436.888        -277.097      27.553             232             149
  178         165.757    -549.957          -6.665      96.106             178             120
  175         241.723     872.871        -449.331     170.085             175             120
  230        -118.299     974.102         119.364     516.529             230             146
    5        -145.789     867.213         -31.564     219.823               5              35
   76        -113.517     594.872         499.974     385.055              76              69
   25        -421.496    -241.950           6.006    -458.328              25              45
  190        -691.916     114.297        -225.567     641.013             190             126
  170        1332.095     203.901         856.058      50.387             170             118
   79        -467.414    -414.375          15.592    -614.430              79              71
   14        -150.333    -160.828        -326.061    -100.924              14              40
   34        -419.144     383.733        -256.449     118.258              34              48
  113         -91.366     619.627        -174.029     342.556             113              89
  199        -206.992     956.262         237.547     525.466             199             131
    8         385.743     185.674         677.003     -42.110               8              37
   83        -730.475    -403.882          70.109    -542.340              83              73
   82        -606.987    -590.281        -332.370    -192.660              82              74
   76        -908.998     150.965        -535.759     238.580              76              69
  163         363.528     355.590         227.190     905.084             163             114
  110        1009.347     389.640         764.051    -203.216             110              86
   59       -1066.000      -0.069        -182.000       0.000              59              36
   10        1009.391    -389.592         764.048     203.218              10              34
  131         363.505    -355.574         227.192    -905.083             131              36
   28        -909.026    -151.038        -535.759    -238.581              28              34
    3        -607.038     590.217        -332.371     192.660               3              36
  204        -730.482     403.768          70.107     542.340             204              34
   79         385.780    -185.710         677.002      42.112              79              36
  241        -206.913    -956.320         237.548    -525.465             241              34
  216         -91.314    -619.638        -174.028    -342.556             216              36
  197        -419.105    -383.754        -256.450    -118.258             197              34
  193        -150.331     160.826        -326.062     100.924             193              36
  234        -467.411     414.316          15.591     614.430             234              34
  121        1332.110    -203.822         856.058     -50.386             121              36
  168        -691.941    -114.378        -225.565    -641.014             168              34
  131        -421.509     241.871           6.005     458.328             131              36
  181        -113.454    -594.936         499.975    -385.054             181              34
  185        -145.706    -867.255         -31.563    -219.823             185              36
  228        -118.202    -974.111         119.364    -516.529             228              34
   56         241.804    -872.809        -449.331    -170.086              56              36
  218         165.696     549.998          -6.665     -96.105             218              34
  117        -447.574    -436.917        -277.097     -27.554             117              36
   14         461.438     444.009          93.354    -113.780              14              34
   37       -1308.379     195.033        -381.600     -82.995              37              36
   17        -535.397    -435.959          75.840     102.586              17              34
   63        -401.508    -877.828        -263.134     -71.712              63              36
  214         522.889     -92.207         109.422     218.778             214              34
   71         -57.027     -34.613         -60.981     -53.578              71              36
   38         127.916     241.806         341.819     256.725              38              34
    4         -63.736   -1109.093         443.001    -547.143               4              36
  127         168.059   -1570.676        -223.138    -648.389             127              34
  173         218.113    -237.441        -556.381    -115.131             173              36
  229         599.106     596.338         184.605     167.988             229              34
   92        -179.022    -401.011          74.000    -856.000              92              36
  103       -1508.109    -489.255       -1017.706    -456.292             103              34
  245        -854.640      -0.847        -559.702     402.021             245              36
  225        -311.656    -252.011        -340.067     -58.296             225              34
   85       -1014.746     254.621        -529.711     574.662              85              36
  197         681.700    -908.494         361.806     -10.426             197              34
   98        -344.392     175.363        -801.967     -85.931              98              36
   55        -478.587     441.352          72.645     520.016              55              34
   34        -707.722    -982.382        -489.566     -70.305              34              36
  253         934.134    -210.402         175.244     639.865             253              34
  116         342.220    -391.425        -330.939    -574.041             116              36
    0        -620.715     742.139        -735.263     945.234              -0              34
  183        1040.185     195.121         429.608     364.744             183              36
  252         243.598     346.922        -311.025     142.170             252              34
  108         -11.811    1200.246        -169.365     728.658             108              36
  174         623.351     563.130         555.137     627.759             174              34
  115         661.707     602.801         279.564      16.177             115              36
   97        -196.274     627.170         459.464     374.608              97              34
  240         559.759    -646.699         378.958    -371.710             240              36
    1          41.223     568.147         147.221      76.745               1              34
  178         -75.332    -583.997         311.037    -556.843             178              36
  157        -848.625    -237.410        -466.464    -460.623             157              34
   46       -1730.270    -332.963        -819.932     137.769              46              36
   15         123.445     -78.797         160.474     787.328              15              34
  170         104.914   -1140.141         -41.270    -621.149             170              36
  240        -681.097     664.359        -926.694     607.170             240              34
  250       -1107.574      40.951         -26.884     597.187             250              36
  195         906.376    -741.034         -71.682     657.718             195              34
  109        -707.712    1053.934        -252.526     391.712             109              36
   69         -19.576    -940.614         133.396    1278.888              69              34
   13        -444.769     299.187        -598.014     278.823              13              36
  224         361.402     -91.797         338.343    4971.643             224              34
