SINAL     NFT                         FFT                         NFT INVERSA     FFT INVERSA
-----     -----------------------     -----------------------     -----------     -----------
  100       14656.000       0.000        7860.124       0.000             100              86
    0         370.479    -194.931         565.761   -4514.469               0              25
   94          -4.880    -772.119          85.411    -866.712              94              83
   52       -1046.791    -732.498        -651.847   -1905.824              52              51
   49        -408.474     -83.881        -515.359      76.169              49              61
  182        -411.237    -516.071        -205.317    -855.865             182             116
   24         332.566    -349.998        -605.571    -208.443              24              48
  237        -847.659    1193.363        -808.937      90.249             237             144
  223         645.603     919.828         321.431     788.975             223             148
   63         -61.227     432.225         189.478    -440.386              63              57
  166         546.686     377.596         188.809     179.267             166             119
  224        -765.844     437.654         -25.379    -759.174             224             137
   80        -816.333    -381.626        -562.021     232.725              80              76
  200          50.161     944.108         -17.870      45.777             200             125
  186        -872.663     209.334        -240.252     316.841             186             129
  237          -5.737     640.503         114.357     420.186             237             144
  213         345.853     146.943         569.868     361.243             213             143
  179         641.537     -98.748         507.459    -382.436             179             115
  143        -177.037     -91.394          72.424    -267.532             143             108
   26        -184.522    -151.497         -47.019    -253.783              26              38
   37          42.242     314.776         -75.167       9.693              37              55
  139        -662.869     778.572          28.610       5.247             139              95
  112        -874.917    -425.412          98.670     -91.970             112              92
  124        -658.147    -389.979        -219.470     112.794             124              87
   86         579.727    -437.036         611.606     208.816              86              79
  245         115.750    -912.801         -39.309    -755.999             245             148
   92        -440.875       8.010        -360.711     228.848              92              82
  164         247.582    -411.545         184.060     -14.341             164             107
   76         379.095    -477.264         -86.197    -257.212              76              74
  241        -291.673     343.156        -643.415     241.368             241             146
   74        1026.318    1367.691         619.899     780.216              74              73
  187        -774.994    -175.803         208.241    -709.844             187             119
   74        -531.975    -686.014        -261.000     427.000              74              73
  182         990.588    -347.316         200.844    -191.192             182             116
   49         170.708     952.946        -185.243     578.516              49              61
   12         635.191     368.756         751.558      46.379              12              31
   87         515.886     133.175         236.664     -61.982              87              80
   75        -117.891     349.686         543.563    -542.020              75              63
  150       -1269.523   -1308.898        -453.448    -387.445             150             111
   72         856.041    -200.859         161.285      -3.178              72              61
    4        -602.765    -221.935        -323.281    -478.569               4              38
   65        -424.112    -143.048        -378.958     231.171              65              58
  127         348.159    -133.706         -41.596     -51.083             127             100
  129        -435.938     571.817        -516.947     122.765             129              90
   26        -337.572     402.485         -67.059     456.182              26              49
   16        -174.245     476.903        -271.135     244.447              16              33
  164        -500.111     680.183         110.010     807.411             164             118
  207         779.237    -244.077         353.579     199.671             207             129
  108         176.127     876.945         178.131     463.243             108              90
  182         416.364     255.494         437.280     343.340             182             116
   20         515.338     603.030         800.139     251.386              20              46
  190          -5.486   -1079.291         341.516    -582.431             190             120
   99         198.971     180.451          76.648     331.616              99              86
   95         761.945    -797.007         593.596    -401.946              95              73
   13         213.201     307.307        -163.251     -51.424              13              43
  167        -120.756    -205.737         241.832    -128.303             167             109
   64         137.447      90.943        -137.757     285.591              64              68
   15         993.262     172.845         771.571     162.765              15              33
  150         643.922    -150.508         430.699    -573.011             150             111
  209        -669.362    -479.937        -327.125    -555.576             209             130
   44         -69.856     600.921        -183.510     539.801              44              58
  136         342.749    -145.877         574.689    -232.932             136              93
   67         -24.982      41.538          60.012      -5.508              67              70
  205         137.683   -1263.773         382.406    -955.787             205             128
  110        -988.000      -0.014       -1456.000       0.000             110              40
  158         137.605    1263.788         382.402     955.788             158              28
  235         -24.960     -41.574          60.011       5.508             235              40
   77         342.745     145.877         574.688     232.934              77              28
  236         -69.810    -600.933        -183.509    -539.801             236              40
  142        -669.368     479.884        -327.127     555.576             142              28
   25         643.960     150.539         430.698     573.012              25              40
   88         993.279    -172.781         771.571    -162.763              88              28
   45         137.435     -90.937        -137.757    -285.591              45              40
   57        -120.771     205.717         241.831     128.303              57              28
   49         213.245    -307.288        -163.251      51.424              49              40
   53         761.877     797.061         593.595     401.948              53              28
  181         198.967    -180.455          76.649    -331.616             181              40
  135          -5.579    1079.244         341.515     582.431             135              28
  138         515.386    -603.054         800.139    -251.385             138              40
  140         416.365    -255.501         437.280    -343.339             140              28
   31         176.181    -876.946         178.132    -463.243              31              40
   75         779.173     244.128         353.578    -199.671              75              28
  192        -500.104    -680.249         110.010    -807.411             192              40
   46        -174.230    -476.919        -271.136    -244.448              46              28
   26        -337.556    -402.506         -67.058    -456.182              26              40
  233        -435.886    -571.827        -516.947    -122.766             233              28
  146         348.142     133.769         -41.596      51.082             146              40
   21        -424.140     143.033        -378.958    -231.171              21              28
  179        -602.763     221.899        -323.281     478.568             179              40
  235         856.019     200.948         161.285       3.178             235              28
  157       -1269.634    1308.764        -453.448     387.444             157              40
   26        -117.807    -349.751         543.562     542.021              26              28
  146         515.937    -133.164         236.664      61.983             146              40
   48         635.231    -368.730         751.558     -46.377              48              28
   55         170.789    -952.918        -185.242    -578.517              55              40
   44         990.531     347.432         200.844     191.193              44              28
  159        -532.074     685.958        -261.000    -427.000             159              40
  148        -774.987     175.685         208.238     709.843             148              28
  118        1026.444   -1367.618         619.900    -780.215             118              40
   66        -291.657    -343.133        -643.415    -241.370              66              28
    7         379.053     477.331         -86.198     257.212               7              40
  232         247.522     411.572         184.060      14.341             232              28
  198        -440.888      -8.034        -360.711    -228.848             198              40
   46         115.677     912.811         -39.310     755.999              46              28
   82         579.657     437.055         611.607    -208.815              82              40
  107        -658.224     389.886        -219.471    -112.795             107              28
  229        -874.956     425.277          98.669      91.970             229              40
  101        -662.772    -778.675          28.610      -5.247             101              28
  105          42.302    -314.780         -75.167      -9.693             105              40
  228        -184.509     151.472         -47.020     253.783             228              28
  145        -177.005      91.355          72.424     267.533             145              40
    5         641.554      98.766         507.458     382.437               5              28
  153         345.855    -146.960         569.869    -361.243             153              40
  207          -5.709    -640.534         114.358    -420.187             207              28
  178        -872.643    -209.429        -240.252    -316.842             178              40
   57          50.254    -944.103         -17.870     -45.777              57              28
   51        -816.347     381.558        -562.021    -232.725              51              40
    5        -765.740    -437.740         -25.381     759.174               5              28
   36         546.782    -377.563         188.809    -179.267              36              40
  155         -61.147    -432.243         189.477     440.387             155              28
   75         645.703    -919.771         321.432    -788.975              75              40
   58        -847.525   -1193.375        -808.937     -90.252              58              28
   25         332.593     350.101        -605.571     208.442              25              40
  141        -411.228     516.072        -205.319     855.864             141              28
  195        -408.400      83.876        -515.359     -76.170             195              40
  171       -1046.706     732.431        -651.851    1905.821             171              28
  126          -4.707     772.101          85.410     866.712             126              40
   60         370.867     194.925         565.752    4514.468              60              28
