SINAL     NFT                         FFT                         NFT INVERSA     FFT INVERSA
-----     -----------------------     -----------------------     -----------     -----------
  156       15999.000       0.000        8441.124       0.000             156             112
  119        -818.673    -536.814        -310.748   -5137.682             119              92
   45         -26.698      -1.449        -577.832     190.904              45              56
   43        -777.379     692.261        -274.482   -1438.379              43              54
   28        -636.730    -139.375        -575.512     566.952              28              48
    7         847.999    1051.198         391.798    -339.984               7              36
  110        -758.325     235.482        -240.283     -64.950             110              89
  197        -252.258     764.462         -14.037     294.754             197             131
   36         696.320     146.528         743.815     146.535              36              52
    6         -27.494      54.017         142.923    -575.018               6              35
  231        -401.909     -57.017          84.068    -120.562             231             149
   34        -730.657    -159.314        -365.177     -29.044              34              49
  105         853.685     353.830         716.933     578.514             105              86
  132          58.019    -825.923         211.314    -947.780             132              98
   87        -455.778     255.540        -442.248     470.502              87              77
  246         520.907    -254.863         550.834      47.335             246             155
  210         558.216       3.631        -147.414     154.019             210             139
  168         780.539    1084.045         765.660     748.666             168             116
   25        2013.044    -889.112        1423.280    -661.432              25              46
  183         273.934    -396.019        -258.708   -1250.691             183             124
   29        -750.179     919.659        -513.520     119.621              29              48
  238        -628.447     507.932          97.557     292.383             238             151
  195         455.899    -139.534         490.639     136.595             195             131
  201         263.351      -9.899         398.689    -124.061             201             133
  127         703.507    -653.483         619.467    -343.127             127              97
    0         497.908    -452.551         -30.191    -568.708              -0              32
   61         326.252     553.753         222.575    -241.696              61              64
   78        -914.960    -441.597        -292.779    -418.489              78              71
  243         788.774      60.417         301.595      83.362             243             155
  248        -359.984    -254.622        -204.590    -773.459             248             156
  139        -481.081     550.116        -460.456     132.127             139             103
  143       -1178.808     443.251        -398.246     228.473             143             104
  233         563.992     578.999         577.000     678.000             233             150
   82        -850.597    -922.589          98.932    -785.944              82              73
   63         322.288    -507.544        -396.976     692.444              63              65
  186        1276.180     862.611         575.896      32.332             186             125
  206         -40.254     581.068         121.547     252.167             206             137
   37         230.940      68.056         524.674    -187.402              37              51
   58         201.817    -110.590         -16.015      40.106              58              63
   27         271.781     878.169         346.877     209.954              27              46
   47         724.870     231.259         883.276     150.512              47              57
  227          34.405    -416.594         592.784   -1073.593             227             146
   90        -863.702   -1111.567        -288.531    -293.175              90              79
  241         932.634    -223.927         204.164    -475.108             241             153
  202        -824.197     277.494        -192.038    -296.642             202             135
  120        -638.646    -784.341        -284.123    -626.672             120              92
   54       -1199.156     545.941        -812.616     438.560              54              61
   34        -183.404     -35.355         317.881     275.626              34              49
  231        -300.197     -98.396        -144.586     208.019             231             149
  106          66.788    -339.524         386.485      90.776             106              85
  253         312.214    -538.799         -11.587     125.203             253             160
  211         909.477    -109.169         464.629    -154.304             211             138
  230        -272.965      98.055        -414.538      61.667             230             149
  120        1030.482     651.706         795.665     554.839             120              92
  113         679.826    -415.153         540.639    -807.527             113              90
  177        -697.196      62.980        -250.792    -308.429             177             121
   15        -260.696    -548.740         173.443    -219.825              15              41
   84        -299.951    -995.384        -507.438    -636.957              84              74
   85        -431.697    1035.258        -713.297     698.998              85              76
  156         -69.411     671.433         487.619     422.464             156             110
  158         -70.195    -248.346         139.530     163.175             158             113
   19         384.485    -220.413         559.608     -63.438              19              42
   70         115.033    -982.324         -33.357    -290.732              70              69
  234         687.996     107.247          68.278     -87.473             234             149
  136        -395.000      -0.011        -169.000       0.000             136              37
  198         688.010    -107.164          68.276      87.473             198              35
   67         114.936     982.335         -33.357     290.732              67              37
   81         384.446     220.413         559.607      63.439              81              35
  200         -70.243     248.296         139.531    -163.175             200              37
  187         -69.378    -671.473         487.619    -422.463             187              35
   45        -431.623   -1035.261        -713.296    -698.999              45              37
  202        -300.030     995.394        -507.439     636.956             202              35
  244        -260.731     548.697         173.443     219.825             244              37
  188        -697.146     -63.061        -250.793     308.428             188              35
  148         679.846     415.179         540.638     807.528             148              37
  185        1030.535    -651.641         795.666    -554.837             185              35
   89        -272.961     -98.068        -414.537     -61.668              89              37
  250         909.463     109.258         464.629     154.305             250              35
   97         312.130     538.823         -11.587    -125.203              97              37
  112          66.716     339.506         386.486     -90.775             112              35
  193        -300.242      98.343        -144.586    -208.019             193              37
  161        -183.446      35.312         317.881    -275.625             161              35
   46       -1199.124    -546.041        -812.616    -438.562              46              37
  210        -638.686     784.283        -284.125     626.672             210              35
   64        -824.114    -277.580        -192.038     296.642              64              37
   12         932.650     224.014         204.163     475.108              12              35
   81        -863.773    1111.469        -288.532     293.175              81              37
  195          34.432     416.526         592.782    1073.594             195              35
  155         724.927    -231.271         883.276    -150.512             155              37
    8         271.867    -878.179         346.877    -209.954               8              35
    9         201.822     110.592         -16.015     -40.106               9              37
   11         230.958     -68.073         524.674     187.403              11              35
  150         -40.177    -581.099         121.548    -252.167             150              37
   74        1276.254    -862.487         575.896     -32.331              74              35
   75         322.195     507.598        -396.975    -692.444              75              37
  246        -850.692     922.482          98.931     785.945             246              35
   71         564.025    -579.003         577.000    -678.000              71              37
  132       -1178.783    -443.367        -398.247    -228.474             132              35
  161        -480.997    -550.147        -460.456    -132.128             161              37
  170        -359.948     254.603        -204.592     773.458             170              35
    9         788.807     -60.351         301.595     -83.361               9              37
  213        -914.965     441.506        -292.780     418.488             213              35
  184         326.365    -553.730         222.575     241.696             184              37
   56         497.916     452.604         -30.191     568.707              56              35
   32         703.474     653.517         619.466     343.127              32              37
  115         263.357       9.881         398.688     124.061             115              35
  217         455.880     139.527         490.639    -136.594             217              37
  128        -628.402    -508.026          97.557    -292.383             128              35
  153        -750.037    -919.714        -513.520    -119.622             153              37
   24         274.007     396.065        -258.711    1250.690              24              35
  159        2013.019     889.242        1423.278     661.435             159              37
   62         780.615   -1084.011         765.662    -748.664              62              35
   81         558.199      -3.572        -147.414    -154.019              81              37
  248         520.855     254.900         550.833     -47.335             248              35
  161        -455.770    -255.579        -442.248    -470.503             161              37
   20          57.971     825.909         211.312     947.780              20              35
   50         853.703    -353.792         716.934    -578.513              50              37
   32        -730.684     159.232        -365.177      29.042              32              35
  236        -401.880      56.952          84.067     120.562             236              37
   68         -27.438     -54.057         142.922     575.019              68              35
  189         696.359    -146.513         743.815    -146.535             189              37
  231        -252.183    -764.511         -14.037    -294.755             231              35
  122        -758.243    -235.562        -240.283      64.950             122              37
  122         848.147   -1051.120         391.797     339.984             122              35
  111        -636.689     139.339        -575.511    -566.952             111              37
   23        -777.191    -692.309        -274.485    1438.377              23              35
  132         -26.496       1.485        -577.833    -190.904             132              37
  129        -818.296     536.757        -310.758    5137.679             129              35
