SINAL     NFT                         FFT                         NFT INVERSA     FFT INVERSA
-----     -----------------------     -----------------------     -----------     -----------
  172       15711.000       0.000        7936.124       0.000             172             116
  174        -496.026      51.029         414.157   -4771.441             174             119
   68        -493.897   -1186.347        -745.922    -343.718              68              64
  171         269.338    1198.168         -86.278    -504.992             171             118
  184         832.284     392.652         533.358      35.833             184             122
   38        -595.980     861.259         -66.070    -555.296              38              51
   98         354.342     268.210         676.347     478.992              98              79
   89         549.375    -333.667         776.982    -788.610              89              77
   40         627.690    -747.290         342.750    -566.286              40              50
   19        -188.884     351.556        -243.990    -484.388              19              42
   12         423.036     722.593         678.773     320.097              12              36
  108        -120.149    -895.296         580.746   -1021.268             108              86
   86         588.091    -856.999         123.634    -574.111              86              73
  216        -676.542     -44.432        -338.269    -913.772             216             140
  177        -688.674    -256.224        -356.071      91.624             177             118
  104        -102.865     -86.615        -160.586    -227.516             104              84
   43         449.058     451.273         142.131     248.001              43              51
  121        -736.656     430.707        -169.234    -518.024             121              93
  142        -872.245     222.871         -62.612     777.554             142             101
  186        1077.660    -512.011         678.308    -451.872             186             125
   91        -834.253     759.452        -235.665     217.324              91              75
  161         296.687    -976.851         833.826    -125.226             161             113
  133         742.122    -413.953          96.667    -520.302             133              96
  210        -629.981    -395.072          61.551    -488.828             210             137
  214        -137.895    -570.441        -401.463    -241.879             214             137
  204        -805.459      44.727        -356.704      73.749             204             134
   75         567.765     213.909          27.775     699.842              75              67
  109         608.627     358.781         692.670    -159.148             109              87
   90        -234.299    -260.706        -120.451     -57.635              90              75
  100         123.204     -77.939         345.987     -16.820             100              82
  144         333.560    -239.134          -8.613      67.335             144             102
   37         357.552     178.477         471.515    -123.482              37              51
  112        -181.994    -275.008        -219.000     -63.000             112              86
  244         139.407     154.404         452.205     165.321             244             154
  155         308.493    -849.644        -126.899    -117.254             155             107
  217        1054.022     927.163         527.810     536.107             217             141
  179         983.442    -338.204         613.305    -425.331             179             119
  141         172.133     875.973         102.547    -139.557             141             103
  182        -537.067     -27.349         388.490      -7.611             182             121
  111         681.895    -942.102         551.171    -395.864             111              88
  216         408.603    -301.403        -101.278    -541.362             216             138
   70        -270.376     732.790          55.897      95.614              70              67
  114         -24.244    -523.382         327.832    -265.207             114              87
  199         190.358      43.571         133.345    -288.776             199             132
    6        -730.493    -369.946          12.646    -337.372               6              33
   26        -190.636    -504.927         -32.778    -111.012              26              45
  100        -357.703    -615.777          -6.442    -138.802             100              80
   92         713.950    -453.844         201.387     154.683              92              78
  166         574.948    -616.711         533.869    -585.998             166             113
   81         226.558   -1174.205        -586.029    -559.416              81              73
  139         414.036    1340.701         -58.279     401.022             139              99
    5         279.536    -636.538         330.310    -405.429               5              35
   55          80.416     590.168        -384.088    -340.745              55              57
   68       -1206.780     121.146        -329.667     127.704              68              66
  196         348.964     212.208          75.586     282.136             196             128
   24        -151.049    -430.034         111.609    -225.878              24              44
  128         457.590     301.757        -260.008     194.231             128              94
    0         112.800     520.863         329.963      20.035              -0              32
  118        -243.920     193.565        -309.376     -46.634             118              89
   25         -34.210     561.629         328.759     382.213              25              45
   62         186.751      -4.339          57.263    -231.800              62              61
  182        -258.865     610.159         341.813     351.736             182             123
  210         317.446    -969.751         362.743    -795.671             210             135
   95        -900.756     225.777        -650.002      30.807              95              80
  188           5.000      -0.008         280.000       0.000             188              33
  154        -900.721    -225.852        -650.003     -30.809             154              35
  218         317.392     969.749         362.741     795.672             218              33
    5        -258.800    -610.226         341.814    -351.736               5              35
  230         186.766       4.328          57.263     231.800             230              33
  246         -34.157    -561.652         328.760    -382.212             246              35
   39        -243.887    -193.594        -309.376      46.633              39              33
  170         112.869    -520.854         329.963     -20.034             170              35
   17         457.620    -301.697        -260.008    -194.231              17              33
  183        -151.088     430.027         111.608     225.879             183              35
  231         348.966    -212.189          75.586    -282.137             231              33
  170       -1206.758    -121.251        -329.667    -127.705             170              35
  248          80.519    -590.141        -384.088     340.745             248              33
   70         279.521     636.568         330.309     405.430              70              35
   12         414.171   -1340.629         -58.279    -401.022              12              33
  165         226.478    1174.283        -586.030     559.415             165              35
  176         574.907     616.765         533.868     585.999             176              33
  185         713.887     453.902         201.387    -154.682             185              35
  100        -357.784     615.736          -6.442     138.802             100              33
  159        -190.689     504.885         -32.778     111.012             159              35
   67        -730.505     369.848          12.646     337.372              67              33
  109         190.394     -43.584         133.345     288.776             109              35
  253         -24.268     523.342         327.831     265.207             253              33
  231        -270.278    -732.834          55.897     -95.614             231              35
  142         408.621     301.447        -101.279     541.362             142              33
  225         681.824     942.127         551.171     395.865             225              35
   52        -537.051      27.239         388.491       7.612              52              33
    2         172.263    -875.985         102.547     139.557               2              35
   94         983.453     338.271         613.304     425.331              94              33
  179        1054.092    -927.072         527.811    -536.106             179              35
  176         308.395     849.677        -126.899     117.254             176              33
  226         139.401    -154.412         452.206    -165.319             226              35
  211        -182.017     274.977        -219.000      63.000             211              33
   64         357.575    -178.461         471.514     123.483              64              35
  165         333.533     239.153          -8.613     -67.336             165              33
  177         123.185      77.933         345.987      16.821             177              35
   89        -234.314     260.660        -120.451      57.634              89              33
    5         608.663    -358.753         692.669     159.149               5              35
  115         567.745    -213.860          27.777    -699.842             115              33
  156        -805.480     -44.778        -356.704     -73.750             156              35
    5        -137.935     570.437        -401.464     241.879               5              33
   62        -629.982     395.008          61.550     488.827              62              35
   72         742.115     413.999          96.666     520.302              72              33
   70         296.588     976.822         833.826     125.228              70              35
    9        -834.175    -759.569        -235.665    -217.324               9              33
  116        1077.617     512.072         678.307     451.873             116              35
  196        -872.247    -222.991         -62.611    -777.554             196              33
    9        -736.581    -430.795        -169.235     518.024               9              35
  189         449.132    -451.236         142.131    -248.002             189              33
  112        -102.865      86.617        -160.587     227.515             112              35
   73        -688.669     256.166        -356.070     -91.625              73              33
  134        -676.473      44.379        -338.271     913.771             134              35
   34         588.089     857.039         123.633     574.111              34              33
  183        -120.168     895.221         580.744    1021.268             183              35
  167         423.153    -722.617         678.774    -320.095             167              33
   59        -188.790    -351.578        -243.991     484.387              59              35
  156         627.699     747.324         342.750     566.286             156              33
  141         549.397     333.651         776.980     788.610             141              35
    9         354.404    -268.249         676.348    -478.990               9              33
  209        -595.827    -861.348         -66.071     555.295             209              35
  139         832.421    -392.600         533.358     -35.833             139              33
  185         269.534   -1198.115         -86.279     504.990             185              35
   79        -493.822    1186.327        -745.923     343.717              79              33
   65        -495.606     -51.099         414.148    4771.440              65              35
