SINAL     NFT                         FFT                         NFT INVERSA     FFT INVERSA
-----     -----------------------     -----------------------     -----------     -----------
  128       16661.000       0.000        9283.124       0.000             128             102
   44         -79.445    -503.050        -240.775   -5416.738              44              56
  127        -575.883      54.393         -64.433      75.700             127             102
   83          32.943    -388.052        -298.462   -1624.510              83              76
  169         104.975     610.974         402.045     303.507             169             123
  133        -162.408   -1474.457        -199.909   -1648.536             133             101
  123         244.187     823.187        -351.297     608.796             123             100
  224         316.307    -378.356         326.728    -945.122             224             146
   48         361.687     579.236        -407.116     408.086              48              62
  190         849.847     793.347         807.570    -580.681             190             129
   75        -751.004    -170.658        -451.321    -524.158              75              76
    4        -179.313     612.893          47.351    -179.829               4              36
  159        -763.860    -173.257        -207.967    -394.521             159             118
  201        -682.495     -30.709        -386.328    -169.802             201             135
  188        -571.609     412.112        -355.271     162.105             188             132
  233        -840.505     256.733         -51.040     396.654             233             151
   76         861.780    -689.854         361.550     -13.553              76              76
   87        -275.237     723.158        -408.485      23.459              87              78
  154         262.068     648.247         554.744     761.892             154             115
  131         512.214    -619.292         674.899    -531.959             131             100
   90         688.734    -772.892          49.826    -263.708              90              83
  193         585.035     625.643          59.115    -365.079             193             131
    5        -335.006     144.507         -85.398    -181.430               5              41
  217        -419.244     519.277        -226.275    -219.631             217             143
   41        -899.878     -39.242        -208.464     120.613              41              59
  231         -98.709     281.244        -203.622     199.673             231             150
   81        -121.883     412.922         266.635     403.767              81              79
  217         251.418    -171.493         175.059     -13.245             217             143
  119         685.895     260.025         463.399     115.139             119              98
  193        -185.707     120.972         -38.067    -464.068             193             131
  132        -335.977     410.453         104.657     359.774             132             104
  108        -192.562    -193.574         256.467    -423.696             108              88
  178        -561.981    -717.016         -72.000      57.000             178             127
  195         672.025    -287.262         -96.918    -298.642             195             132
  193        -567.415    1073.560         -75.609     552.291             193             135
  191         197.867    -672.051         487.628    -379.526             191             130
   60        -705.831       6.724        -455.563     106.580              60              68
  153         164.719    -255.197         370.939     232.616             153             111
  122         399.371    -650.962         112.859    -102.404             122              99
   60         529.015    -179.003         -66.740     -80.475              60              64
  179         484.953     793.823          77.787     510.658             179             128
  225         627.838     192.476         635.680    -228.938             225             147
  201        -222.789     -96.531        -137.157     -24.151             201             139
   52         793.193     283.864         575.093     -13.417              52              60
  232        -219.487    -410.670         150.907    -460.150             232             154
   14         326.334    -772.952          32.137    -559.332              14              41
  145        -579.723      49.210        -713.285    -295.612             145             111
   52        -381.625     435.606        -289.791     349.120              52              60
  167         -27.770     100.146        -205.550     122.447             167             122
   94          12.489     947.555        -273.455     433.808              94              81
   54        -286.413     980.137         229.173     598.909              54              65
  164         319.403    -139.933         293.774      63.528             164             116
    1         171.439     837.279         180.039     378.487               1              39
  130          93.072    -261.169         385.400    -281.621             130              99
  178        -702.132     743.924        -586.572     458.684             178             127
  224         476.259     549.571        1030.726     857.238             224             146
  253        1353.240    -963.697         649.793    -609.869             253             165
  172         345.736     879.590          92.541     -39.129             172             120
  216         -96.957     318.694         374.044    -284.112             216             146
  224       -1324.435     -42.887        -316.899    -289.154             224             146
  162        -377.865    -234.043         -78.687     728.398             162             119
   59        1656.409     481.052        1115.295     147.301              59              64
  140        -254.988    -743.658         378.228    -905.777             140             108
  187        -388.565    -653.257        -374.683    -486.749             187             128
   17        -701.000      -0.020        -489.000       0.000              17              41
  145        -388.592     653.223        -374.685     486.748             145              37
  171        -254.997     743.588         378.226     905.778             171              41
  105        1656.448    -480.961        1115.295    -147.298             105              37
   19        -377.942     233.980         -78.685    -728.399              19              41
   81       -1324.427      42.727        -316.900     289.153              81              37
   30         -96.869    -318.752         374.044     284.112              30              41
  181         345.866    -879.569          92.541      39.129             181              37
   30        1353.168     963.784         649.792     609.869              30              41
  165         476.258    -549.592        1030.727    -857.236             165              37
   61        -702.090    -744.002        -586.572    -458.685              61              41
   33          93.062     261.151         385.399     281.622              33              37
   20         171.512    -837.291         180.039    -378.487              20              41
  133         319.378     139.934         293.774     -63.527             133              37
  208        -286.343    -980.190         229.174    -598.909             208              41
   57          12.568    -947.536        -273.454    -433.808              57              37
  172         -27.770    -100.121        -205.550    -122.447             172              41
  219        -381.590    -435.612        -289.790    -349.121             219              37
  215        -579.689     -49.217        -713.285     295.611             215              41
  201         326.303     772.995          32.136     559.332             201              37
   92        -219.488     410.627         150.907     460.150              92              41
  122         793.238    -283.819         575.093      13.418             122              37
  175        -222.782      96.498        -137.157      24.150             175              41
   28         627.877    -192.445         635.680     228.939              28              37
  173         485.021    -793.771          77.787    -510.658             173              41
  178         528.988     179.082         -66.740      80.475             178              37
  170         399.288     651.001         112.859     102.404             170              41
   89         164.655     255.192         370.940    -232.615              89              37
  189        -705.847      -6.796        -455.563    -106.581             189              41
   15         197.808     672.030         487.627     379.528              15              37
  135        -567.318   -1073.626         -75.608    -552.291             135              41
   21         671.998     287.339         -96.918     298.643              21              37
  248        -562.057     716.952         -72.000     -57.000             248              41
  191        -192.570     193.510         256.465     423.696             191              37
  168        -335.925    -410.517         104.658    -359.774             168              41
  109        -185.660    -121.008         -38.069     464.067             109              37
   10         685.937    -259.983         463.400    -115.138              10              41
  187         251.390     171.492         175.059      13.245             187              37
   43        -121.863    -412.957         266.636    -403.766              43              41
  158         -98.701    -281.260        -203.622    -199.674             158              37
  100        -899.874      39.152        -208.464    -120.614             100              41
  253        -419.158    -519.323        -226.276     219.630             253              37
   32        -334.930    -144.536         -85.398     181.430              32              41
   32         585.146    -625.571          59.115     365.079              32              37
  159         688.694     772.968          49.825     263.708             159              41
  232         512.162     619.294         674.897     531.960             232              37
  162         262.110    -648.266         554.745    -761.890             162              41
  101        -275.173    -723.170        -408.484     -23.459             101              37
  208         861.703     689.927         361.550      13.553             208              41
   81        -840.514    -256.831         -51.040    -396.655              81              37
  210        -571.567    -412.166        -355.270    -162.105             210              41
  178        -682.472      30.652        -386.328     169.801             178              37
   85        -763.819     173.172        -207.968     394.520              85              41
   13        -179.195    -612.921          47.351     179.828              13              37
   42        -750.924     170.583        -451.322     524.158              42              41
   42         850.008    -793.286         807.569     580.683              42              37
   45         361.795    -579.176        -407.116    -408.087              45              41
  141         316.333     378.401         326.726     945.122             141              37
  205         244.312    -823.129        -351.296    -608.796             205              41
  125        -162.457    1474.457        -199.912    1648.536             125              37
   80         105.126    -610.980         402.045    -303.507              80              41
  229          33.035     388.061        -298.466    1624.507             229              37
  110        -575.665     -54.442         -64.434     -75.700             110              41
  151         -79.035     503.032        -240.785    5416.735             151              37
