SINAL     NFT                         FFT                         NFT INVERSA     FFT INVERSA
-----     -----------------------     -----------------------     -----------     -----------
   17       17183.000       0.000        8883.124       0.000              17              48
  151        -223.657     382.841        -249.722   -5211.119             151             106
  254        -945.907      85.199        -138.327     223.821             254             166
   57         415.612    -780.213          32.564   -1700.527              57              59
    2         235.696     461.691        -237.648     106.337               2              40
  101         350.977     608.242         268.318    -726.950             101              81
  109        -380.132     -37.218          15.433    -597.721             109              94
  218       -1486.802       9.146        -891.098    -376.455             218             139
   82         389.358     584.605         414.972     820.362              82              80
   93         466.962    -502.191         473.818    -733.209              93              77
  227         145.605    -121.786         -50.386    -254.524             227             153
  143        -624.717     131.110        -256.971    -155.737             143             102
   89         775.708    -167.214         542.310     169.291              89              84
  103         -74.721    -470.707        -135.819    -722.099             103              82
  102         466.650     157.014         -33.350     337.552             102              90
  161         377.669     817.739         181.390       5.531             161             111
  199         851.495     117.222        1052.795     103.243             199             139
  150         345.507   -1181.192         178.964   -1417.186             150             105
   82         -87.927      49.035        -269.150    -128.919              82              80
  137        -399.584     -57.545        -261.264    -667.708             137              99
   22        -314.046     222.802         -26.173     516.876              22              50
  120         951.546    -682.096         449.914    -944.417             120              90
   35       -1045.226     443.104        -684.075     135.621              35              57
  244         993.909    -358.712         792.479    -125.043             244             152
   97          74.043    -584.642        -172.607    -855.492              97              88
  254         104.478     139.371        -195.007     -54.052             254             157
   31         485.529     -29.465         466.667    -600.838              31              55
  239        -764.439   -1036.484        -853.686    -991.956             239             150
   86         254.367    1299.341        -217.535     523.508              86              82
  119        -234.662    -555.841         166.765   -1168.491             119              90
  193       -1506.794     221.724       -1371.204    -178.414             193             136
  197        -558.904     719.718        -330.133     376.698             197             129
  249        -446.026     916.986        -171.000     226.000             249             164
  188        -893.735    -359.581         -52.327    -287.188             188             124
    7        -290.901     111.128        -636.945     121.245               7              43
   75        -403.457    1125.971         -36.626     255.775              75              68
  102       -1108.799     314.705        -127.668      56.726             102              90
    0        -752.516    -570.812        -159.688      12.252              -0              30
   11          21.950     491.608        -104.751     291.753              11              45
  214        -802.539    -199.060         205.147     -54.386             214             137
  131         335.478    -787.285         -21.653    -182.965             131             105
  207        -762.177     264.097        -327.871    -267.568             207             134
    6        -587.816    -532.739        -148.931     287.197               6              42
  209         414.651    -422.008         -52.342    -430.299             209             135
  249       -1053.114     294.057        -533.491     136.866             249             164
  246        -543.997    -888.374        -427.539    -165.921             246             153
  124         -46.898    1048.213        -615.151    1053.113             124             101
   71         628.388     340.898         886.374      16.673              71              66
  145       -1019.472    -610.808        -816.795     -94.758             145             112
  253        1060.381     539.637         331.768     700.047             253             157
  254         -20.146     719.807        -136.217       5.158             254             166
   18         285.613     670.567         464.391     526.527              18              39
  123        -129.863      94.661         123.961    -424.043             123             101
   24        -491.388     102.325         -62.387     317.731              24              42
  222         118.531     417.283         167.812    -165.524             222             150
  254       -1563.031     277.733        -206.445     407.176             254             157
   16         597.192    -774.053         915.289     212.890              16              47
  177         168.874   -1917.261         156.465   -1056.654             177             119
   52          15.541    -595.815        -782.376     -18.687              52              65
   47         627.173     554.100          -6.241     275.369              47              54
  145        -244.052     683.718        -147.758     226.231             145             112
  102         403.371      38.564         431.149     375.616             102              81
  216         809.830     175.598         608.951    -377.928             216             147
  230        -822.733   -1502.008        -171.384    -943.913             230             145
  136         -91.000       0.032       -1123.000       0.000             136              42
   40        -822.829    1501.948        -171.387     943.913              40              33
  132         809.878    -175.565         608.950     377.929             132              42
  117         403.362     -38.550         431.150    -375.615             117              33
  211        -243.996    -683.737        -147.758    -226.232             211              42
   12         627.214    -553.995          -6.241    -275.369              12              33
    9          15.469     595.886        -782.377      18.686               9              42
  110         168.695    1917.275         156.463    1056.655             110              33
  102         597.070     774.028         915.289    -212.889             102              42
  135       -1563.036    -277.933        -206.444    -407.177             135              33
  197         118.578    -417.310         167.811     165.524             197              42
   56        -491.374    -102.391         -62.387    -317.731              56              33
  157        -129.833     -94.707         123.960     424.043             157              42
  103         285.680    -670.571         464.392    -526.525             103              33
  241         -20.078    -719.806        -136.217      -5.158             241              42
    1        1060.394    -539.516         331.770    -700.045               1              33
  243       -1019.552     610.734        -816.795      94.757             243              42
   93         628.405    -340.863         886.373     -16.671              93              33
   32         -46.859   -1048.182        -615.150   -1053.114              32              42
  217        -544.114     888.363        -427.540     165.920             217              33
  231       -1053.089    -294.135        -533.490    -136.867             231              42
   28         414.614     422.063         -52.343     430.300              28              33
  253        -587.887     532.681        -148.931    -287.197             253              42
  211        -762.147    -264.163        -327.871     267.567             211              33
   41         335.407     787.306         -21.654     182.964              41              42
   87        -802.569     198.951         205.146      54.386              87              33
  202          21.979    -491.626        -104.751    -291.752             202              42
  212        -752.588     570.723        -159.688     -12.251             212              33
  231       -1108.761    -314.851        -127.667     -56.726             231              42
   60        -403.335   -1126.015         -36.626    -255.774              60              33
  177        -290.882    -111.132        -636.945    -121.245             177              42
  205        -893.749     359.489         -52.326     287.190             205              33
   82        -445.921    -917.042        -171.000    -226.000              82              42
  255        -558.826    -719.739        -330.134    -376.699             255              33
  178       -1506.718    -221.807       -1371.204     178.412             178              42
  239        -234.615     555.830         166.763    1168.492             239              33
  185         254.534   -1299.286        -217.534    -523.508             185              42
  191        -764.458    1036.466        -853.688     991.954             191              33
  236         485.601      29.508         466.667     600.839             236              42
   75         104.541    -139.340        -195.006      54.052              75              33
  157          74.051     584.664        -172.608     855.491             157              42
   85         993.899     358.782         792.479     125.045              85              33
  174       -1045.156    -443.186        -684.074    -135.622             174              42
   16         951.533     682.179         449.911     944.418              16              33
  162        -314.013    -222.837         -26.172    -516.876             162              42
   79        -399.542      57.518        -261.265     667.708              79              33
  139         -87.853     -49.022        -269.149     128.919             139              42
   67         345.480    1181.207         178.961    1417.187              67              33
   95         851.551    -117.203        1052.795    -103.242              95              42
  175         377.762    -817.719         181.389      -5.533             175              33
    7         466.680    -156.950         -33.350    -337.552               7              42
  189         -74.735     470.711        -135.821     722.098             189              33
   13         775.705     167.266         542.310    -169.290              13              42
  216        -624.689    -131.169        -256.971     155.736             216              33
  151         145.644     121.798         -50.386     254.524             151              42
  194         466.952     502.205         473.817     733.210             194              33
  191         389.403    -584.594         414.973    -820.363             191              42
    5       -1486.764      -9.272        -891.100     376.452               5              33
  231        -380.025      37.171          15.432     597.721             231              42
  174         351.140    -608.218         268.316     726.951             174              33
   59         235.843    -461.638        -237.648    -106.337              59              42
    8         415.663     780.262          32.561    1700.526               8              33
  212        -945.695     -85.296        -138.327    -223.821             212              42
  180        -223.156    -382.856        -249.732    5211.115             180              33
