SINAL     NFT                         FFT                         NFT INVERSA     FFT INVERSA
-----     -----------------------     -----------------------     -----------     -----------
  138       16587.000       0.000        9430.124       0.000             138             109
  200        -241.125    -974.225         170.383   -5227.858             200             134
  227        1087.276    -307.632         512.192     109.882             227             153
  102         566.858    -305.097         467.947   -1964.009             102              85
  208         738.939    -605.046         376.565    -344.646             208             144
  222         638.288    -343.018          93.989   -1344.021             222             145
   54         666.563     297.988         221.639    -324.057              54              67
  173        -566.283     -58.265        -274.627    -982.860             173             121
  218         522.427     451.088         235.309     182.247             218             149
  108        -429.924    -223.848          66.216    -949.317             108              88
  141         287.267     -93.334         -83.506     119.995             141             110
  242         110.896     469.417         219.359    -395.517             242             155
  167         542.763    -343.490         394.792    -193.137             167             123
    1         -76.771     203.118        -282.347    -662.379               1              35
  236         205.200    1002.258         429.099     508.029             236             158
   21        -127.377    -673.313         534.178   -1097.063              21              45
   62        -288.539    -726.081        -249.038    -318.347              62              71
  233        -204.703    -136.603        -249.950    -574.013             233             151
  146        -249.662     308.000         -50.773     348.593             146             113
   88         106.762    -700.328         117.418    -698.652              88              78
   27         102.607     517.682        -327.723     432.120              27              53
  221         292.315     245.252         516.136    -448.890             221             145
  131        -597.780      -8.867        -406.993     136.264             131             105
   48         490.008     281.998         652.741     -81.605              48              58
   64        -353.780    -898.886         -65.316    -327.496              64              72
  212        1261.882    -280.395         314.710    -245.899             212             140
  154         -42.779     553.067        -197.410    -485.777             154             117
  152        -977.033     436.341        -302.295      16.714             152             110
   68        -476.271      33.715         117.152     188.431              68              74
  204         -64.188    -963.337         -27.453     -52.503             204             136
   42        1830.097     587.242         599.688     497.314              42              61
  179         480.074    -256.672         641.972   -1141.867             179             124
   36        -684.006    -235.011        -733.000    -103.000              36              58
  227         484.818     258.357         297.923    -199.052             227             148
  198        -417.114     463.878        -628.189     287.219             198             139
   61        1237.224    1508.626        1171.972     470.178              61              65
  242        -595.682    -897.854         384.373    -988.674             242             161
  102         711.442    -708.574         208.091    -456.683             102              85
   66        -445.045     111.992        -174.957    -950.512              66              73
  117       -1126.368    -755.037        -434.077    -443.453             117              93
   77        -489.250    -393.573        -698.439    -535.261              77              78
   76       -1047.031     476.186        -843.138     286.718              76              72
  243        -434.214     858.068        -211.383     406.282             243             161
  156        -670.923    -118.380        -103.685     151.100             156             112
  201         -94.607     365.886        -367.551     234.945             201             140
  176        -423.401     905.562          84.113     761.098             176             122
  109         776.261     -22.855         728.447      32.411             109              94
  234        -371.646    -354.505         -37.433    -486.521             234             151
   12        -479.458      93.906        -340.962     189.653              12              46
  161         164.304      36.334         312.482     264.615             161             115
  140         348.269    -520.343          35.057    -505.257             140             110
  225        -750.292     442.859        -813.326     296.129             225             147
   44         519.200    1317.597         338.441     883.597              44              62
   26           5.145     353.043         374.781      96.059              26              47
  215         679.618     560.637         616.242     326.977             215             147
  243          68.601    -250.298         436.421    -691.023             243             156
  104        -839.413     364.340        -331.555     118.482             104              92
   63         136.595    -245.931         615.556      20.881              63              66
  103           6.806    -485.229          28.481    -680.486             103              91
  170       -1342.052    -266.211        -680.572    -141.782             170             119
   49        -113.006     644.258        -116.052     768.158              49              64
  250          -9.022     -78.279         497.660      61.056             250             159
  245         251.098    -135.894         214.369     174.026             245             162
  168         360.832    -813.602         469.810    -529.022             168             118
  179        -227.000       0.002        -694.000       0.000             179              43
   97         360.767     813.623         469.807     529.023              97              37
  230         251.067     135.876         214.369    -174.026             230              43
  158          -9.058      78.237         497.660     -61.055             158              37
  111        -112.992    -644.284        -116.052    -768.158             111              43
  128       -1342.074     266.100        -680.573     141.780             128              37
  126           6.799     485.203          28.479     680.486             126              43
   26         136.578     245.891         615.555     -20.879              26              37
  152        -839.362    -364.453        -331.555    -118.482             152              43
  200          68.629     250.257         436.419     691.024             200              37
   33         679.682    -560.632         616.242    -326.975              33              43
   38           5.174    -353.086         374.781     -96.058              38              37
  225         519.293   -1317.563         338.443    -883.597             225              43
  246        -750.261    -442.884        -813.325    -296.131             246              37
  105         348.237     520.387          35.056     505.257             105              43
  120         164.290     -36.334         312.483    -264.615             120              37
  143        -479.461     -93.952        -340.962    -189.653             143              43
  202        -371.654     354.455         -37.434     486.520             202              37
  109         776.254      22.874         728.447     -32.410             109              43
  157        -423.353    -905.622          84.114    -761.098             157              37
  126         -94.596    -365.886        -367.550    -234.946             126              43
    0        -670.948     118.315        -103.685    -151.100              -0              37
   76        -434.148    -858.105        -211.383    -406.283              76              43
  134       -1046.978    -476.232        -843.137    -286.719             134              37
  119        -489.254     393.574        -698.439     535.261             119              43
  102       -1126.378     754.944        -434.077     443.452             102              37
  218        -444.943    -112.036        -174.959     950.511             218              43
   38         711.445     708.624         208.091     456.684              38              37
    9        -595.695     897.731         384.372     988.675               9              43
  153        1237.395   -1508.576        1171.974    -470.175             153              37
  125        -417.055    -463.900        -628.188    -287.221             125              43
    9         484.868    -258.296         297.923     199.054               9              37
   34        -683.981     234.968        -733.000     103.000              34              43
  224         480.132     256.702         641.969    1141.868             224              37
  210        1830.153    -587.079         599.689    -497.313             210              43
   67         -64.313     963.331         -27.453      52.503              67              37
   28        -476.284     -33.794         117.152    -188.431              28              43
   56        -976.960    -436.443        -302.295     -16.714              56              37
  214         -42.655    -553.055        -197.411     485.777             214              43
  168        1261.889     280.529         314.709     245.900             168              37
   69        -353.848     898.840         -65.316     327.497              69              43
   50         490.044    -281.990         652.741      81.606              50              37
  149        -597.760       8.799        -406.993    -136.265             149              43
  181         292.373    -245.243         516.135     448.891             181              37
  204         102.674    -517.659        -327.722    -432.121             204              43
   39         106.721     700.342         117.417     698.653              39              37
   29        -249.614    -308.029         -50.772    -348.593              29              43
   54        -204.679     136.599        -249.951     574.013              54              37
   92        -288.552     726.049        -249.038     318.347              92              43
   83        -127.371     673.245         534.176    1097.062              83              37
   34         205.344   -1002.282         429.100    -508.029              34              43
   96         -76.689    -203.118        -282.349     662.379              96              37
  173         542.795     343.524         394.792     193.138             173              43
   47         110.986    -469.419         219.359     395.516              47              37
  114         287.308      93.361         -83.506    -119.995             114              43
   20        -429.873     223.796          66.214     949.317              20              37
  183         522.543    -451.053         235.310    -182.246             183              43
   68        -566.188      58.221        -274.629     982.858              68              37
   86         666.716    -297.919         221.638     324.058              86              43
  190         638.378     343.093          93.986    1344.021             190              37
  184         739.013     605.105         376.565     344.646             184              43
  144         566.985     305.127         467.943    1964.008             144              37
  124        1087.446     307.707         512.192    -109.881             124              43
  251        -240.796     974.157         170.372    5227.855             251              37
