SINAL     NFT                         FFT                         NFT INVERSA     FFT INVERSA
-----     -----------------------     -----------------------     -----------     -----------
    9       16104.000       0.000        8214.124       0.000               9              33
  143          23.776     418.381         288.571   -4654.675             143             107
   37         -35.582     252.172         221.862     -77.091              37              47
  201        -700.258    -754.532         458.310   -1902.007             201             136
  240         311.064   -1857.882        -180.959    -686.961             240             149
  166         146.228     -60.540        -380.209   -1127.690             166             118
  131        -120.964     160.951        -437.592      34.232             131              94
   85         -97.238     726.813         149.612    -308.425              85              78
  209         -82.054   -1050.434         110.914    -481.231             209             133
    4         448.121    -116.033        -427.165    -447.967               4              37
  224         281.945     928.096          62.567      16.267             224             141
  146        -421.527     210.594         -83.505    -188.583             146             108
  213        1162.002     135.839         782.905    -362.750             213             135
  144       -1335.687    -651.274        -706.085   -1490.006             144             107
  184       -1141.416     421.787        -779.115     386.636             184             121
  141        -525.688    -276.810        -181.833    -352.818             141             106
  123        -435.170     495.362        -472.610     246.919             123              90
   34        -854.855    -130.398        -142.518     -99.098              34              52
  160         389.101      67.295        -187.140     299.480             160             109
   33        -340.668     613.102          17.295    -250.477              33              52
  168        -971.986      95.480        -383.530     187.042             168             113
   18        -451.137    -280.613         -29.594      38.990              18              44
  250          68.654     170.850        -220.716     356.375             250             154
  115          73.916     298.429         423.847     135.788             115              93
  140         -68.260    -491.509         -43.757    -319.444             140              99
   12        -655.323    -122.640        -246.070     108.829              12              41
   23         433.483    -192.514          20.326     134.006              23              40
  100        -445.941     224.795         -90.260     224.620             100              85
  110         940.474    -382.196         442.904     228.444             110              84
    1         325.133    -166.817         147.813    -356.434               1              36
   56         416.951    -305.971         -94.249     -91.193              56              57
  236        -122.198     554.394        -292.314      88.256             236             153
   55         460.989     555.008         286.000     514.000              55              56
  209         241.687      46.048         341.730    -161.051             209             140
  252         788.661      -8.992         302.420     193.727             252             155
   65         825.519     230.103         608.053    -503.721              65              68
  182        -487.985    -362.165        -363.131    -512.801             182             120
   67          44.582     902.828          44.129     527.486              67              69
  158         903.580    -596.388        1033.344    -684.316             158             108
   10        -820.859    -623.961        -963.360    -951.786              10              40
  158        -535.598    1192.646         -24.264     682.873             158             108
  211        -314.581   -1274.177         135.917    -572.871             211             141
   28         995.440     173.049         -19.097     123.182              28              43
  182        -345.324     182.026         -64.360    -761.023             182             126
  179        -951.180     319.410        -631.291     263.283             179             118
  158        -230.611     302.647         114.680      73.463             158             114
    0        -115.648     -12.595         131.094     119.242              -0              29
   88        -122.231    -540.638          45.875    -507.252              88              79
  176        -382.837      -4.644        -311.390     134.919             176             117
   11          -4.104    -284.042         -58.445     -77.801              11              41
  161         743.612     664.627         310.816     517.155             161             109
  233         478.087    -629.750         594.819   -1027.059             233             152
  101        -746.893      58.407        -787.281     -56.208             101              79
  112         513.129     239.142         589.486    -164.756             112              91
  239        -509.040    -551.726        -286.605    -834.208             239             148
  135       -1072.583    -281.984        -752.997    -611.017             135             103
   88       -1670.132     721.676        -970.894     649.085              88              73
   22         474.831    -444.493         562.931     146.959              22              46
   98        -364.551     134.206        -514.569    -394.717              98              78
    0       -1009.586    -269.850        -167.613      -3.150              -0              35
  157        -359.513    -371.167        -759.618     -85.903             157             107
  172        -745.997     866.180        -409.855     548.706             172             121
   21        -590.304     426.907        -279.347     677.242              21              39
  228         493.327     285.421         560.069     769.669             228             149
  213        1450.000       0.044         848.000       0.000             213              32
  175         493.285    -285.407         560.068    -769.668             175              39
  126        -590.330    -426.971        -279.346    -677.243             126              32
   53        -745.951    -866.219        -409.855    -548.706              53              39
  136        -359.562     371.171        -759.618      85.903             136              32
  157       -1009.609     269.769        -167.613       3.151             157              39
  211        -364.516    -134.233        -514.569     394.717             211              32
  109         474.770     444.524         562.932    -146.957             109              39
  187       -1670.091    -721.812        -970.893    -649.087             187              32
  224       -1072.557     281.922        -752.998     611.016             224              39
  141        -509.012     551.678        -286.606     834.208             141              32
  116         513.193    -239.110         589.486     164.758             116              39
  109        -746.846     -58.459        -787.281      56.207             109              32
  118         478.092     629.777         594.817    1027.060             118              39
    5         743.678    -664.572         310.817    -517.155               5              32
  224          -4.144     284.054         -58.445      77.801             224              39
   29        -382.838       4.617        -311.390    -134.919              29              32
   30        -122.266     540.618          45.874     507.252              30              39
   91        -115.644      12.556         131.095    -119.241              91              32
   99        -230.587    -302.685         114.679     -73.462              99              39
   92        -951.128    -319.490        -631.290    -263.283              92              32
  161        -345.243    -182.043         -64.362     761.023             161              39
  218         995.482    -172.937         -19.097    -123.182             218              32
  116        -314.696    1274.134         135.916     572.871             116              39
  200        -535.481   -1192.705         -24.262    -682.873             200              32
   19        -820.847     623.913        -963.362     951.783              19              39
   22         903.586     596.430        1033.343     684.318              22              32
   15          44.674    -902.841          44.130    -527.485              15              39
  168        -487.965     362.126        -363.131     512.800             168              32
   20         825.594    -230.045         608.052     503.722              20              39
  201         788.674       9.051         302.420    -193.727             201              32
  143         241.693     -46.044         341.730     161.052             143              39
   33         461.033    -554.976         286.000    -514.000              33              32
  144        -122.148    -554.376        -292.314     -88.258             144              39
  247         416.938     306.037         -94.249      91.193             247              32
  186         325.124     166.857         147.811     356.434             186              39
  212         940.415     382.272         442.904    -228.443             212              32
  227        -445.954    -224.834         -90.260    -224.621             227              39
  191         433.442     192.557          20.325    -134.006             191              32
  149        -655.355     122.587        -246.070    -108.829             149              39
  230         -68.299     491.486         -43.757     319.444             230              32
  160          73.934    -298.445         423.847    -135.787             160              39
  224          68.644    -170.845        -220.715    -356.376             224              32
  167        -451.189     280.566         -29.595     -38.990             167              39
   89        -971.974     -95.586        -383.529    -187.042              89              32
   61        -340.584    -613.135          17.294     250.477              61              39
  176         389.108     -67.249        -187.140    -299.480             176              32
   82        -854.871     130.325        -142.518      99.099              82              39
  120        -435.111    -495.392        -472.610    -246.919             120              32
  193        -525.697     276.776        -181.834     352.817             193              39
  107       -1141.343    -421.869        -779.114    -386.637             107              32
  170       -1335.633     651.168        -706.088    1490.005             170              39
  137        1162.106    -135.762         782.905     362.752             137              32
   36        -421.455    -210.643         -83.505     188.582              36              39
  111         282.096    -928.050          62.567     -16.266             111              32
   34         448.161     116.124        -427.166     447.966              34              39
  135         -82.097    1050.429         110.914     481.231             135              32
    6         -97.117    -726.829         149.612     308.425               6              39
   13        -120.872    -160.923        -437.592     -34.232              13              32
  127         146.313      60.613        -380.211    1127.689             127              39
  221         310.997    1857.922        -180.960     686.961             221              32
  171        -700.188     754.411         458.307    1902.006             171              39
   52         -35.333    -252.233         221.862      77.092              52              32
  153          24.245    -418.401         288.562    4654.673             153              39
