SINAL     NFT                         FFT                         NFT INVERSA     FFT INVERSA
-----     -----------------------     -----------------------     -----------     -----------
  206       16829.000       0.000        8254.000       0.000             206             138
   85         312.730     557.307         305.411   -5086.290              85              72
  154          -8.066    -311.855         425.737     -88.650             154             112
  237         616.875    -716.303         151.822   -2146.146             237             148
   18         166.480     498.781         -83.211      94.492              18              44
  148          96.301     125.559         303.773   -1255.498             148             104
  184        -572.146    -183.198        -304.443      78.786             184             127
  134        1034.779     434.184         531.875    -449.156             134              97
  205        -201.193      80.820         316.509    -414.160             205             137
   31        -287.352    -856.957        -125.271    -951.673              31              45
  164        -180.946     319.687        -383.657     245.608             164             117
  167         406.047     276.891         396.068    -211.588             167             113
  160         170.907      46.780          21.595     -51.132             160             115
  142         418.651     676.804         343.550    -233.345             142             101
   53        -721.228      56.357         149.916    -176.592              53              61
  107         152.363    -824.461         180.981    -338.435             107              83
  121         532.136     210.475         140.705    -120.340             121              95
  248        -307.724    -312.583          70.116    -525.868             248             154
  148          96.330      -7.159        -301.193      97.088             148             109
   38         160.954     900.195         233.349      73.086              38              49
  231        -234.746     182.558         336.627     153.847             231             150
  191         355.427    -758.168         514.724    -638.343             191             125
  106        -620.249    -196.207        -535.989     -99.728             106              88
   30         511.850     -68.736         624.437     355.812              30              45
   84        1485.760   -1011.775         488.900    -632.372              84              77
  223         652.191     221.326          -0.103    -709.942             223             141
   17        -468.298     433.574        -581.836    -274.416              17              43
  123        -137.460     943.987         142.572      32.940             123              91
   86        -992.456    -142.082        -612.731    -591.974              86              78
  106       -1433.181    1459.941        -582.425     847.704             106              83
   82        -178.378    -178.691         380.573     376.493              82              76
   76         294.344     669.977         381.115     374.374              76              68
  230         183.018   -1044.005         613.000    -583.000             230             150
  245        -298.938     226.705        -662.575    -262.506             245             152
   78       -1324.906     417.170        -131.942     370.581              78              74
  100          11.692    -324.997        -153.952     537.633             100              80
   65         867.934     509.372         682.153     416.083              65              67
  174         450.221      -2.242         199.625     -54.867             174             117
  180         213.783     591.560         539.600      -6.448             180             125
  100        -870.579    -648.713        -290.621    -261.614             100              80
   60         490.704     372.202         375.090     526.936              60              65
    2        -299.328    -607.756         -27.936    -446.563               2              31
  148          88.239     530.946        -111.477     874.045             148             109
   81        1020.417      11.545         824.494      19.205              81              70
  123         285.733     208.978           4.010      31.327             123              96
  146          76.584     698.790         396.767     374.502             146             103
   48         607.696    -324.394         650.647      54.507              48              59
  150         492.025      63.454         225.628    -152.242             150             105
  253         503.840     400.471         617.295     271.661             253             161
   65         257.205    -508.023         305.634    -637.858              65              62
  151        -147.870     715.313         -56.198     681.212             151             110
  201        1325.708      26.704        1446.205    -100.765             201             130
   22         223.942   -1032.695         349.630    -883.455              22              46
  246         415.465    -600.839         231.287    -602.574             246             153
   33        -141.160    -238.818        -342.230    -576.916              33              51
  211        -666.789     776.878        -167.641     112.452             211             135
  128        -659.244    -627.221         151.501    -198.852             128              99
  255         -99.879    -520.252        -286.027      -6.214             255             157
   29         723.706     314.144         458.887     177.799              29              49
   84        -646.972    -386.850        -276.181    -647.138              84              72
  203        -359.815     372.315        -202.074     816.744             203             136
  223         599.984    -280.318         617.739    -329.026             223             141
    7         -38.574    -330.804        -240.396     321.166               7              38
  108        1434.288     625.563         737.577    -356.777             108              84
   17       -2139.000      -0.107        -700.000       0.000              17              35
  135        1434.380    -625.449         737.575     356.779             135              30
   85         -38.615     330.807        -240.395    -321.167              85              35
  120         599.940     280.347         617.737     329.027             120              30
    7        -359.814    -372.356        -202.073    -816.745               7              35
  174        -646.990     386.788        -276.183     647.137             174              30
  207         723.740    -314.088         458.887    -177.798             207              35
  141         -99.949     520.244        -286.027       6.213             141              30
   22        -659.302     627.126         151.501     198.852              22              35
  245        -666.690    -776.956        -167.641    -112.453             245              30
  145        -141.121     238.819        -342.230     576.915             145              35
   99         415.465     600.870         231.287     602.574              99              30
   67         223.903    1032.665         349.629     883.456              67              35
  226        1325.721     -26.669        1446.205     100.767             226              30
  118        -147.819    -715.361         -56.197    -681.213             118              35
  184         257.182     508.015         305.632     637.859             184              30
   77         503.888    -400.469         617.295    -271.660              77              35
  203         492.035     -63.435         225.627     152.241             203              30
    2         607.658     324.401         650.647     -54.506               2              35
   41          76.632    -698.822         396.768    -374.502              41              30
   25         285.757    -208.967           4.010     -31.327              25              35
  207        1020.397     -11.480         824.493     -19.204             207              30
  219          88.237    -530.943        -111.476    -874.045             219              35
  253        -299.399     607.719         -27.937     446.563             253              30
  156         490.710    -372.182         375.091    -526.936             156              35
  168        -870.643     648.607        -290.622     261.613             168              30
  188         213.856    -591.582         539.600       6.449             188              35
  110         450.228       2.255         199.624      54.867             110              30
  215         867.943    -509.314         682.154    -416.082             215              35
  231          11.595     324.980        -153.951    -537.634             231              30
   65       -1324.895    -417.304        -131.941    -370.581              65              35
  227        -298.892    -226.725        -662.575     262.505             227              30
  160         182.946    1043.985         613.000     583.000             160              35
  237         294.385    -670.007         381.115    -374.375             237              30
    3        -178.434     178.625         380.573    -376.492               3              35
  181       -1433.065   -1460.085        -582.424    -847.705             181              30
   68        -992.410     141.997        -612.732     591.973              68              35
  147        -137.311    -944.003         142.572     -32.939             147              30
   54        -468.179    -433.583        -581.837     274.415              54              35
  162         652.301    -221.224          -0.104     709.942             162              30
  199        1485.705    1011.916         488.899     632.372             199              35
   45         511.818      68.764         624.437    -355.811              45              30
  175        -620.264     196.150        -535.989      99.727             175              35
  242         355.385     758.164         514.723     638.344             242              30
  137        -234.713    -182.635         336.627    -153.847             137              35
   27         161.057    -900.197         233.349     -73.086              27              30
    9          96.349       7.181        -301.193     -97.088               9              35
  107        -307.714     312.552          70.116     525.868             107              30
  146         532.188    -210.434         140.705     120.339             146              35
  247         152.303     824.453         180.980     338.434             247              30
  107        -721.184     -56.470         149.916     176.592             107              35
   20         418.766    -676.795         343.549     233.345              20              30
  114         170.953     -46.773          21.595      51.132             114              35
  206         406.102    -276.865         396.067     211.589             206              30
  199        -180.889    -319.686        -383.657    -245.608             199              35
   80        -287.367     856.927        -125.272     951.673              80              30
   77        -201.097     -80.875         316.508     414.160              77              35
   95        1034.881    -434.111         531.874     449.156              95              30
  244        -572.097     183.142        -304.442     -78.786             244              35
  153          96.423    -125.569         303.770    1255.498             153              30
   82         166.655    -498.758         -83.211     -94.492              82              35
  141         616.968     716.358         151.817    2146.145             141              30
  179          -7.873     311.817         425.737      88.651             179              35
  153         313.223    -557.304         305.401    5086.287             153              30
