SINAL     NFT                         FFT                         NFT INVERSA     FFT INVERSA
-----     -----------------------     -----------------------     -----------     -----------
  211       16892.000       0.000        8650.124       0.000             211             138
  165         237.441     420.132         272.920   -4832.265             165             117
   18         680.861    -516.288         521.496    -265.110              18              42
   30         279.303    -114.389        -236.370   -2418.566              30              50
  143       -1307.412     933.228        -561.976     364.172             143             104
   33         -80.466    -442.475         304.096    -997.038              33              51
  208        -181.663     -97.981        -435.447      44.201             208             137
  236          79.592     712.470         147.178    -391.789             236             153
  176        -449.435     -73.763         -75.937     215.492             176             121
  180         990.592     116.187         496.956    -507.372             180             125
   58        -867.217     138.823        -484.856    -414.065              58              62
  214        -885.773     557.882        -443.041     225.858             214             142
  135        -152.695     455.374          27.617     744.466             135             100
   28         903.403     791.467         701.088     291.360              28              49
  243        -181.504      94.320         400.301    -128.947             243             154
  152        -163.789     128.224         228.158     143.840             152             111
  119         194.573    -700.700         661.134     -52.406             119              92
  176         668.595    -873.870         -38.533    -224.413             176             123
  156        1307.348     779.879         534.987     446.090             156             111
  206         687.611     538.011         448.523    -267.413             206             138
  208         107.986     775.958         754.588     267.675             208             137
  198         337.448   -1520.974         710.935    -990.003             198             134
    5         419.632    -573.156        -159.021    -340.899               5              35
   15         171.365       6.296        -127.076    -437.090              15              42
  113        -132.440    1046.773        -158.373     749.671             113              89
   99        1168.598     156.711        1236.315    -168.788              99              84
  241          24.398    -628.639          83.881    -678.655             241             153
   66         271.742     -54.525         110.361    -431.764              66              68
   74        -821.578     214.036        -380.028     -68.558              74              70
  160         368.955     -84.927         313.979     161.865             160             115
  166         197.421     213.754          31.675    -160.616             166             116
  162          97.872     285.834          92.817     136.332             162             116
  211         262.972     998.995         298.000     232.000             211             138
    1        -416.858    -212.605         478.538    -183.964               1              35
   17         314.753     -46.423          64.927     118.210              17              41
  112         177.120     270.595         690.524      -7.068             112              91
  117         473.499    -484.243         317.961     -72.962             117              91
    1         871.746      12.704         998.619    -466.008               1              35
   63        -469.545   -1365.857        -391.061    -931.531              63              64
  164         593.677    1025.665         154.892     421.025             164             117
   42        -133.641    -427.172         527.888    -803.048              42              54
  193        -826.026    -520.891        -637.764    -389.325             193             131
  125        -236.021     732.081        -110.026     505.718             125              95
  100         -41.753     271.185         550.369     141.596             100              85
   88         263.315    -713.925         494.337     -91.448              88              77
  112        1143.891    -538.452         651.636    -671.781             112              91
  129        -782.113    -113.669        -409.370    -576.719             129              97
   69         -17.194    -100.962         356.249     -21.896              69              69
  177        -454.547    -850.716        -241.134    -824.406             177             121
  198        -394.761     218.728        -148.403     137.434             198             134
   29        -707.359    -819.117         -93.849    -773.268              29              47
  235       -1249.390    -577.596        -952.117      98.464             235             152
  182          94.153     440.315        -237.970     556.524             182             124
   31        -272.059     724.096         207.912     477.889              31              50
  134        -434.630    -667.269         147.793     -12.829             134             100
  218         296.734    -330.580         181.716     424.216             218             144
  198         791.529    -695.663         462.423    -285.226             198             132
  239          88.494    -339.551        -197.340       0.021             239             154
  156         672.971     -23.311         109.888      87.131             156             111
   85         207.426     489.047         118.700     358.853              85              77
   90        1102.748    -442.209         593.471    -213.049              90              78
   59         -60.867     555.718        -243.543    -175.105              59              64
  238        -125.299     -65.220         188.684     205.388             238             152
   41         559.216     410.825         122.656      38.843              41              55
   30        -410.000      -0.032         292.000       0.000              30              36
   90         559.257    -410.792         122.655     -38.843              90              38
   63        -125.305      65.201         188.685    -205.388              63              36
  139         -60.791    -555.717        -243.544     175.104             139              38
  182        1102.720     442.305         593.470     213.050             182              36
  185         207.452    -489.028         118.700    -358.853             185              38
   57         672.950      23.394         109.888     -87.130              57              36
  228          88.445     339.581        -197.340      -0.022             228              38
  132         791.439     695.729         462.422     285.227             132              36
   91         296.644     330.587         181.717    -424.216              91              38
   44        -434.738     667.191         147.793      12.830              44              36
  241        -272.029    -724.152         207.914    -477.888             241              38
  168          94.143    -440.285        -237.969    -556.525             168              36
  119       -1249.469     577.518        -952.117     -98.466             119              38
   35        -707.412     819.042         -93.850     773.268              35              36
  245        -394.719    -218.774        -148.402    -137.435             245              38
   80        -454.587     850.664        -241.134     824.406              80              36
  145         -17.173     100.927         356.250      21.897             145              38
  179        -782.067     113.587        -409.371     576.718             179              36
  179        1143.890     538.527         651.635     671.782             179              38
  146         263.247     713.892         494.337      91.449             146              36
  223         -41.739    -271.252         550.369    -141.595             223              38
  245        -235.964    -732.115        -110.026    -505.718             245              36
  145        -826.042     520.819        -637.764     389.324             145              38
  251        -133.617     427.117         527.887     803.048             251              36
  165         593.798   -1025.620         154.893    -421.025             165              38
   60        -469.618    1365.812        -391.063     931.531              60              36
  203         871.791     -12.678         998.619     466.010             203              38
   52         473.467     484.233         317.961      72.962              52              36
   87         177.148    -270.632         690.524       7.069              87              38
  171         314.748      46.410          64.927    -118.210             171              36
   17        -416.863     212.509         478.539     183.965              17              38
   53         263.083    -999.016         298.000    -232.000              53              36
   25          97.915    -285.833          92.816    -136.333              25              38
  187         197.458    -213.744          31.675     160.616             187              36
  237         368.948      84.947         313.980    -161.865             237              38
  156        -821.536    -214.116        -380.029      68.558             156              36
   90         271.790      54.546         110.359     431.764              90              38
    5          24.401     628.612          83.880     678.655               5              36
   51        1168.639    -156.668        1236.315     168.791              51              38
   26        -132.344   -1046.795        -158.372    -749.671              26              36
  161         171.400      -6.252        -127.077     437.089             161              38
  216         419.616     573.207        -159.021     340.898             216              36
  173         337.346    1520.944         710.933     990.004             173              38
  177         108.090    -776.030         754.588    -267.674             177              36
   14         687.704    -537.984         448.522     267.414              14              38
   86        1307.423    -779.756         534.988    -446.089              86              36
  201         668.494     873.937         -38.534     224.413             201              38
  159         194.485     700.668         661.134      52.406             159              36
  173        -163.789    -128.300         228.158    -143.841             173              38
  198        -181.476     -94.395         400.301     128.948             198              36
  207         903.469    -791.435         701.088    -291.359             207              38
   68        -152.688    -455.406          27.618    -744.466              68              36
  179        -885.722    -557.962        -443.041    -225.859             179              38
   60        -867.136    -138.894        -484.857     414.064              60              36
  178         990.657    -116.108         496.955     507.373             178              38
   83        -449.408      73.707         -75.937    -215.492              83              36
  201          79.707    -712.467         147.177     391.788             201              38
  210        -181.610      97.979        -435.447     -44.203             210              36
  145         -80.434     442.446         304.093     997.038             145              38
  205       -1307.200    -933.346        -561.975    -364.173             205              36
    5         279.501     114.435        -236.375    2418.565               5              38
  187         681.062     516.334         521.496     265.111             187              36
  131         237.919    -420.126         272.911    4832.263             131              38
