SINAL     NFT                         FFT                         NFT INVERSA     FFT INVERSA
-----     -----------------------     -----------------------     -----------     -----------
   43       15414.000       0.000        8211.124       0.000              43              53
  229         203.692     -15.777        -292.449   -4599.909             229             147
    3         306.713     769.771         335.631     229.568               3              33
  247        -248.110    -508.016        -136.450   -1958.674             247             156
    9         -25.678     712.860        -114.487     371.214               9              36
    2        -260.265    -105.443         170.706   -1233.534               2              34
  166       -1037.343     -58.766        -397.852     214.248             166             115
   66         393.690   -1094.054         271.044    -669.693              66              66
  239         414.369     -70.161        -523.374      79.863             239             151
  186        1028.873     801.309         383.180      26.088             186             126
   85          86.367     522.298         -68.112    -310.846              85              74
   55        -310.551     679.297         -87.054     272.084              55              60
  223         748.415     683.505         641.982      76.059             223             143
  151        -460.462    -392.598         269.166    -373.419             151             108
    5        1238.508    -840.793         374.608    -456.988               5              34
  154        -140.921     541.716        -647.129    -392.155             154             110
   83         419.782    1810.959         386.518     947.243              83              73
  248         883.095     -89.954        1175.297    -600.308             248             157
   28         310.602      51.222         163.319    -977.867              28              46
   46       -1729.369      23.810        -358.543    -670.227              46              56
   60        -508.461    -350.850        -280.159    -214.551              60              62
  131       -1357.498     445.653        -347.877     -34.419             131              98
  254        -186.732    -452.457         350.852     187.796             254             159
  208        -211.349    -755.318         181.646    -541.430             208             137
   98         230.698   -1021.667         160.685    -431.734              98              81
    0        -420.792    -874.816        -504.822    -966.922              -0              33
   28       -1206.783       1.308       -1029.008      49.039              28              46
   79        -884.049     346.955        -542.243     754.129              79              72
  198        1233.858    -184.598         701.009     474.579             198             131
  137         473.409    -300.052        -340.214    -480.464             137             101
  162         515.506    2006.496         188.173     990.871             162             113
  132        -249.341    -220.909         739.545    -548.293             132              99
  201         -57.991    -528.008         -82.000     -43.000             201             132
   14         198.621    -355.671         193.477    -356.873              14              40
   94         470.244      57.540         116.980      -9.217              94              79
    2        -505.009    -567.252        -163.362    -862.603               2              34
   52        -494.629     344.152        -721.348     674.129              52              58
  217         876.571     282.674         676.221    -154.678             217             141
  206        -769.803     238.930        -679.824      46.766             206             135
   32         522.709     649.882         501.596     469.722              32              49
  161         -16.310     533.671           8.998     -28.344             161             112
   60        -201.407     479.058         585.117     324.105              60              63
  237         309.007    -721.006         422.726    -378.117             237             150
   17         118.777    -241.150         198.265    -127.899              17              41
   29         543.459       2.245         372.674     -53.642              29              46
  212         583.716    -468.679         714.909    -379.696             212             139
  203         807.793    -558.592         231.965    -990.985             203             133
   69       -1375.982     171.567        -433.305    -471.158              69              67
   57         100.208    -705.051         263.482    -122.757              57              60
   80        -213.212    -831.048        -142.152    -974.797              80              73
   74        -427.961     108.609        -587.734     100.903              74              69
  131        -132.195     366.109         374.912    -163.018             131              98
  163        -232.402    -821.974          77.484    -479.464             163             113
  211        -477.355    -595.640         -26.880    -874.256             211             138
  160       -1164.683   -1180.019        -646.349    -402.321             160             112
  249         117.909    -754.344        -126.065    -586.913             249             157
  253       -1472.734    -878.845       -1114.308    -484.748             253             158
   29         -47.602    -265.849        -554.534     298.977              29              47
  197        -195.254     318.585        -534.480      42.835             197             130
  204        -352.961     373.990        -317.254     430.723             204             135
   76         431.420     447.125         154.845     246.335              76              70
   33        -220.170    -267.400         209.020    -468.740              33              49
  125        -768.216    -910.519        -768.895    -427.089             125              94
  206        -146.543     577.390        -448.810     447.495             206             136
  185         -26.000       0.004         135.000       0.000             185              35
  155        -146.508    -577.361        -448.810    -447.496             155              36
   15        -768.289     910.491        -768.896     427.088              15              35
   98        -220.165     267.372         209.019     468.741              98              36
   11         431.457    -447.087         154.845    -246.335              11              35
   65        -352.947    -373.988        -317.253    -430.723              65              36
  138        -195.237    -318.543        -534.480     -42.835             138              35
   70         -47.655     265.918        -554.533    -298.977              70              36
  228       -1472.808     878.775       -1114.308     484.747             228              35
   84         117.859     754.386        -126.065     586.913              84              36
   42       -1164.770    1179.925        -646.350     402.320              42              35
  146        -477.360     595.581         -26.881     874.256             146              36
  118        -232.430     821.917          77.483     479.464             118              35
  180        -132.135    -366.151         374.911     163.019             180              36
   38        -427.920    -108.630        -587.734    -100.904              38              35
  123        -213.241     831.039        -142.153     974.797             123              36
    3         100.171     705.029         263.482     122.757               3              35
   98       -1375.904    -171.704        -433.306     471.157              98              36
   38         807.833     558.648         231.964     990.985              38              35
  217         583.714     468.694         714.908     379.697             217              36
  154         543.473      -2.232         372.673      53.642             154              35
  116         118.763     241.137         198.265     127.900             116              36
  147         308.948     720.978         422.726     378.118             147              35
    1        -201.363    -479.140         585.118    -324.104               1              36
   10         -16.245    -533.709           8.998      28.345              10              35
  139         522.762    -649.848         501.597    -469.720             139              36
   43        -769.768    -238.991        -679.824     -46.767              43              35
   91         876.606    -282.595         676.221     154.679              91              36
  222        -494.611    -344.169        -721.347    -674.131             222              35
  198        -505.023     567.223        -163.364     862.603             198              36
  136         470.281     -57.502         116.981       9.217             136              35
   94         198.598     355.688         193.477     356.874              94              36
  134         -58.028     527.975         -82.000      43.000             134              35
  255        -249.331     220.820         739.542     548.294             255              36
  124         515.702   -2006.459         188.175    -990.871             124              35
   63         473.393     300.141        -340.216     480.463              63              36
  134        1233.793     184.713         701.010    -474.578             134              35
  194        -884.089    -347.010        -542.242    -754.130             194              36
  228       -1206.784      -1.363       -1029.008     -49.040             228              35
   16        -420.828     874.816        -504.824     966.922              16              36
    1         230.632    1021.680         160.685     431.734               1              35
  121        -211.414     755.261         181.645     541.430             121              36
   65        -186.783     452.381         350.852    -187.795              65              35
    8       -1357.447    -445.809        -347.877      34.418               8              36
   79        -508.450     350.777        -280.159     214.550              79              35
    7       -1729.276     -23.999        -358.545     670.226               7              36
  254         310.739     -51.239         163.317     977.868             254              35
  222         883.168      89.960        1175.296     600.311             222              36
  208         419.977   -1810.949         386.519    -947.243             208              35
  214        -140.814    -541.678        -647.131     392.152             214              36
  232        1238.476     840.915         374.607     456.988             232              35
  117        -460.465     392.517         269.165     373.419             117              36
   11         748.512    -683.484         641.982     -76.058              11              35
  189        -310.458    -679.331         -87.054    -272.084             189              36
  163          86.482    -522.283         -68.112     310.846             163              35
  255        1028.990    -801.185         383.180     -26.087             255              36
  135         414.382      70.256        -523.374     -79.863             135              35
   11         393.602    1094.101         271.042     669.693              11              36
    4       -1037.310      58.656        -397.851    -214.248               4              35
   25        -260.179     105.397         170.703    1233.535              25              36
  240         -25.506    -712.863        -114.486    -371.214             240              35
  158        -247.999     507.994        -136.454    1958.672             158              36
  182         306.999    -769.747         335.632    -229.567             182              35
  153         204.101      15.818        -292.458    4599.905             153              36
