SINAL     NFT                         FFT                         NFT INVERSA     FFT INVERSA
-----     -----------------------     -----------------------     -----------     -----------
  235       16877.000       0.000        8930.124       0.000             235             151
  128         407.675    -163.308         775.668   -5161.219             128             101
  141           1.143    -857.875         -93.480    -704.409             141             104
   44        -224.270     314.623        -208.175   -1304.399              44              59
   93         951.635     522.549         709.236      92.136              93              80
  233        -497.032    -585.285         274.729   -1688.005             233             153
  232         101.973    -631.833        -278.551    -305.561             232             149
   16        -485.709     542.243        -294.025    -924.077              16              45
  242       -1140.332     433.134        -509.922     416.789             242             154
  122         -42.072     267.796         310.046    -131.319             122              98
  231        -289.103     157.965         -94.278     191.543             231             149
  135         123.505     479.755         506.417     207.034             135             104
  209         770.811    -427.908         731.305    -273.435             209             138
  220        -126.154    -234.061         -23.700    -713.685             220             147
   28        -304.290     578.906          -4.790     164.269              28              47
  151        -770.916    -416.161         230.632    -372.994             151             112
   34         227.005    -479.163         -99.839     106.687              34              50
   91          -7.187     545.654         303.360    -137.071              91              82
   56        -702.866    -445.050        -206.150      -1.170              56              61
  189         204.169     537.163         219.027     573.276             189             131
   84         748.977     108.364         909.986      30.715              84              75
  145        -594.300    -588.015         155.978    -455.994             145             109
  235         544.978    -735.692         363.324     194.331             235             151
   53         567.017    -107.584         273.650    -405.252              53              63
  240         -26.569      13.730         255.523     368.658             240             153
  183        1242.982    -635.333         793.842    -512.579             183             128
  236        -157.573      29.946        -156.720    -171.629             236             151
   93         788.425      35.519         661.705     -22.206              93              83
  181         -73.109       8.281         126.183    -470.755             181             124
  148        -270.747    -132.355         378.339     -20.920             148             111
  105         -13.518   -1057.779         236.316    -551.470             105              86
  223         555.426    -327.816         183.849      17.503             223             148
  221         301.996    -311.001         533.000    -799.000             221             144
  138       -1085.229   -1238.948        -602.826    -382.144             138             106
  230         878.139     -58.001         315.470     -33.624             230             148
    0        -818.536    -823.809        -384.097    -429.307              -0              37
  151        1007.635    -186.551         300.115     104.674             151             109
  176        -805.668    -893.816        -540.243    -840.376             176             125
   23         313.411     215.130        -530.803     820.756              23              45
  138         824.088     681.087         283.233    -111.742             138             106
  110        -731.477     814.626        -483.059     523.829             110              88
  129         701.150     847.034         705.755     639.412             129             101
   22         159.545    -178.705         701.158    -380.789              22              44
  253        -584.332   -1099.104        -398.039    -516.336             253             163
   10        -291.833     621.016        -181.659     729.039              10              38
  191         802.966   -1028.633         503.256      68.319             191             132
  144        1270.197     802.374         147.524     193.127             144             105
   77        -376.427      20.677         182.063     -15.025              77              75
    8        1042.998     426.865         325.839     686.687               8              37
   42        1285.472    -130.997        1006.673    -405.686              42              58
   68         293.324     340.441         -89.308    -158.792              68              67
   20         280.190      51.806         517.554    -202.958              20              47
  232         -94.115     470.293        -168.500      92.729             232             149
  208         664.682    -201.883        1103.474       6.443             208             141
    3         604.645   -1116.945          45.702   -1210.588               3              35
   58        -881.948    -138.893        -639.549    -322.596              58              66
  222        -129.662     410.061        -526.544     255.960             222             144
  161         -81.286     504.714          -1.946     232.621             161             117
  150        -307.277    1177.176        -582.713     500.341             150             108
   11         -96.866    1625.667         818.243    1208.330              11              42
  239         627.995    -702.780         885.334    -544.596             239             153
  104        -601.532    -393.882        -219.151      55.187             104              89
   74        1415.201     415.895         451.300     352.608              74              70
  159         -33.603    1347.429         443.211      44.663             159             116
  233        -925.000      -0.095         450.000       0.000             233              36
   44         -33.441   -1347.493         443.209     -44.663              44              40
  236        1415.233    -415.780         451.301    -352.607             236              36
  172        -601.583     393.813        -219.151     -55.188             172              40
  133         627.932     702.748         885.333     544.596             133              36
  112         -96.754   -1625.750         818.245   -1208.328             112              40
   60        -307.183   -1177.199        -582.712    -500.341              60              36
  229         -81.238    -504.695          -1.946    -232.621             229              40
  232        -129.624    -410.037        -526.543    -255.961             232              36
   52        -881.917     138.861        -639.549     322.595              52              40
   86         604.612    1116.993          45.700    1210.588              86              36
  231         664.683     201.890        1103.474      -6.441             231              40
   10         -94.057    -470.333        -168.500     -92.730              10              36
   58         280.230     -51.800         517.553     202.959              58              40
  174         293.399    -340.428         -89.308     158.792             174              36
   53        1285.486     131.091        1006.672     405.688              53              40
   34        1043.005    -426.790         325.839    -686.687              34              36
  201        -376.432     -20.716         182.062      15.025             201              40
  155        1270.265    -802.246         147.524    -193.127             155              36
  216         802.824    1028.708         503.256     -68.318             216              40
    9        -291.836    -621.042        -181.658    -729.040               9              36
   80        -584.431    1099.048        -398.041     516.335              80              40
  169         159.547     178.655         701.157     380.790             169              36
  213         701.206    -847.019         705.756    -639.411             213              40
  240        -731.410    -814.686        -483.058    -523.829             240              36
  251         824.155    -680.982         283.233     111.742             251              40
  117         313.397    -215.040        -530.801    -820.756             117              36
  205        -805.739     893.790        -540.245     840.375             205              40
   51        1007.617     186.655         300.115    -104.673              51              36
   61        -818.609     823.749        -384.098     429.305              61              40
  139         878.129      58.084         315.469      33.625             139              36
  244       -1085.332    1238.853        -602.826     382.143             244              40
    9         302.011     310.996         533.000     799.000               9              36
  184         555.407     327.849         183.848     -17.504             184              40
   31         -13.611    1057.741         236.315     551.471              31              36
  231        -270.743     132.274         378.339      20.921             231              40
   42         -73.067      -8.330         126.183     470.755              42              36
   99         788.452     -35.481         661.704      22.207              99              40
   52        -157.544     -29.972        -156.721     171.629              52              36
  169        1242.940     635.414         793.840     512.581             169              40
   51         -26.578     -13.765         255.524    -368.657              51              36
  240         567.008     107.617         273.649     405.251             240              40
   67         544.888     735.711         363.325    -194.331              67              36
  195        -594.355     587.904         155.977     455.994             195              40
  171         748.988    -108.370         909.986     -30.714             171              36
  110         204.179    -537.180         219.028    -573.276             110              40
   25        -702.914     444.959        -206.150       1.170              25              36
  130          -7.125    -545.682         303.360     137.072             130              40
  166         226.960     479.165         -99.839    -106.687             166              36
   37        -770.944     416.044         230.631     372.993              37              40
  179        -304.200    -578.971          -4.790    -164.269             179              36
   91        -126.118     234.030         -23.701     713.684              91              40
   29         770.808     427.921         731.305     273.435              29              36
  238         123.547    -479.796         506.417    -207.034             238              40
  186        -289.077    -158.023         -94.279    -191.543             186              36
   68         -42.036    -267.832         310.045     131.321              68              40
  110       -1140.252    -433.250        -509.921    -416.789             110              36
  165        -485.567    -542.273        -294.027     924.075             165              40
  140         102.020     631.848        -278.551     305.560             140              36
  215        -496.954     585.202         274.727    1688.005             215              40
  108         951.811    -522.508         709.236     -92.136             108              36
  255        -224.100    -314.639        -208.177    1304.397             255              40
   43           1.311     857.861         -93.481     704.408              43              36
   13         408.116     163.294         775.658    5161.218              13              40
