SINAL     NFT                         FFT                         NFT INVERSA     FFT INVERSA
-----     -----------------------     -----------------------     -----------     -----------
   77       15877.000       0.000        8945.124       0.000              77              73
   79         473.150    -653.292         435.993   -5241.169              79              75
   86        -393.245    -512.253        -106.135    -550.825              86              77
  226        -443.142    -247.986        -410.617   -1721.781             226             149
  210        -246.857     144.687        -114.962     243.434             210             139
  114         262.696     191.468          28.840    -965.516             114              93
  147        -530.550     661.569         -90.862     370.822             147             108
  204         579.514     379.649         765.828    -517.826             204             138
   59        -682.648    -783.359         293.617    -708.140              59              64
   86          -9.139    -992.048        -114.707    -859.978              86              79
    1        -280.256    -338.569        -107.221    -462.088               1              35
  196        -355.854    -296.174        -427.358    -603.426             196             134
  123        -659.573     183.542         -90.883    -112.403             123              96
   62        -669.787    -744.805        -462.984    -696.030              62              67
  243       -1211.206     328.186        -546.603     205.365             243             156
  207        -641.032    -855.279        -334.107     -96.446             207             139
  219         -49.211     348.694        -271.170     614.334             219             144
  197         826.715    -156.736         597.618      86.436             197             134
   94         203.004    -445.464          81.197    -615.082              94              81
  186        -544.934    -428.121        -706.161    -115.313             186             129
  244         527.701    1169.840         121.570     572.625             244             156
   55        -438.602    -342.167         182.573    -340.862              55              63
  194         216.850    -100.575        -200.374      94.839             194             131
  173         -23.833     377.851          88.824     -52.284             173             122
  224        -279.624     -62.374         -96.768     -62.109             224             146
  108        -366.008     133.011        -152.984      94.612             108              90
   16           5.051    -144.613         236.355     119.536              16              42
   78         214.487    -705.982         -79.296    -298.564              78              75
  186         270.253     349.893         -62.984      42.354             186             127
   52        -352.700    -370.144        -314.419    -311.470              52              62
  246        -251.741     733.433        -607.523     371.163             246             157
  102        -509.687     971.430        -237.860     765.362             102              87
  244         771.980    1225.004         666.000     851.000             244             156
  123         -81.972    -188.756         695.856    -262.652             123              97
   18         298.948    -575.098          40.543     -88.207              18              43
  184         260.527     576.246         126.966     178.113             184             128
  192         391.487     455.042         541.259      78.636             192             130
  106        -753.000    -131.880          85.420    -302.681             106              89
  184         123.379    -684.166         370.019     156.644             184             126
  144         699.629    -653.597         132.924    -501.761             144             108
   81         314.102     772.851         142.726     139.854              81              75
  101        -855.002    -280.182          87.876    -663.677             101              86
    2        -970.422    -536.667        -490.457     324.341               2              35
  203         789.622      80.665         482.175     152.535             203             137
  109        -604.687    -351.316         108.440    -209.968             109              89
  180         153.253   -1049.381         -24.382      70.693             180             126
    5        1226.026     279.475         622.156     178.940               5              37
   91         182.808   -1113.066         382.122    -762.091              91              81
   79         809.228    -907.268          61.170    -567.665              79              74
   55        -695.226    -568.490        -956.294    -933.542              55              63
  200        -586.507    1175.530        -673.380    1228.813             200             134
  196        1102.260    -195.222         739.322    -318.186             196             134
   71        -722.122     572.600        -652.411     207.867              71              70
  210         471.046    -215.153         460.791      59.588             210             141
  160          86.983     608.701        -391.651     206.639             160             114
   63         252.364     503.787         607.092     119.499              63              67
  220        -419.870      55.832        -199.575      -2.178             220             144
   18         419.025    -316.322         695.012     -62.655              18              45
  210        -250.927    -422.504        -514.732    -374.669             210             139
   41         344.739     556.289         590.447     561.008              41              56
  173         643.772   -1303.934         333.971   -1049.421             173             121
  122        -570.042      58.915        -723.759    -253.494             122              97
   39        -421.403     421.802        -293.334     237.406              39              54
  225        -169.814     191.684          22.205     235.701             225             148
   91         219.000       0.003         169.000       0.000              91              37
    3        -169.809    -191.705          22.204    -235.701               3              39
   13        -421.366    -421.823        -293.334    -237.407              13              37
   25        -570.001     -58.922        -723.760     253.493              25              39
  150         643.696    1303.984         333.970    1049.422             150              37
  166         344.781    -556.282         590.448    -561.006             166              39
  119        -250.960     422.484        -514.732     374.667             119              37
  209         418.998     316.331         695.012      62.656             209              39
  180        -419.862     -55.903        -199.575       2.178             180              37
   89         252.422    -503.789         607.091    -119.498              89              39
   40          87.042    -608.684        -391.650    -206.640              40              37
  174         471.018     215.200         460.791     -59.587             174              39
  126        -722.063    -572.652        -652.411    -207.868             126              37
  170        1102.244     195.323         739.321     318.189             170              39
   90        -586.433   -1175.537        -673.378   -1228.814              90              37
    3        -695.237     568.508        -956.296     933.541               3              39
  186         809.190     907.373          61.170     567.666             186              37
  110         182.732    1113.068         382.120     762.091             110              39
   84        1226.036    -279.380         622.156    -178.939              84              37
  206         153.113    1049.390         -24.382     -70.693             206              39
   16        -604.733     351.228         108.441     209.968              16              37
   59         789.601     -80.620         482.175    -152.534              59              39
  185        -970.503     536.565        -490.456    -324.341             185              37
   49        -854.995     280.065          87.875     663.677              49              39
  211         314.212    -772.837         142.726    -139.854             211              37
  171         699.579     653.661         132.923     501.760             171              39
  104         123.296     684.139         370.019    -156.643             104              37
   74        -753.004     131.756          85.420     302.681              74              39
  174         391.551    -455.057         541.259     -78.635             174              37
    8         260.580    -576.233         126.966    -178.112               8              39
   75         298.894     575.105          40.543      88.208              75              37
  236         -81.988     188.682         695.857     262.653             236              39
   95         772.061   -1224.989         666.000    -851.000              95              37
   24        -509.637    -971.467        -237.860    -765.364              24              39
  139        -251.683    -733.413        -607.522    -371.164             139              37
  194        -352.718     370.147        -314.420     311.470             194              39
   79         270.296    -349.845         -62.984     -42.354              79              37
  117         214.422     706.015         -79.298     298.564             117              39
  226           5.023     144.598         236.356    -119.535             226              37
   97        -366.004    -133.051        -152.984     -94.613              97              39
  129        -279.618      62.341         -96.768      62.109             129              37
  215         -23.785    -377.853          88.824      52.284             215              39
  190         216.844     100.603        -200.374     -94.839             190              37
   69        -438.619     342.111         182.572     340.863              69              39
   50         527.804   -1169.785         121.571    -572.624              50              37
  121        -544.965     428.118        -706.162     115.311             121              39
   20         202.993     445.489          81.196     615.083              20              37
  106         826.688     156.798         597.619     -86.434             106              39
   73         -49.232    -348.683        -271.170    -614.335              73              37
  102        -641.144     855.231        -334.108      96.444             102              39
  166       -1211.178    -328.288        -546.603    -205.366             166              37
  214        -669.815     744.749        -462.986     696.030             214              39
   46        -659.510    -183.605         -90.883     112.403              46              37
   87        -355.821     296.153        -427.359     603.425              87              39
  100        -280.224     338.553        -107.221     462.089             100              37
   79          -9.168     992.032        -114.708     859.978              79              39
  227        -682.640     783.237         293.616     708.140             227              37
  117         579.619    -379.669         765.827     517.826             117              39
  142        -530.425    -661.640         -90.862    -370.822             142              37
  248         262.800    -191.448          28.838     965.516             248              39
   66        -246.750    -144.702        -114.962    -243.434              66              37
   75        -443.018     247.957        -410.620    1721.779              75              39
  100        -393.048     512.211        -106.136     550.825             100              37
   25         473.536     653.289         435.983    5241.167              25              39
