SINAL     NFT                         FFT                         NFT INVERSA     FFT INVERSA
-----     -----------------------     -----------------------     -----------     -----------
   31       16081.000       0.000        8721.124       0.000              31              49
   59        -286.270    -107.312         -82.548   -4895.071              59              64
  192         203.735    -241.025         283.113      -0.991             192             129
  156         -87.474     234.841        -129.343   -1643.458             156             113
  248         148.099     -41.946         693.188     119.496             248             157
  106          58.791   -1280.264          46.201   -2042.523             106              88
   81        -958.893    -498.866        -748.979     -93.660              81              74
  223         278.677     346.343        -243.983    -384.617             223             146
  176        -163.138     455.046         362.291     344.723             176             121
   33         601.892    -959.332         344.224   -1139.322              33              51
  170        -550.617    -217.618        -319.183    -253.946             170             118
  129         314.261    -703.195         -60.914    -860.960             129              99
   95       -1090.840     121.800        -869.392     -98.984              95              81
  161         421.830     303.405          69.493     329.240             161             115
   86         405.652     -99.192         318.970    -544.660              86              76
  216        -588.347     -13.317        -776.530    -395.102             216             143
  127        -406.943    1145.517          67.023     392.459             127              97
   86        -780.664    -492.844        -131.058    -312.362              86              78
  167          85.191    -216.961         365.405      75.254             167             117
   62        -147.847   -1532.573        -412.692   -1039.604              62              66
   42        -517.311     890.360        -632.961     529.061              42              54
  131          35.531    -811.196         100.594    -148.868             131             100
   10        1027.576     675.629          -6.732     161.946              10              38
  141        -943.088    -247.584        -122.591    -732.709             141             105
   12        -407.431    -264.482        -776.248     401.675              12              39
  191         515.331     604.181         218.867     112.045             191             130
   50          51.294    -120.317        -123.686     -27.107              50              58
  107          87.913     483.783        -310.190    -273.806             107              88
  249       -1038.382     974.191        -309.780     581.947             249             158
  236         145.264    -689.972         143.208    -346.095             236             153
  228        -819.665    1018.465        -740.773     619.551             228             147
  207         328.665    -176.712         694.655     243.656             207             138
  114         -92.994     -30.001        -454.000     -27.000             114              90
    0          74.072     159.611         364.494     472.561              -0              35
  241         953.568    -340.254         -38.013      62.926             241             154
   89        1082.614    1205.823         621.320     363.324              89              79
  193          50.889     -39.697         236.232    -494.963             193             130
  208        -221.764     -16.536         142.169     118.346             208             139
   69        1164.755    -928.775         449.096    -564.467              69              68
   48         -76.742      88.615        -537.436    -563.201              48              59
  131         172.614     687.173        -338.021     423.734             131              99
  130         841.897    1425.713         511.705     -17.504             130             100
   33       -1087.960       5.525         -68.002    -660.583              33              50
    7        -798.937    -257.574        -567.077    -219.444               7              38
  124        -503.791     571.558        -341.508     181.290             124              95
  104        -459.610     238.664        -153.335      28.559             104              87
  138        -334.316     310.697        -273.932      10.831             138             102
  185       -1081.651     595.188        -562.073      65.195             185             127
  103        -899.080     749.490        -435.023     952.458             103              85
  152         692.363    1010.118         691.043     620.985             152             111
  211        -547.335     -30.777         355.602     -80.738             211             139
   58         437.191    -556.973         242.343     -14.720              58              64
   23         319.188     528.178         168.843    -186.795              23              45
   60        -888.060     130.195        -147.061    -313.207              60              65
  192       -1326.579     100.933        -471.077     211.351             192             129
  150        -228.484     -86.261          74.230     479.339             150             110
  162         165.929     306.671         327.977     254.782             162             114
  225        -266.053    -746.908         349.326    -287.784             225             147
  251        -316.062    -890.623        -478.522    -129.164             251             159
   77         590.531     485.746         -64.142     605.676              77              73
   66         376.008     917.318         375.377     366.546              66              66
  168         399.504    -251.639         603.372      28.069             168             119
  231         545.640     -38.893         168.715    -431.242             231             149
  168        -691.453     313.772        -125.319      24.431             168             119
   51         -51.000      -0.020         173.000       0.000              51              37
   37        -691.403    -313.853        -125.321     -24.431              37              38
   25         545.669      38.925         168.714     431.242              25              37
   15         399.486     251.635         603.372     -28.068              15              38
  208         376.075    -917.308         375.377    -366.546             208              37
  132         590.535    -485.664         -64.141    -605.676             132              38
  216        -316.179     890.615        -478.523     129.163             216              37
  232        -266.136     746.845         349.325     287.785             232              38
  164         165.925    -306.702         327.977    -254.782             164              37
   35        -228.543      86.211          74.230    -479.338              35              38
   97       -1326.590    -101.080        -471.076    -211.352              97              37
  249        -888.009    -130.304        -147.062     313.206             249              38
  234         319.272    -528.167         168.842     186.796             234              37
   36         437.137     556.985         242.343      14.721              36              38
  105        -547.342      30.664         355.602      80.739             105              37
   18         692.423   -1010.111         691.045    -620.983              18              38
  224        -899.061    -749.579        -435.023    -952.459             224              37
  248       -1081.594    -595.276        -562.074     -65.196             248              38
   38        -334.266    -310.719        -273.932     -10.832              38              37
   71        -459.573    -238.704        -153.335     -28.559              71              38
  177        -503.724    -571.591        -341.508    -181.290             177              37
   49        -798.925     257.510        -567.078     219.444              49              38
  165       -1087.873      -5.653         -68.003     660.583             165              37
  206         842.098   -1425.651         511.705      17.505             206              38
  140         172.711    -687.111        -338.021    -423.735             140              37
  126         -76.679     -88.563        -537.437     563.200             126              38
   22        1164.706     928.890         449.095     564.468              22              37
  238        -221.756      16.497         142.170    -118.346             238              38
   38          50.932      39.672         236.231     494.963              38              37
  232        1082.744   -1205.726         621.321    -363.323             232              38
  128         953.516     340.360         -38.013     -62.926             128              37
  103          74.047    -159.601         364.496    -472.559             103              38
   62         -93.017      29.997        -454.000      27.000              62              37
    5         328.619     176.722         694.655    -243.655               5              38
  167        -819.598   -1018.527        -740.772    -619.552             167              37
  133         145.199     689.985         143.207     346.096             133              38
   37       -1038.290    -974.289        -309.780    -581.947              37              37
   88          87.991    -483.744        -310.192     273.806              88              38
  207          51.308     120.345        -123.686      27.107             207              37
  148         515.379    -604.108         218.867    -112.043             148              38
   35        -407.468     264.486        -776.247    -401.676              35              37
  150        -943.069     247.514        -122.593     732.709             150              38
  109        1027.663    -675.514          -6.732    -161.945             109              37
    2          35.443     811.222         100.593     148.868               2              38
  253        -517.238    -890.365        -632.960    -529.062             253              37
  243        -147.960    1532.592        -412.694    1039.603             243              38
   88          85.173     216.945         365.405     -75.253              88              37
  133        -780.697     492.739        -131.059     312.363             133              38
   86        -406.813   -1145.565          67.023    -392.458              86              37
  150        -588.292      13.295        -776.530     395.099             150              38
   15         405.699      99.237         318.969     544.660              15              37
  193         421.865    -303.353          69.493    -329.240             193              38
   88       -1090.797    -121.851        -869.392      98.983              88              37
  243         314.258     703.249         -60.916     860.960             243              38
  173        -550.576     217.584        -319.184     253.945             173              37
   48         601.871     959.365         344.221    1139.324              48              38
   36        -163.056    -455.084         362.292    -344.723              36              37
  149         278.747    -346.296        -243.983     384.615             149              38
  140        -958.866     498.821        -748.979      93.659             140              37
    1          58.796    1280.253          46.197    2042.523               1              38
  232         148.209      41.909         693.189    -119.495             232              37
   75         -87.309    -234.870        -129.346    1643.456              75              38
    9         203.924     241.028         283.113       0.992               9              37
  205        -285.856     107.264         -82.558    4895.068             205              38
