SINAL     NFT                         FFT                         NFT INVERSA     FFT INVERSA
-----     -----------------------     -----------------------     -----------     -----------
  215       17550.000       0.000        9232.124       0.000             215             145
   34         465.985    -389.201         122.577   -5634.514              34              52
   62        -508.145     174.184        -738.062    -126.174              62              69
  188        -154.014    1198.737        -269.288    -972.070             188             129
  144         144.339    1019.727         360.959     645.848             144             110
  146         798.500     588.580         806.876    -830.180             146             108
  101        -172.087     198.848         574.690    -444.468             101              88
  191        -698.602   -1007.257          77.772   -1263.826             191             130
  177        -133.987    -633.838         -77.825    -334.826             177             126
  120        -415.813    -814.406        -413.418   -1042.282             120              95
   59        -213.752     758.248        -621.910     471.664              59              67
   18        -219.791     639.572         361.055    -333.896              18              44
    7       -1069.695    -446.257        -545.768     -93.341               7              41
  133          -9.856     390.670         -31.154     232.730             133             101
    9        -143.429     370.435         -22.620     233.403               9              42
  141        -100.708     468.948         275.977     281.855             141             105
  138         469.755    -181.827         490.534     -34.353             138             107
  167        -239.297      95.949          87.682    -206.652             167             118
  143         215.267    -370.497         411.821      29.054             143             109
  119         137.825    -487.504           0.907    -556.249             119              94
  220         -38.380     392.229         -34.884     219.193             220             148
  165        -383.504    -304.499         185.574    -444.404             165             117
  190        -373.723    -551.168        -442.007     122.952             190             133
  255         410.057     630.168         204.938     288.728             255             162
  216         122.372    -307.127         310.524     -60.422             216             146
  147        -170.958    -252.443        -228.169    -409.010             147             108
  252        -609.850      61.613        -489.312     612.907             252             164
   98        1343.602     773.639         522.836     584.769              98              84
  227         416.406     350.838         559.367    -108.217             227             151
  205        -338.862      41.220        -331.355    -280.553             205             137
   27        -468.664    1013.543          27.216    1135.798              27              51
  145        1899.498     -32.957        1222.161     -97.029             145             107
  199        -882.022     669.966         -42.000    -228.000             199             137
  250          64.750   -1003.110         497.765      42.551             250             160
  139         675.659      32.090           7.441     -96.298             139             107
  102         322.358     399.337         433.088      63.751             102              86
  113        -359.850     215.999         -71.139     -79.769             113              94
  241          31.028     165.640         475.332     290.751             241             155
  190        -218.131    -463.534          55.968    -221.668             190             133
   52         508.988     305.110         415.527     585.883              52              61
   45         329.183    -383.249         779.529    -473.961              45              60
  103         -66.511   -1275.470         -63.826    -203.831             103              86
  221         841.278     -78.116         280.581    -158.621             221             148
  114         -99.814    -649.504        -225.383      -2.224             114              92
   97        1550.101     862.872         459.021     434.556              97              86
  127         125.664     -51.655         518.984    -377.509             127              98
  199         472.769    -406.896         -82.325    -260.081             199             137
  119          -4.261     763.559        -136.207     120.435             119              94
  163        -197.771     654.157         145.466     441.647             163             119
  210         649.251     -16.760         588.983     296.020             210             140
  123        1005.167     288.118         685.220    -149.798             123              99
  148           1.853    -466.914         289.689    -371.685             148             109
   52         810.942      28.641         188.965    -159.498              52              64
   22        -105.106     516.304         116.996    -170.208              22              46
   94        -185.907      73.458         238.737     -13.722              94              85
  214         236.081    -678.376         164.095    -307.016             214             142
   53         438.413     534.072        -116.228     -68.365              53              64
  165        -587.844     855.095         -68.602     287.380             165             117
  188         450.501     578.130         706.616     385.914             188             132
  173         104.502    -438.014         452.118    -646.095             173             121
   28        -661.960     377.126         -12.520      16.778              28              52
  179        -401.116   -1322.069         316.045    -474.539             179             124
  139         193.022     -86.996        -336.054      16.435             139             107
  109         -95.868    -290.544         309.379    -132.646             109              89
  121         158.000       0.010        -370.000       0.000             121              41
    9         -95.895     290.535         309.377     132.646               9              38
  249         193.005      87.014        -336.054     -16.435             249              41
  154        -401.238    1321.996         316.043     474.540             154              38
   32        -661.906    -377.243         -12.520     -16.778              32              41
   34         104.505     437.964         452.117     646.095              34              38
  194         450.560    -578.158         706.617    -385.913             194              41
  124        -587.751    -855.170         -68.602    -287.380             124              38
  146         438.492    -534.021        -116.228      68.365             146              41
   60         236.036     678.390         164.094     307.016              60              38
  100        -185.882     -73.513         238.737      13.723             100              41
  184        -105.017    -516.332         116.995     170.208             184              38
  242         810.978     -28.574         188.965     159.498             242              41
   31           1.842     466.889         289.688     371.685              31              38
  210        1005.213    -288.070         685.220     149.799             210              41
  236         649.232      16.779         588.985    -296.019             236              38
   78        -197.726    -654.202         145.466    -441.647              78              41
  138          -4.175    -763.546        -136.207    -120.436             138              38
  241         472.758     406.949         -82.326     260.081             241              41
   53         125.692      51.647         518.983     377.510              53              38
  133        1550.172    -862.728         459.021    -434.555             133              41
    2         -99.890     649.523        -225.383       2.223               2              38
  120         841.256      78.201         280.580     158.622             120              41
  231         -66.639    1275.451         -63.826     203.831             231              38
   54         329.144     383.217         779.528     473.962              54              41
  199         508.989    -305.107         415.528    -585.882             199              38
  108        -218.194     463.478          55.968     221.668             108              41
  198          31.033    -165.687         475.333    -290.750             198              38
    4        -359.822    -216.067         -71.140      79.769               4              41
   39         322.415    -399.329         433.088     -63.750              39              38
  150         675.657     -32.034           7.441      96.297             150              41
  219          64.642    1003.071         497.766     -42.549             219              38
   77        -881.933    -670.101         -42.000     228.000              77              41
   25        1899.501      33.069        1222.159      97.030              25              38
  213        -468.621   -1013.611          27.217   -1135.799             213              41
  205        -338.844     -41.257        -331.356     280.552             205              38
  172         416.465    -350.825         559.366     108.218             172              41
  217        1343.639    -773.523         522.837    -584.769             217              38
  147        -609.888     -61.641        -489.312    -612.908             147              41
  150        -170.979     252.437        -228.170     409.010             150              38
   68         122.351     307.119         310.524      60.422              68              41
  134         410.094    -630.134         204.937    -288.728             134              38
   83        -373.788     551.145        -442.006    -122.952              83              41
   57        -383.520     304.441         185.573     444.404              57              38
  111         -38.325    -392.244         -34.884    -219.194             111              41
   67         137.802     487.511           0.905     556.249              67              38
  195         215.241     370.481         411.821     -29.053             195              41
   51        -239.277     -96.005          87.682     206.652              51              38
  134         469.747     181.825         490.534      34.353             134              41
  196        -100.676    -468.995         275.977    -281.856             196              38
  235        -143.397    -370.465         -22.620    -233.403             235              41
   76          -9.832    -390.671         -31.154    -232.730              76              38
  252       -1069.716     446.151        -545.769      93.341             252              41
  141        -219.688    -639.615         361.054     333.897             141              38
  186        -213.645    -758.235        -621.910    -471.665             186              41
  215        -415.827     814.403        -413.419    1042.282             215              38
  177        -133.979     633.816         -77.825     334.825             177              41
   84        -698.602    1007.141          77.769    1263.825              84              38
  227        -171.946    -198.946         574.689     444.470             227              41
  253         798.662    -588.578         806.874     830.181             253              38
   91         144.525   -1019.749         360.960    -645.848              91              41
  223        -153.771   -1198.730        -269.291     972.068             223              38
   74        -507.882    -174.179        -738.062     126.173              74              41
   91         466.435     389.263         122.566    5634.512              91              38
