SINAL     NFT                         FFT                         NFT INVERSA     FFT INVERSA
-----     -----------------------     -----------------------     -----------     -----------
   30       18145.000       0.000       10281.124       0.000              30              54
  115       -1143.908   -1265.040         -47.886   -6224.450             115              99
  127        -149.295    -803.206        -387.285     -73.708             127             102
  211        -431.953     301.085        -337.153   -1871.240             211             147
  198        -760.206     822.639        -265.108     556.270             198             138
  148        -689.541      86.883         576.179    -887.779             148             116
   51        -340.103   -1600.576         140.155    -395.664              51              64
  132         -86.882    -735.343        -162.887   -1037.264             132             108
  180        -606.514    -601.115        -413.682      77.732             180             129
   13         810.968    -281.410         217.202    -185.979              13              48
  180         768.648      20.550         237.934    -423.383             180             129
  213        -946.834     298.994        -458.626    -309.623             213             148
  121         804.979      52.979         833.297     294.612             121              99
  247         -72.705   -1453.842         106.011   -1676.659             247             165
  148        -653.564     -41.615        -881.176      49.581             148             113
  110         -97.469     -32.645         309.351    -471.325             110              97
   46        -651.865   -1171.119        -732.028    -646.756              46              62
   52        -545.498     645.063        -727.695     102.574              52              68
  244        -641.778     462.473        -286.855     390.744             244             161
  215        -321.280     345.122          13.584     342.573             215             149
  173         504.473    -398.830         563.462     -14.542             173             125
  186        -112.650    -764.986        -182.685    -688.919             186             135
  250          -1.362     -78.835        -244.778       4.690             250             164
  134        -550.693     -42.132        -434.765    -284.761             134             109
  157        -137.883     228.131        -131.562     496.455             157             117
  232         229.686    -373.663          27.871    -422.033             232             158
  215        -365.358     456.840        -518.595     278.246             215             146
  220        -358.995     312.887        -117.562     143.305             220             152
  245         125.444     623.000          33.252     779.779             245             161
    0         936.082    -206.657         926.681    -417.090              -0              42
  176        -854.089    -389.520        -742.682    -491.001             176             127
  253        -351.901     346.491         -46.498     560.909             253             168
  153         573.010    -315.984          24.000     -71.000             153             115
  211         -26.994    1013.521         -54.799     406.206             211             147
  108          61.662     205.456         334.466     152.636             108              93
   33         133.979     190.447         339.183     242.195              33              58
  191         864.185    -472.831         696.868    -438.226             191             134
   64        -625.741     -82.484        -285.289    -315.623              64              74
   43         568.841    -466.489         617.829    -143.002              43              60
  117        -710.342    -859.957        -552.060    -936.283             117             100
  239        -278.324     -14.400        -232.709     507.200             239             158
  225         507.631    -625.070          43.909    -399.421             225             154
  209         705.005     536.988          48.907     228.292             209             143
  171        -314.580    -217.170          -7.718    -973.122             171             127
  234       -1397.005     -52.447       -1149.307     213.464             234             156
  146         -94.807     846.963        -157.508     586.782             146             115
   55         143.546     590.328         250.104     650.769              55              66
   81         380.041      98.350         432.060    -394.052              81              82
  116       -1274.125     152.830        -427.972     317.244             116              97
  118         581.111    -540.623         557.298     221.833             118             101
  227         869.133    -232.202         273.862      39.801             227             152
  214        1073.073     -47.505         616.997    -560.868             214             149
  213        -683.693     -37.486        -434.982    -471.940             213             145
  254        -334.889     216.008          -0.621    -138.117             254             169
  210       -1261.138    -439.986        -357.108    -123.897             210             144
   18         396.451    -928.610          29.596     -81.317              18              51
   77        -245.277     252.361        -454.048     -23.524              77              77
  244         176.515     -95.696         114.658     231.050             244             164
  207          98.655     293.428        -122.040     -62.235             207             142
    5         -87.543    -172.426         140.646      70.160               5              44
  203         277.790      -6.040        -109.483    -176.294             203             140
  156        -282.169      74.489          -0.681     -36.034             156             120
  102        -276.837    -121.110        -330.735    -141.083             102              90
  213        -334.161     255.833        -117.835     411.989             213             148
  133         713.000       0.026         377.000       0.000             133              42
  197        -334.160    -255.857        -117.836    -411.989             197              45
  159        -276.848     121.095        -330.735     141.083             159              42
  114        -282.147     -74.508          -0.682      36.034             114              45
  251         277.799       6.071        -109.484     176.294             251              42
   67         -87.557     172.419         140.646     -70.159              67              45
  193          98.682    -293.414        -122.040      62.234             193              42
  137         176.496      95.725         114.659    -231.049             137              45
  192        -245.265    -252.352        -454.048      23.523             192              42
  200         396.346     928.660          29.595      81.318             200              45
  187       -1261.186     439.855        -357.108     123.896             187              42
  194        -334.838    -216.054          -0.621     138.118             194              45
  154        -683.634      37.427        -434.982     471.939             154              42
  169        1073.123      47.596         616.996     560.869             169              45
   53         869.105     232.275         273.862     -39.801              53              42
  149         581.011     540.648         557.299    -221.832             149              45
   66       -1274.131    -152.972        -427.972    -317.244              66              42
  133         380.065     -98.349         432.058     394.053             133              45
  184         143.578    -590.337         250.105    -650.768             184              42
   79         -94.771    -846.952        -157.506    -586.782              79              45
  186       -1397.003      52.366       -1149.306    -213.466             186              42
  155        -314.535     217.155          -7.721     973.123             155              45
  116         705.088    -536.901          48.907    -228.292             116              42
  169         507.569     625.143          43.907     399.422             169              45
  245        -278.343      14.396        -232.708    -507.200             245              42
  223        -710.391     859.906        -552.063     936.281             223              45
  129         568.822     466.513         617.829     143.004             129              42
  172        -625.723      82.409        -285.290     315.622             172              45
  203         864.170     472.870         696.868     438.227             203              42
   94         133.986    -190.477         339.184    -242.195              94              45
   65          61.675    -205.486         334.465    -152.635              65              42
   49         -26.904   -1013.521         -54.797    -406.206              49              45
   93         572.969     316.048          24.000      71.000              93              42
  167        -351.899    -346.513         -46.497    -560.909             167              45
  158        -854.097     389.454        -742.684     491.000             158              42
   14         936.084     206.710         926.680     417.092              14              45
  223         125.469    -623.006          33.254    -779.780             223              42
   37        -358.985    -312.908        -117.563    -143.306              37              45
   19        -365.312    -456.844        -518.594    -278.247              19              42
  183         229.659     373.703          27.870     422.034             183              45
   17        -137.876    -228.131        -131.561    -496.454              17              42
  109        -550.690      42.109        -434.766     284.760             109              45
   29          -1.351      78.864        -244.778      -4.691              29              42
   23        -112.697     764.985        -182.687     688.919              23              45
  104         504.434     398.846         563.463      14.543             104              42
   35        -321.277    -345.173          13.585    -342.573              35              45
  198        -641.744    -462.521        -286.855    -390.744             198              42
   87        -545.429    -645.057        -727.695    -102.574              87              45
  214        -651.929    1171.100        -732.028     646.756             214              42
  238         -97.435      32.637         309.350     471.325             238              45
   81        -653.521      41.590        -881.176     -49.582              81              42
  222         -72.757    1453.830         106.008    1676.659             222              45
  193         805.015     -52.955         833.297    -294.611             193              42
  157        -946.766    -299.082        -458.627     309.621             157              45
  152         768.714     -20.470         237.933     423.384             152              42
  152         810.949     281.500         217.201     185.980             152              45
   61        -606.559     601.079        -413.682     -77.731              61              42
   71         -86.911     735.338        -162.889    1037.263              71              45
  101        -340.201    1600.494         140.154     395.664             101              42
   70        -689.472     -87.032         576.177     887.780              70              45
   90        -760.029    -822.742        -265.108    -556.270              90              42
   53        -431.768    -301.108        -337.157    1871.238              53              45
   52        -149.141     803.200        -387.285      73.707              52              42
   46       -1143.536    1264.884         -47.898    6224.447              46              45
