SINAL     NFT                         FFT                         NFT INVERSA     FFT INVERSA
-----     -----------------------     -----------------------     -----------     -----------
  251       17833.000       0.000        9251.124       0.000             251             159
  132        -595.192    -113.601         -55.141   -5379.756             132             105
  204         504.038     252.800         -44.769     414.123             204             136
   43         295.611     722.268         612.172   -1732.439              43              60
  150        -455.291    -217.266        -108.827    -322.108             150             109
  124        -844.982     288.959        -115.883    -796.441             124             101
   82          84.338     -76.431          53.520     422.377              82              75
   78         584.651     873.968         657.057    -363.061              78              78
  131        -306.514    -293.242         449.214    -302.373             131              99
  122        -252.165    -412.098          91.235    -667.134             122             100
  117        -560.510     -14.267         -60.929      65.483             117              92
  149          -1.881    -154.046         288.669     163.589             149             113
  224        1225.695     222.810         964.560      84.992             224             146
  134         -80.766    -614.199         726.478    -857.282             134             106
  205        -176.977   -1480.813         145.154    -953.299             205             136
   42       -1200.659    -915.982        -759.217    -322.870              42              60
   36        1042.558    -394.048         544.278     418.396              36              52
  137         228.268   -1056.880         -92.719    -816.482             137             107
  170         590.067     403.845         -38.872     558.701             170             119
  253         508.483    -470.145         359.201    -383.647             253             165
   65         910.967     376.662          98.730     435.124              65              66
  243        1125.384     -31.856         806.765    -306.283             243             160
   57        1040.223     286.721         325.780    -342.000              57              62
  237        -567.247    -125.277          64.947    -764.703             237             157
   72        -269.678      76.590        -344.402     209.042              72              70
    0         156.372    -193.217         471.141    -207.444              -0              39
   75         251.676    -341.652        -290.819    -124.259              75              71
   60         134.108     623.660         156.744     310.565              60              69
   59         845.589     330.706         503.253     278.183              59              63
   82         722.772    -328.556         775.694    -377.003              82              80
  187         945.634    -201.214         171.968    -569.723             187             127
  255        -759.196     -55.088        -181.298    -467.897             255             166
  228         737.986     373.019        -210.000     403.000             228             148
   69         273.324    1177.627         818.545     -81.579              69              73
   92        -113.449    -840.763         -65.275    -584.923              92              80
  253        -327.244     775.981          59.306       9.475             253             165
  104         -48.817    -561.221          35.049    -244.731             104              86
   99        -148.254     851.990         148.217     100.916              99              88
  210         -93.763   -1008.247         313.234    -547.943             210             139
  125        -529.164     259.976        -624.284    -182.354             125             101
  210        -435.585     407.569         245.662     395.753             210             139
  208        -474.305   -1030.743         -52.373    -467.557             208             143
  180         364.116    -300.731        -383.336     382.666             180             124
   58         606.795    1282.261         183.406     390.076              58              68
  192         161.321     185.279         603.276     255.759             192             130
   15         648.063    -530.121         162.162    -687.355              15              46
  241        -612.331    1139.553        -472.675     410.850             241             154
  162        -158.544     515.094         529.516     159.468             162             120
  248        -678.530    -354.100         -48.278      38.395             248             158
   38         575.709    -403.704         408.866      71.100              38              58
  231          66.693      -4.711         -96.141    -152.307             231             149
   80          38.123      47.613          66.515     200.997              80              79
  158         304.103     391.636        -134.205      93.349             158             113
   32        -385.285    1249.830          25.419     725.436              32              55
  220         429.386     345.476         789.985     459.209             220             144
  235         492.683    -274.893         635.270     -49.284             235             156
   84        1043.763    -426.214         713.526    -347.662              84              76
  241        -334.255    -230.356        -409.404    -715.322             241             159
   77        -643.892    1194.964        -184.425     848.978              77              72
   43          50.922    -615.896         499.797    -230.995              43              60
   60          88.392     635.002        -401.837     822.703              60              64
  170        1669.819    1114.982        1559.316     449.086             170             124
  134        -411.330    -399.623         205.604    -863.007             134             101
  176        -556.104       0.434          14.833     344.911             176             127
  223         843.000       0.011         659.000       0.000             223              37
  247        -556.114      -0.527          14.832    -344.911             247              42
   69        -411.314     399.514         205.602     863.007              69              37
   19        1669.925   -1114.905        1559.317    -449.084              19              42
  240          88.406    -635.001        -401.836    -822.704             240              37
  233          50.841     615.867         499.796     230.996             233              42
  101        -643.796   -1195.044        -184.424    -848.979             101              37
  199        -334.230     230.335        -409.405     715.321             199              42
  241        1043.756     426.275         713.525     347.663             241              37
  182         492.647     274.876         635.269      49.285             182              42
  156         429.386    -345.511         789.986    -459.208             156              37
  139        -385.194   -1249.892          25.421    -725.436             139              42
  236         304.135    -391.600        -134.205     -93.350             236              37
  119          38.119     -47.604          66.515    -200.997             119              42
   15          66.692       4.716         -96.142     152.307              15              37
  124         575.650     403.736         408.867     -71.098             124              42
  142        -678.581     353.992         -48.278     -38.396             142              37
  121        -158.496    -515.164         529.515    -159.467             121              42
  122        -612.205   -1139.608        -472.674    -410.851             122              37
  158         648.051     530.176         162.160     687.355             158              42
  151         161.347    -185.304         603.276    -255.759             151              37
  186         606.899   -1282.201         183.406    -390.076             186              42
  229         364.057     300.806        -383.336    -382.666             229              37
   50        -474.420    1030.688         -52.373     467.557              50              42
  217        -435.554    -407.641         245.662    -395.753             217              37
  207        -529.123    -260.017        -624.284     182.352             207              42
   36         -93.819    1008.210         313.233     547.944              36              37
  112        -148.156    -852.036         148.218    -100.916             112              42
  246         -48.838     561.193          35.049     244.730             246              37
    1        -327.144    -776.028          59.306      -9.475               1              42
  214        -113.466     840.720         -65.277     584.923             214              37
   52         273.479   -1177.641         818.545      81.582              52              42
  142         738.041    -372.943        -210.000    -403.000             142              37
   94        -759.155      55.038        -181.300     467.895              94              42
  189         945.684     201.292         171.967     569.723             189              37
   20         722.774     328.593         775.693     377.004              20              42
   81         845.620    -330.664         503.253    -278.183              81              37
   31         134.157    -623.642         156.745    -310.565              31              42
   31         251.654     341.686        -290.819     124.258              31              37
  188         156.360     193.219         471.141     207.445             188              42
  155        -269.654     -76.624        -344.401    -209.043             155              37
  228        -567.189     125.216          64.945     764.702             228              42
   67        1040.325    -286.642         325.779     342.000              67              37
  187        1125.412      31.950         806.765     306.285             187              42
  173         910.999    -376.571          98.731    -435.124             173              37
   81         508.436     470.202         359.199     383.647              81              42
  183         590.090    -403.768         -38.872    -558.702             183              37
  113         228.172    1056.926         -92.721     816.483             113              42
   39        1042.485     394.140         544.278    -418.395              39              37
  226       -1200.761     915.886        -759.218     322.867             226              42
  148        -177.065    1480.755         145.152     953.300             148              37
  219         -80.765     614.107         726.477     857.282             219              42
  207        1225.732    -222.775         964.560     -84.990             207              37
   39          -1.914     153.999         288.669    -163.589              39              42
   30        -560.499      14.178         -60.929     -65.483              30              37
  209        -252.157     412.029          91.233     667.134             209              42
  191        -306.473     293.141         449.213     302.373             191              37
  215         584.783    -873.972         657.057     363.061             215              42
  227          84.368      76.409          53.521    -422.377             227              37
  252        -844.883    -289.062        -115.885     796.440             252              42
   82        -455.168     217.186        -108.827     322.107              82              37
    5         295.850    -722.277         612.168    1732.438               5              42
    1         504.278    -252.762         -44.768    -414.123               1              37
  144        -594.743     113.542         -55.152    5379.753             144              42
