SINAL     NFT                         FFT                         NFT INVERSA     FFT INVERSA
-----     -----------------------     -----------------------     -----------     -----------
  130       17404.000       0.000        8723.124       0.000             130             102
  162        -640.706     596.359         290.570   -4893.751             162             112
  205         373.562   -1091.266         286.616    -180.773             205             140
  232         262.832     117.849          42.533   -1803.095             232             147
   67         -34.395    -415.616         -17.051     -37.010              67              71
  131         674.322     513.877         -71.078    -665.176             131              96
   95         550.200    1320.915         687.588     396.478              95              85
  191           4.417    -420.585         603.844   -1186.146             191             126
   52        -264.001    -173.188          28.134    -310.912              52              63
  155        -310.419    -479.056         109.910    -595.278             155             108
   17         717.413     -97.102         410.472    -193.593              17              46
  169        -673.949    -517.533        -174.820    -984.391             169             115
  158          -8.980     353.865         -77.975     406.343             158             116
  182           7.510    -371.853         591.128    -646.227             182             122
   24         147.674    -857.692         -42.786    -363.937              24              49
  105        -148.490    -183.718         -73.440    -572.682             105              83
  252          -0.997    -205.602         -23.672     177.584             252             163
  127         777.811    -372.406         374.212    -697.554             127              94
  136        -712.570     261.987        -424.496    -167.298             136             105
  251        -146.899    -620.464         166.481    -206.462             251             156
   91         417.718     -24.084        -208.822     -51.539              91              83
  181         159.136     391.660         323.987       9.336             181             121
   78         365.747    -292.404         339.660    -312.203              78              76
  186         135.317    -791.946          79.923    -692.280             186             124
  208         100.074     315.699        -270.013    -236.530             208             141
   37        -684.631    -577.050          31.239    -496.973              37              49
   58         129.960    -471.001        -640.644    -259.513              58              66
  199        -286.324     649.720        -123.047     175.817             199             130
    7         417.144     -42.970        -122.134    -162.570               7              41
  219        -656.871     679.797        -261.267     -55.197             219             140
   76        -241.588     -30.260        -412.167     106.774              76              75
   68        -187.136    1498.572        -128.887     717.527              68              65
  176         518.986     424.996         874.000     197.000             176             125
   23        -243.258    -506.524          -0.197    -661.347              23              42
   86          93.126     722.234         -39.525     221.022              86              80
   28        -885.608     173.365         179.185    -541.233              28              45
  188       -1402.762    -668.308        -626.930     -64.403             188             131
  172        -402.788     -57.587        -289.778     348.642             172             117
  134         277.586     603.325         150.400     650.052             134             104
  144          90.617     -79.809         436.236    -142.085             144             103
  230        -156.178     250.861         -69.138     353.817             230             152
  197         263.402    -378.785         715.484    -204.350             197             129
  116        -213.150    -439.191        -458.699     -37.462             116              95
   32         832.301     520.666         913.890     368.511              32              47
  167         -36.280   -1223.472         -68.375   -1036.299             167             121
   59        -382.193     463.375        -341.356     362.185              59              60
   98        -103.691    -306.115         -22.610    -295.560              98              86
  136        -578.017     788.205        -380.846     903.608             136              99
  201        1491.004     -13.573        1363.672     157.585             201             138
   27         209.547    -846.412          45.273    -839.391              27              44
   83         233.393     277.138          72.007    -262.706              83              79
  219       -1541.140    -171.537        -743.219    -379.650             219             140
   35        -261.051     694.528          -3.725    1052.420              35              55
  247         498.584    -616.303         732.052    -323.580             247             154
   69        -270.347    -102.215        -277.734      -7.574              69              72
   36        -164.997    -323.663         317.639     254.464              36              49
  242        1260.114    -509.958         419.017      43.436             242             158
   61         602.483      93.708         455.612    -312.654              61              61
   13         460.755    -275.315         235.543    -389.935              13              44
  248        -762.734    -125.505        -190.892    -546.815             248             155
  108        -339.346    -340.870         -50.988     347.993             108              91
  207         710.940    -938.878         648.679    -679.830             207             134
  150        -272.081   -1288.089        -599.626    -628.286             150             112
  140         362.918      -7.815        -320.094    -285.300             140             101
  227       -1030.000      -0.015        -821.000       0.000             227              40
  161         362.940       7.914        -320.097     285.300             161              34
   77        -272.173    1288.111        -599.627     628.285              77              40
  110         710.861     938.927         648.677     679.832             110              34
  124        -339.393     340.815         -50.987    -347.994             124              40
  226        -762.714     125.423        -190.893     546.814             226              34
   78         460.781     275.338         235.543     389.935              78              40
  143         602.517     -93.663         455.612     312.655             143              34
   35        1260.047     510.059         419.017     -43.435              35              40
  247        -165.073     323.627         317.639    -254.464             247              34
  227        -270.370     102.173        -277.734       7.574             227              40
  248         498.509     616.305         732.050     323.581             248              34
  191        -261.041    -694.580          -3.724   -1052.420             191              40
  220       -1541.141     171.401        -743.220     379.648             220              34
  187         233.472    -277.118          72.006     262.706             187              40
  212         209.517     846.415          45.271     839.391             212              34
  140        1490.987      13.649        1363.672    -157.584             140              40
   90        -577.992    -788.267        -380.844    -903.609              90              34
  208        -103.724     306.107         -22.610     295.560             208              40
  255        -382.148    -463.395        -341.355    -362.186             255              34
  180         -36.355    1223.457         -68.377    1036.299             180              40
  145         832.343    -520.626         913.891    -368.509             145              34
  110        -213.204     439.164        -458.699      37.461             110              40
  135         263.358     378.769         715.484     204.352             135              34
   42        -156.173    -250.911         -69.138    -353.817              42              40
  198          90.599      79.783         436.235     142.086             198              34
  210         277.601    -603.319         150.402    -650.052             210              40
  158        -402.845      57.558        -289.777    -348.642             158              34
   60       -1402.829     668.163        -626.930      64.402              60              40
   32        -885.546    -173.492         179.183     541.234              32              34
  203          93.233    -722.246         -39.524    -221.021             203              40
  123        -243.262     506.477          -0.197     661.348             123              34
   85         519.042    -425.011         874.000    -197.000              85              40
  200        -187.010   -1498.594        -128.886    -717.528             200              34
  109        -241.582      30.260        -412.166    -106.774             109              40
  172        -656.779    -679.836        -261.267      55.196             172              34
   89         417.174      43.026        -122.135     162.570              89              40
  251        -286.249    -649.709        -123.047    -175.816             251              34
  137         129.940     471.055        -640.644     259.512             137              40
  157        -684.646     576.997          31.238     496.973             157              34
  209         100.154    -315.680        -270.013     236.530             209              40
  221         135.295     791.966          79.922     692.280             221              34
   39         365.757     292.409         339.660     312.204              39              40
  107         159.194    -391.656         323.987      -9.336             107              34
  116         417.728      24.135        -208.822      51.539             116              40
   59        -146.947     620.448         166.481     206.463              59              34
  140        -712.503    -262.052        -424.496     167.297             140              40
   20         777.825     372.477         374.211     697.556              20              34
  181          -0.999     205.599         -23.672    -177.585             181              40
    0        -148.475     183.711         -73.442     572.681               0              34
  136         147.637     857.691         -42.786     363.937             136              40
   93           7.509     371.810         591.126     646.228              93              34
   94          -8.921    -353.888         -77.974    -406.343              94              40
   67        -673.932     517.463        -174.822     984.390              67              34
  105         717.465      97.138         410.473     193.594             105              40
  193        -310.415     478.999         109.909     595.277             193              34
  139        -263.939     173.122          28.134     310.912             139              40
   67           4.482     420.515         603.841    1186.145              67              34
  245         550.413   -1320.913         687.588    -396.477             245              40
  192         674.449    -513.801         -71.080     665.176             192              34
  129         -34.329     415.623         -17.051      37.011             129              40
   25         262.988    -117.824          42.529    1803.093              25              34
  185         373.672    1091.268         286.616     180.773             185              40
  119        -640.212    -596.456         290.561    4893.749             119              34
