SINAL     NFT                         FFT                         NFT INVERSA     FFT INVERSA
-----     -----------------------     -----------------------     -----------     -----------
   65       15798.000       0.000        8007.124       0.000              65              68
  129        -427.486     543.778         205.150   -4599.197             129              92
   64        -553.057    -282.110        -146.167    -107.489              64              67
  240        -455.831     363.577          40.243   -1062.070             240             147
  175         563.698     -13.210         751.072     144.092             175             123
  160         -81.400    -891.872         495.152   -1573.086             160             107
  169        -130.299   -1021.616        -183.758    -544.373             169             120
   53        -344.027    -328.546        -278.149    -876.927              53              54
   55         -87.274     233.486        -169.562     140.938              55              63
  169        -387.027    -232.864         304.484    -740.232             169             112
  220        -605.907   -1098.422        -569.877    -424.214             220             145
   92          16.821     537.713        -240.799     248.833              92              73
  104         677.877     469.915         642.838      -1.244             104              87
   40       -1083.322    -821.953          23.921    -896.768              40              47
   51         304.666   -1229.968        -209.608    -206.067              51              61
  120         -26.815      57.346        -244.256    -629.106             120              87
   61        -586.350     -17.128        -618.867     211.719              61              66
   96         565.839     689.291         435.964      81.988              96              75
   70        -448.428    -479.482        -134.909    -816.616              70              70
   86       -1625.488      19.226        -747.853     -84.267              86              70
   82        -349.998    -771.887        -414.192     -11.856              82              76
  145        -869.453     972.429        -771.070     721.418             145             100
  177         997.152     194.856         841.449     676.081             177             124
  165        -204.928      29.388        -133.796    -534.251             165             110
  104        -270.789     304.833         -50.455     690.780             104              87
  147          80.163     343.243         487.024     -51.069             147             101
   22        -184.468   -1388.638         133.474       9.099              22              46
   55        1541.976     359.462         237.383      34.459              55              55
  246          -2.036      81.592         521.042    -273.872             246             158
  237        -113.082    -447.198        -360.834    -569.484             237             146
  218       -1007.383     444.614         -71.125     365.678             218             144
  216         479.517   -1312.826         210.853    -156.574             216             135
   74         955.994      38.028         202.000    -271.000              74              72
  200        -885.464    -210.128        -720.150    -409.404             200             127
  114         151.041     920.197          -6.541     982.427             114              92
   90         545.727    -160.286         550.936    -425.693              90              72
   77        -518.406      51.633        -383.659      90.459              77              74
  210         118.332     539.399         188.023     245.701             210             132
    8        -567.054    -255.006         345.431      31.941               8              39
    3         167.331   -1539.186        -190.203    -290.123               3              29
  121         966.111     861.004          95.581     726.555             121              96
  226         857.908    -127.630         721.519    -169.836             226             140
   70         803.535     -74.223         371.766    -120.120              70              70
   86         586.687    -493.968         156.441    -714.132              86              70
  133        -111.454    1023.243        -224.658     243.529             133             102
  215          -4.440    -367.260         533.640    -356.331             215             135
   87         279.677    -103.356         -81.002    -168.545              87              79
  147         -68.817    -239.131         266.538    -624.564             147             101
    3        -795.657    -127.149        -705.133    -128.281               3              37
    1        -243.169     332.807         221.917     181.968               1              28
   28        -408.312    -606.868        -111.273    -128.330              28              49
  158         324.721    -466.105         280.447      28.125             158             106
  242         583.890    -806.877          72.565    -440.599             242             156
   85          69.727    -121.687        -272.051    -182.289              85              70
  117         596.412     -54.862         136.400      98.301             117              94
  111         763.992    -267.330          36.634    -602.212             111              83
   56         -80.124     777.629        -407.565     -19.288              56              63
  182        -292.014     283.190         -90.240    -303.604             182             118
   96        -514.162     660.252        -502.003     231.360              96              83
  177        -147.519     634.389         225.972     -29.466             177             116
  142        -979.613      92.836        -365.009     -58.317             142             106
   57        -326.887      15.115         -56.272     105.065              57              56
   27           6.568     492.065          43.743     301.104              27              49
  229         -67.622    -214.923         362.388    -630.258             229             142
  113       -1778.000      -0.082       -1049.000       0.000             113              39
  175         -67.597     214.889         362.385     630.259             175              30
  255           6.619    -492.088          43.744    -301.104             255              39
  206        -326.891     -15.155         -56.272    -105.065             206              30
    3        -979.585     -92.945        -365.009      58.316               3              39
   62        -147.429    -634.421         225.972      29.467              62              30
  163        -514.070    -660.287        -502.003    -231.361             163              39
  165        -291.936    -283.198         -90.240     303.604             165              30
  173         -79.992    -777.597        -407.565      19.287             173              39
   65         764.019     267.443          36.633     602.213              65              30
   41         596.418      54.945         136.400     -98.301              41              39
  242          69.725     121.733        -272.051     182.289             242              30
  234         583.825     806.949          72.564     440.599             234              39
   71         324.656     466.129         280.447     -28.124              71              30
   14        -408.382     606.809        -111.273     128.330              14              39
  124        -243.145    -332.847         221.918    -181.967             124              30
  191        -795.644     127.084        -705.134     128.281             191              39
   96         -68.788     239.119         266.537     624.564              96              30
  103         279.704     103.368         -81.003     168.545             103              39
  229          -4.443     367.229         533.640     356.332             229              30
  228        -111.322   -1023.255        -224.657    -243.529             228              39
   95         586.696     494.037         156.440     714.133              95              30
  162         803.556      74.285         371.766     120.120             162              39
   32         857.900     127.690         721.519     169.837              32              30
   15         966.149    -860.893          95.582    -726.555              15              39
  175         167.146    1539.215        -190.204     290.122             175              30
  139        -567.101     254.909         345.431     -31.941             139              39
  198         118.369    -539.416         188.023    -245.701             198              30
  204        -518.394     -51.679        -383.659     -90.460             204              39
  225         545.723     160.313         550.935     425.695             225              30
   65         151.096    -920.178          -6.539    -982.427              65              39
  253        -885.465     210.087        -720.151     409.404             253              30
  184         956.019     -37.915         202.000     271.000             184              39
   24         479.369    1312.861         210.852     156.574              24              30
   28       -1007.359    -444.722         -71.124    -365.677              28              39
  151        -113.088     447.182        -360.836     569.483             151              30
  122          -1.985     -81.609         521.042     273.872             122              39
   80        1542.002    -359.316         237.383     -34.459              80              30
   27        -184.627    1388.608         133.474      -9.099              27              39
  214          80.167    -343.288         487.023      51.070             214              30
  230        -270.781    -304.874         -50.454    -690.780             230              39
  223        -204.920     -29.419        -133.798     534.250             223              30
  119         997.135    -194.791         841.450    -676.079             119              39
   27        -869.424    -972.478        -771.068    -721.419              27              30
   61        -350.092     771.886        -414.191      11.855              61              39
  253       -1625.475     -19.363        -747.854      84.265             253              30
  131        -448.403     479.430        -134.911     816.616             131              39
  117         565.928    -689.247         435.964     -81.986             117              30
  198        -586.334      17.106        -618.866    -211.719             198              39
  161         -26.774     -57.308        -244.257     629.105             161              30
  102         304.573    1230.011        -209.609     206.067             102              39
   19       -1083.355     821.818          23.919     896.768              19              30
  238         677.962    -469.897         642.839       1.245             238              39
   22          16.871    -537.691        -240.798    -248.834              22              30
  121        -605.978    1098.381        -569.878     424.213             121              39
  243        -386.997     232.802         304.482     740.233             243              30
    3         -87.200    -233.499        -169.562    -140.938               3              39
  181        -343.992     328.533        -278.151     876.925             181              30
   15        -130.306    1021.596        -183.759     544.373              15              39
  139         -81.380     891.808         495.149    1573.087             139              30
   46         563.783      13.187         751.072    -144.091              46              39
  168        -455.695    -363.657          40.241    1062.068             168              30
    4        -552.881     282.025        -146.167     107.488               4              39
   26        -427.013    -543.846         205.140    4599.194              26              30
