SINAL     NFT                         FFT                         NFT INVERSA     FFT INVERSA
-----     -----------------------     -----------------------     -----------     -----------
   59       15758.000       0.000        8473.124       0.000              59              63
   47        -537.084    -714.934        -721.503   -5306.869              47              56
   31        -811.241     417.267        -933.327     632.342              31              49
   68         617.573     670.766         -93.758   -1045.067              68              67
  145        -326.174    1017.957        -134.229     614.146             145             106
   13        1072.921     120.464         522.648    -729.390              13              39
   18        -347.067     794.959         -29.222    -173.680              18              42
  251        -228.669    -926.870          85.255    -794.277             251             158
  167         432.069     132.024        -469.819    -390.197             167             117
   44       -1367.678     947.858        -772.983    -137.642              44              55
   85        -186.958     480.873          50.361     716.795              85              76
   37         155.295    -201.345         -65.077    -469.993              37              51
   98        -118.550    1212.588        -168.804     845.032              98              82
   67         620.169    -351.895         716.175    -450.801              67              66
  120          55.829     227.454        -410.498      11.039             120              93
   16         403.293     419.107         200.105    -176.417              16              41
   84        -342.030    1270.896        -423.663     350.570              84              75
   64        -141.804     758.497         605.084     168.698              64              65
   93        -394.843     259.339          35.078      -2.632              93              80
  103        -162.899    -493.015         608.978    -199.013             103              84
  234         431.489    -609.279        -122.552    -338.018             234             150
  197          83.965     210.385         362.271    -382.710             197             131
  250        -753.476    -669.272        -690.584    -476.208             250             158
   40          52.105     803.577          49.590     314.947              40              53
  175        -884.547    -276.625        -289.191    -437.180             175             121
  235        -525.836     -30.678        -327.892     393.237             235             150
  106         282.138     280.399          98.309      64.470             106              86
   95        -618.349    -211.401         -60.682    -148.113              95              80
  165        -693.595    -321.468        -709.892     104.074             165             116
  228         308.204     498.705         113.368     994.222             228             147
   94        1235.647     121.696         366.076     -54.261              94              80
  119        -126.329    1102.815         -10.289     665.612             119              92
  157        1426.995      41.022        1082.000       5.000             157             112
  188         -92.893    -278.821        -185.032    -712.769             188             127
    3        -132.500     970.269        -343.044     588.799               3              35
  241         513.487    1115.135         702.993     500.344             241             153
  150         494.602     236.620         789.935    -170.856             150             108
  106         -37.165    -436.400         468.475    -657.534             106              86
  220        -628.513    -293.209        -249.308    -406.250             220             143
  164        -346.646    -126.008         213.038      89.785             164             115
  239         242.830    -771.991         257.532    -453.231             239             153
   76         -48.459    -467.616          32.503    -356.998              76              71
   27        -281.498    -796.732        -166.783    -547.290              27              47
  234          38.522    -612.245        -446.898     -87.138             234             150
  133         436.793     743.795         -97.461      -7.513             133             100
  100        -702.931    -250.422        -228.054    -150.987             100              83
   45         292.165     370.706        -406.943     184.257              45              56
  122         -41.687    1005.212         263.856     423.851             122              94
  216          78.013    -435.103         205.663    -575.430             216             141
  243        -894.756    -144.763        -821.765      -7.488             243             154
   93         491.620    1453.258         -18.482     746.958              93              80
  231        -574.197     598.025         408.542      89.332             231             148
  180         -98.736    -269.671         -40.521     -46.967             180             123
  183        -349.754     491.766         132.699     301.332             183             124
   81         386.861    -443.626         380.326     -86.112              81              74
  157         178.739     -58.265          39.270    -249.088             157             111
  117        -290.361     392.625        -226.521     -26.249             117              92
   50        -299.935     548.727         182.633     429.061              50              58
   58         446.235    -294.742         558.294    -399.422              58              62
  163        -756.711    -434.443        -371.094    -406.097             163             114
  218        -141.885     332.745        -188.476      28.711             218             142
  196       -1450.641     340.697        -433.705     150.597             196             131
  131        -246.437    -106.795         191.747     689.238             131              99
    1         716.018    -865.361         518.196    -141.772               1              33
  201         772.000       0.045         -87.000       0.000             201              37
   27         715.899     865.412         518.194     141.773              27              36
   73        -246.515     106.730         191.749    -689.237              73              37
   60       -1450.630    -340.849        -433.705    -150.598              60              36
   25        -141.840    -332.760        -188.476     -28.711              25              37
  112        -756.720     434.370        -371.095     406.096             112              36
   58         446.233     294.737         558.293     399.423              58              37
   67        -299.886    -548.789         182.633    -429.061              67              36
  179        -290.307    -392.656        -226.521      26.249             179              37
   76         178.757      58.279          39.270     249.088              76              36
   60         386.819     443.629         380.326      86.113              60              37
   86        -349.723    -491.827         132.700    -301.331              86              36
  115         -98.760     269.628         -40.521      46.967             115              37
  239        -574.132    -598.123         408.542     -89.332             239              36
  203         491.746   -1453.209         -18.481    -746.958             203              37
  201        -894.761     144.724        -821.765       7.487             201              36
  109          78.008     435.094         205.662     575.430             109              37
  239         -41.583   -1005.225         263.856    -423.851             239              36
  141         292.199    -370.649        -406.943    -184.257             141              37
  185        -702.935     250.381        -228.054     150.986             185              36
  250         436.882    -743.723         -97.461       7.513             250              37
   25          38.472     612.300        -446.898      87.137              25              36
   49        -281.555     796.721        -166.784     547.289              49              37
   77         -48.477     467.604          32.502     356.999              77              36
    2         242.771     771.983         257.531     453.232               2              37
  163        -346.656     125.938         213.039     -89.784             163              36
   94        -628.505     293.119        -249.309     406.250              94              37
   13         -37.145     436.336         468.474     657.535              13              36
  147         494.664    -236.658         789.935     170.857             147              37
  158         513.594   -1115.140         702.994    -500.343             158              36
  196        -132.405    -970.271        -343.043    -588.800             196              37
  149         -92.868     278.821        -185.032     712.769             149              36
  140        1427.014     -40.934        1082.000      -5.000             140              37
  133        -126.242   -1102.833         -10.288    -665.613             133              36
  186        1235.641    -121.575         366.076      54.262             186              37
   32         308.180    -498.656         113.370    -994.222              32              36
  111        -693.667     321.431        -709.892    -104.075             111              37
   15        -618.367     211.342         -60.682     148.113              15              36
  245         282.155    -280.381          98.309     -64.470             245              37
   72        -525.859      30.639        -327.891    -393.237              72              36
  135        -884.554     276.536        -289.192     437.180             135              37
   41          52.196    -803.568          49.590    -314.946              41              36
   64        -753.501     669.219        -690.585     476.207              64              37
   65          84.032    -210.384         362.271     382.712              65              36
  107         431.459     609.306        -122.552     338.018             107              37
  110        -162.936     492.950         608.978     199.014             110              36
  242        -394.800    -259.441          35.078       2.632             242              37
   93        -141.707    -758.561         605.085    -168.695              93              36
  150        -341.876   -1270.931        -423.662    -350.570             150              37
    5         403.375    -419.050         200.104     176.418               5              36
   70          55.884    -227.430        -410.498     -11.040              70              37
   39         620.160     351.933         716.174     450.802              39              36
  244        -118.439   -1212.599        -168.803    -845.032             244              37
  116         155.290     201.373         -65.078     469.993             116              36
   57        -186.917    -480.896          50.362    -716.795              57              37
  217       -1367.544    -947.946        -772.984     137.641             217              36
  227         432.160    -131.934        -469.820     390.197             227              37
   10        -228.683     926.853          85.253     794.277              10              36
   99        -346.901    -795.005         -29.223     173.680              99              37
  158        1073.017    -120.375         522.646     729.391             158              36
  167        -326.006   -1017.972        -134.228    -614.146             167              37
  220         617.737    -670.663         -93.760    1045.066             220              36
  127        -811.034    -417.261        -933.326    -632.343             127              37
  211        -536.720     714.941        -721.514    5306.865             211              36
