SINAL     NFT                         FFT                         NFT INVERSA     FFT INVERSA
-----     -----------------------     -----------------------     -----------     -----------
  199       15233.000       0.000        8083.124       0.000             199             131
  140       -1051.595       1.667        -228.607   -4699.475             140             102
  144        -473.074    -153.876        -171.171     470.481             144             103
   21         333.851      14.534         337.945   -1389.893              21              43
  152        -151.585     133.448         -16.353      97.519             152             107
   21        -508.981     251.556          39.825    -700.836              21              43
  153         -50.441      36.765         402.119     612.804             153             108
   84         820.308   -1038.921         752.371   -1246.952              84              74
   89        -758.227     -80.912        -721.296     114.874              89              76
  119         787.166     310.330         806.033      98.763             119              92
   81         258.669    -470.202         267.218    -307.974              81              72
    7         470.570    -430.138         599.031    -456.383               7              36
  142         355.630   -1390.430        -116.188    -790.809             142             102
   61         213.540     754.357        -608.127    -185.888              61              63
  205       -1055.479    1419.468        -156.726     833.540             205             134
  104        1007.004    -186.869        1050.933     275.352             104              84
  135         412.352    -254.522         584.958    -575.742             135              99
  208        -212.529   -1293.821         -10.150    -491.328             208             136
   24         999.926     263.297          22.125     250.671              24              43
   96         975.886     260.830         769.441    -281.151              96              80
   73        -193.121      43.144        -117.881    -495.256              73              68
  102          43.471     -43.246         273.539      10.816             102              83
   38         152.252     105.734          52.408    -420.757              38              50
  189        -661.483     -92.302          76.993      96.957             189             127
  181         668.290    -568.075         303.929    -325.304             181             122
  184        -188.297    -162.216        -157.657    -109.911             184             124
  211         894.993     471.604         302.737     139.314             211             137
  122        -368.054     274.182         272.121    -328.456             122              93
   88        -314.914    -558.206         -14.693     -87.514              88              75
   10         555.722    -260.412         227.386     -64.217              10              37
   51         306.365     394.821         119.341     -86.893              51              57
   32        -106.309       4.149         331.802     -56.172              32              48
    7         189.005    -448.004         315.000    -380.000               7              35
  250        -197.594   -1000.172        -162.162    -508.467             250             157
  219         244.385     502.186        -295.376     303.820             219             141
   31         639.814    -131.269         698.977    -125.888              31              48
  204        -226.089    -186.878        -593.314    -654.194             204             133
  134        -592.276     929.372        -175.150     964.333             134              99
   80        1484.935     375.231         925.636      -4.584              80              71
  110        -457.560      24.713         315.889    -466.822             110              87
  217        -396.665    -764.115        -170.960    -518.056             217             140
  248        -395.711      94.581        -233.285     379.558             248             156
   92         750.016     126.565         538.640    -150.185              92              77
  242        -921.231    -511.460        -207.071    -105.805             242             153
  187        1218.212    -254.148         413.809      44.419             187             125
   77        -430.465      50.676         -22.342    -204.425              77              71
   36        1029.372    -682.273         523.198     -73.286              36              49
  133         382.477    -444.698        -141.256    -852.208             133              99
  140        -334.384     469.485        -520.957      -9.743             140             101
   79        -393.515     335.282        -286.035     102.298              79              72
   54         191.726     829.687          30.892     285.634              54              58
   66        -673.055     -78.032        -172.937    -217.046              66              65
  116        -259.863    1049.417        -469.882     599.417             116              89
  141        -517.626     723.155         425.503     654.182             141             103
  154        1082.431     -56.461         572.718      65.474             154             108
  250        -686.182     440.396         146.097    -203.127             250             157
  105          -5.356    -444.940         144.328     118.122             105              84
  108        -296.852     -53.301          35.480    -274.430             108              86
  216        -468.149    -156.769        -371.478     317.623             216             139
  170          40.463     548.932         125.127     501.316             170             117
   79         523.716     233.968         362.502     541.393              79              71
  192         552.449     527.407         556.773      80.355             192             128
   41        -147.996      75.199         309.718     303.089              41              52
   37         876.513    -336.839         730.462     -69.451              37              51
  229         305.000       0.001         145.000       0.000             229              34
    7         876.467     336.873         730.460      69.453               7              35
    3        -148.010     -75.267         309.719    -303.089               3              34
  202         552.484    -527.401         556.772     -80.355             202              35
   89         523.700    -233.950         362.503    -541.392              89              34
  233          40.460    -548.938         125.128    -501.316             233              35
  161        -468.192     156.726        -371.477    -317.624             161              34
  227        -296.862      53.259          35.479     274.430             227              35
    1          -5.401     444.899         144.328    -118.121               1              34
  109        -686.127    -440.500         146.097     203.127             109              35
  127        1082.425      56.506         572.718     -65.473             127              34
  119        -517.596    -723.246         425.503    -654.182             119              35
  199        -259.782   -1049.442        -469.881    -599.418             199              34
   67        -673.045      77.976        -172.938     217.045              67              35
  229         191.817    -829.672          30.892    -285.634             229              34
  223        -393.470    -335.293        -286.035    -102.299             223              35
   79        -334.299    -469.473        -520.957       9.742              79              34
  155         382.492     444.770        -141.258     852.207             155              35
    9        1029.321     682.360         523.198      73.286               9              34
    7        -430.454     -50.721         -22.343     204.424               7              35
  156        1218.181     254.250         413.809     -44.418             156              34
  187        -921.284     511.362        -207.071     105.804             187              35
  132         750.031    -126.528         538.640     150.185             132              34
  229        -395.718     -94.617        -233.284    -379.559             229              35
  230        -396.713     764.059        -170.961     518.056             230              34
   67        -457.503     -24.802         315.889     466.822              67              35
  149        1484.981    -375.148         925.636       4.585             149              34
   57        -592.213    -929.420        -175.148    -964.334              57              35
  135        -226.070     186.879        -593.315     654.194             135              34
  185         639.827     131.319         698.977     125.890             185              35
  183         244.424    -502.146        -295.376    -303.821             183              34
   73        -197.669    1000.169        -162.163     508.468              73              35
   96         188.984     447.987         315.000     380.000              96              34
  197        -106.288      -4.195         331.801      56.172             197              35
  248         306.424    -394.807         119.341      86.894             248              34
   80         555.700     260.459         227.386      64.217              80              35
   89        -314.962     558.151         -14.693      87.514              89              34
   76        -367.992    -274.251         272.121     328.457              76              35
  107         895.057    -471.534         302.737    -139.314             107              34
   28        -188.301     162.211        -157.657     109.910              28              35
   38         668.246     568.117         303.928     325.304              38              34
   26        -661.482      92.215          76.994     -96.957              26              35
  190         152.298    -105.745          52.407     420.756             190              34
  190          43.499      43.231         273.539     -10.816             190              35
  141        -193.061     -43.180        -117.882     495.255             141              34
  113         975.960    -260.757         769.441     281.152             113              35
   42         999.948    -263.191          22.125    -250.671              42              34
   37        -212.636    1293.797         -10.150     491.328              37              35
   58         412.356     254.502         584.957     575.743              58              34
  143        1006.971     186.885        1050.933    -275.351             143              35
  196       -1055.361   -1419.587        -156.725    -833.541             196              34
  127         213.653    -754.284        -608.127     185.887             127              35
   85         355.551    1390.490        -116.189     790.809              85              34
  204         470.560     430.151         599.030     456.384             204              35
   74         258.654     470.184         267.217     307.974              74              34
   60         787.194    -310.294         806.034     -98.761              60              35
  205        -758.211      80.847        -721.296    -114.875             205              34
   32         820.260    1038.957         752.368    1246.952              32              35
  113         -50.423     -36.831         402.120    -612.803             113              34
   47        -508.910    -251.639          39.824     700.836              47              35
   35        -151.483    -133.486         -16.353     -97.520              35              34
   81         333.955     -14.526         337.941    1389.892              81              35
   28        -472.932     153.810        -171.170    -470.481              28              34
  108       -1051.197      -1.786        -228.616    4699.471             108              35
