SINAL     NFT                         FFT                         NFT INVERSA     FFT INVERSA
-----     -----------------------     -----------------------     -----------     -----------
  182       16162.000       0.000        8563.124       0.000             182             124
  129        -147.716     228.473         146.419   -4881.849             129              98
  128        -504.958      10.188          87.218     156.019             128              97
  212         423.657    -219.478         504.980   -1605.062             212             140
   45        -474.755    -348.538         158.768    -425.314              45              56
   82        -604.159   -1168.854        -273.168   -1082.892              82              75
  156         669.201     273.577          60.656     532.373             156             111
  244        1027.502    -311.487         859.750    -933.500             244             156
  151        -297.742    -226.007        -467.980    -704.376             151             109
    6       -1096.475     361.293        -332.351     105.623               6              37
  111        1126.803      -6.466         499.927     357.415             111              89
  221         261.366     388.716         673.839    -569.256             221             144
  102        -236.412   -1352.390           4.552    -680.545             102              84
   12          57.526      23.693        -252.927    -245.462              12              40
  250         -77.628    -185.265         -29.309    -218.268             250             158
  228        -590.416     108.392        -479.064     245.040             228             148
  113        1616.383     401.030         710.846     502.496             113              90
   12          61.824     893.503         220.928    -283.585              12              40
   90         465.325      57.230         838.895     282.749              90              78
   15         520.565    -800.455         585.361   -1170.418              15              41
  161        -626.006    -630.595        -459.214    -396.719             161             114
  149          70.230     229.584          21.741      20.317             149             108
  221         454.027    -242.662         323.657    -261.588             221             144
  115        -825.742     332.401        -297.181    -336.433             115              91
  226        -218.969    -746.352         353.805     318.054             226             146
   52        1264.024    -851.829         341.062    -731.152              52              60
   71        -230.184      53.896        -225.024    -240.330              71              69
   92          96.952    -216.772          69.736    -320.268              92              80
   65        -240.970    -685.461        -167.506    -539.813              65              66
   92        -668.296    -345.398        -825.499    -259.460              92              80
   64         -69.759      53.366        -386.225     443.190              64              65
   24         450.357     586.153        -450.018     292.355              24              46
  170         370.971    1405.016          78.000     829.000             170             118
   51         527.105    1195.174         122.332     388.016              51              59
  171         179.040    1734.699         737.654     675.322             171             119
  235        -601.273    -206.475         289.681    -289.029             235             151
  173         382.920     392.468         697.314     811.902             173             120
  254        1313.423   -1212.502        1058.107   -1073.548             254             161
  126        -350.497       7.449        -455.881    -218.788             126              96
  218         525.441     -20.630         396.282    -256.126             218             143
   79        -445.554     425.710        -333.947    -208.349              79              73
  204        -754.239     327.572         -72.673     112.633             204             136
  227        -223.703     195.640          49.634     395.561             227             147
   58         162.111       6.463         372.750      51.889              58              63
   19         402.766     159.113         373.746     261.467              19              43
   14         108.105    -137.283         472.675    -539.453              14              41
  190       -1030.488    -580.883        -287.799     210.964             190             128
  122        1573.965    -680.502         671.631     -15.000             122              95
  156         285.589     497.022           5.154     -65.504             156             111
  180         783.639    -238.651         724.516    -202.078             180             124
   53        -367.453    -230.485        -349.874    -623.626              53              60
   19        -128.620      -3.221         -72.662     512.513              19              43
  196        1808.901     533.746         664.646      19.067             196             131
  119        -282.908     767.392         309.976    -550.865             119              93
   76       -1069.930    -532.407        -239.004    -279.718              76              71
  241         190.527     -47.726          -9.921     205.655             241             154
  148         770.217     446.081         516.122     -98.778             148             107
  220        -805.920     128.309        -194.684    -529.556             220             144
   14        -593.566     307.304         115.973     452.162              14              40
  167         275.527    -970.519         493.300    -768.459             167             117
  106        -880.470    -214.263        -608.306    -184.173             106              86
   37        -396.247    -407.903        -129.922    -144.983              37              52
   66        -520.286     368.822        -548.503     559.104              66              66
  231         664.102     247.826         677.961     296.744             231             149
   74          76.000      -0.010          51.000       0.000              74              36
  155         664.097    -247.789         677.960    -296.743             155              37
  222        -520.292    -368.860        -548.503    -559.105             222              36
  138        -396.296     407.878        -129.923     144.984             138              37
   51        -880.472     214.185        -608.306     184.172              51              36
   42         275.462     970.504         493.298     768.461              42              37
   54        -593.536    -307.409         115.974    -452.161              54              36
  140        -805.858    -128.412        -194.685     529.555             140              37
   59         770.297    -446.036         516.122      98.778              59              36
   77         190.516      47.736          -9.921    -205.655              77              37
  147       -1069.948     532.277        -239.004     279.718             147              36
   13        -282.754    -767.456         309.975     550.866              13              37
  193        1808.981    -533.593         664.647     -19.067             193              36
  166        -128.637       3.223         -72.661    -512.513             166              37
  126        -367.441     230.454        -349.874     623.625             126              36
  252         783.653     238.698         724.516     202.079             252              37
  109         285.651    -496.998           5.154      65.504             109              36
  188        1573.876     680.640         671.630      15.001             188              37
  243       -1030.573     580.763        -287.799    -210.965             243              36
   42         108.111     137.243         472.673     539.454              42              37
   48         402.779    -159.121         373.746    -261.466              48              36
   24         162.092      -6.486         372.750     -51.888              24              37
  182        -223.708    -195.696          49.635    -395.561             182              36
  253        -754.203    -327.664         -72.672    -112.633             253              37
  187        -445.470    -425.757        -333.948     208.349             187              36
  244         525.479      20.672         396.282     256.127             244              37
  118        -350.452      -7.477        -455.882     218.787             118              36
  195        1313.349    1212.568        1058.104    1073.550             195              37
   69         382.926    -392.513         697.315    -811.900              69              36
  240        -601.289     206.338         289.680     289.029             240              37
   55         179.218   -1734.753         737.656    -675.320              55              36
    5         527.222   -1195.137         122.333    -388.015               5              37
  220         371.088   -1404.951          78.000    -829.000             220              36
    9         450.389    -586.047        -450.019    -292.357               9              37
  241         -69.783     -53.304        -386.224    -443.190             241              36
   39        -668.325     345.395        -825.500     259.458              39              37
    5        -240.997     685.462        -167.506     539.813               5              36
  151          96.963     216.782          69.735     320.268             151              37
   40        -230.136     -53.896        -225.024     240.330              40              36
  222        1263.966     851.946         341.060     731.153             222              37
  245        -219.058     746.300         353.805    -318.053             245              36
  134        -825.689    -332.499        -297.181     336.433             134              37
   19         454.046     242.688         323.657     261.588              19              36
  185          70.262    -229.580          21.742     -20.318             185              37
  249        -626.016     630.543        -459.214     396.718             249              36
  115         520.557     800.454         585.359    1170.419             115              37
  108         465.363     -57.260         838.896    -282.748             108              36
  220          61.943    -893.532         220.927     283.585             220              37
  251        1616.417    -400.889         710.847    -502.496             251              36
   58        -590.428    -108.426        -479.064    -245.043              58              37
   96         -77.621     185.268         -29.310     218.268              96              36
  166          57.553     -23.670        -252.927     245.460             166              37
   82        -236.485    1352.349           4.551     680.545              82              36
    7         261.454    -388.741         673.838     569.257               7              37
  164        1126.809       6.538         499.928    -357.414             164              36
   84       -1096.429    -361.391        -332.351    -105.623              84              37
  228        -297.672     225.986        -467.980     704.376             228              36
   17        1027.550     311.561         859.747     933.501              17              37
   10         669.248    -273.514          60.658    -532.373              10              36
  171        -604.215    1168.796        -273.170    1082.891             171              37
   83        -474.676     348.450         158.767     425.314              83              36
   79         423.773     219.464         504.976    1605.061              79              37
   35        -504.757     -10.279          87.219    -156.018              35              36
  157        -147.261    -228.521         146.409    4881.847             157              37
