SINAL     NFT                         FFT                         NFT INVERSA     FFT INVERSA
-----     -----------------------     -----------------------     -----------     -----------
   84       14865.000       0.000        8192.124       0.000              84              71
   86         392.433    -572.722         -45.584   -4713.021              86              78
  190         -54.556     722.013        -113.161     261.888             190             124
   88         448.890    -234.870         526.276   -1259.751              88              79
  252         891.332    -240.075         331.280    -549.498             252             155
   39        -634.673    -138.421        -239.960    -955.044              39              54
  151         967.800    -437.761         376.544    -169.042             151             105
   24        -228.635    -331.565        -348.938   -1157.268              24              47
  174         165.252     101.191        -381.927     178.465             174             116
  223         115.380     903.371        -173.018    -158.569             223             146
   50         370.604     608.938         386.642     431.462              50              54
  151         806.589     -28.158         466.652    -582.457             151             110
  180         453.981     317.818         243.329    -327.851             180             119
   34        -282.453      16.013         -75.421    -683.614              34              52
  227          17.760     201.445          44.390    -274.964             227             143
   63       -1156.471     -75.625        -603.210    -641.365              63              66
   63        -362.513     485.762         -98.178     674.825              63              61
   37         627.257    -607.110         405.684    -608.373              37              53
    8         -44.067     629.522        -388.746      20.058               8              33
   38         -80.521     233.119         395.593    -167.029              38              54
  155         244.865    -422.697         -93.346    -646.578             155             107
  131       -1098.612     608.521        -660.824    -304.396             131             100
  191        -899.465     541.441        -295.353     312.850             191             125
  137        -949.965     -27.778        -152.915      48.039             137             103
   62          82.630    -340.111          19.915     189.015              62              60
  177        -233.653     317.429        -277.719      12.370             177             123
  183         -66.059     676.199         340.636     574.163             183             121
   18        -129.497   -1068.065         228.006    -579.397              18              44
  124         122.892      74.752        -388.876     262.648             124              91
  154          55.056     316.890         185.062     168.568             154             112
  136         585.594     302.295         264.847     287.921             136              97
    1         -13.161     -94.649         476.418    -276.178               1              35
  108         477.021   -1059.988          93.000    -325.000             108              83
  236         319.610      97.548        -317.078    -301.789             236             153
   30         303.375     926.564          58.622     493.376              30              44
  198         241.666     210.006         464.364    -345.310             198             134
   39         -28.178    -359.260         118.817    -283.407              39              49
  187        -231.109    -593.970        -369.519    -770.550             187             128
  172        -554.985     827.710        -628.826     589.453             172             115
  224         416.252     249.291         386.634     -87.006             224             147
  200        -522.813     668.961        -299.548     120.054             200             129
  103        -550.142    -409.552         181.823    -227.882             103              86
   99        -258.876    -279.484        -667.903     264.167              99              79
   97         923.882     925.883         366.602     550.330              97              83
  194         315.392     949.159         310.335     217.020             194             126
  131         376.666    -274.348         665.639    -260.376             131             100
  177         542.534     464.376         -48.485    -263.669             177             118
  178        -521.947     290.729         522.542    -459.088             178             124
  105        -659.487    -890.257        -639.822    -809.175             105              82
  127       -1384.576     702.158        -468.068      74.214             127              98
   53       -1013.110    -654.251        -600.538      11.601              53              56
    6        -425.947     418.783        -143.504     524.362               6              38
  151         499.792    -715.922        -101.274    -126.063             151             105
  136        -523.424    1551.532        -679.240     344.626             136             103
  165        -809.450     881.700         -25.026    1026.522             165             112
   42         827.717     474.722         746.542     272.276              42              56
  102        -413.092     -53.749         -50.441    -182.496             102              80
  100        -389.721     746.325         -87.930     407.187             100              85
   52        -358.010     315.376         242.087     452.641              52              55
  139         217.325      67.839         507.220      44.047             139             104
  172        -756.074    -423.753        -228.264     -77.364             172             115
   38         -65.687     485.912          81.702     776.640              38              54
  188         678.829    -300.293         670.265     328.283             188             123
  210        1083.229     443.993         523.122     170.729             210             140
  148         145.000      -0.020         684.000       0.000             148              32
  190        1083.256    -443.937         523.121    -170.728             190              38
   13         678.748     300.316         670.266    -328.283              13              32
  190         -65.712    -485.948          81.703    -776.641             190              38
   15        -756.139     423.658        -228.265      77.363              15              32
  197         217.314     -67.877         507.220     -44.046             197              38
  127        -358.011    -315.461         242.087    -452.641             127              32
   25        -389.669    -746.389         -87.930    -407.187              25              38
  174        -413.085      53.685         -50.441     182.496             174              32
   62         827.737    -474.700         746.542    -272.274              62              38
   10        -809.412    -881.800         -25.025   -1026.522              10              32
   64        -523.287   -1551.543        -679.240    -344.628              64              38
    9         499.718     716.000        -101.274     126.063               9              32
  163        -425.958    -418.810        -143.503    -524.363             163              38
   20       -1013.190     654.160        -600.538     -11.602              20              32
   18       -1384.493    -702.278        -468.068     -74.214              18              38
   64        -659.501     890.191        -639.822     809.175              64              32
  112        -521.844    -290.817         522.541     459.089             112              38
  103         542.641    -464.349         -48.485     263.669             103              32
  174         376.678     274.348         665.639     260.378             174              38
  100         315.498    -949.164         310.335    -217.020             100              32
  103         923.950    -925.783         366.603    -550.329             103              38
  190        -258.931     279.491        -667.902    -264.168             190              32
   35        -550.179     409.488         181.822     227.883              35              38
    4        -522.728    -669.024        -299.548    -120.054               4              32
  203         416.291    -249.256         386.633      87.008             203              38
   36        -554.904    -827.728        -628.824    -589.454              36              32
  210        -231.122     593.980        -369.521     770.549             210              38
  157         -28.165     359.242         118.817     283.408             157              32
  112         241.722    -210.014         464.363     345.311             112              38
   56         303.481    -926.529          58.623    -493.376              56              32
   82         319.639     -97.473        -317.078     301.789              82              38
  161         476.938    1060.036          93.000     325.000             161              32
  183         -13.162      94.615         476.416     276.178             183              38
  183         585.619    -302.266         264.848    -287.921             183              32
   18          55.068    -316.884         185.062    -168.568              18              38
   32         122.884     -74.721        -388.876    -262.649              32              32
  247        -129.599    1068.032         228.004     579.397             247              38
   39         -66.012    -676.243         340.637    -574.162              39              32
   55        -233.634    -317.445        -277.720     -12.371              55              38
   96          82.579     340.112          19.916    -189.015              96              32
  131        -949.984      27.667        -152.916     -48.039             131              38
  126        -899.400    -541.538        -295.353    -312.850             126              32
  117       -1098.497    -608.601        -660.824     304.395             117              38
  214         244.901     422.722         -93.347     646.577             214              32
   82         -80.454    -233.144         395.593     167.030              82              38
   65         -43.962    -629.514        -388.746     -20.058              65              32
  112         627.231     607.165         405.683     608.374             112              38
   51        -362.470    -485.804         -98.178    -674.825              51              32
  199       -1156.424      75.527        -603.212     641.363             199              38
  219          17.860    -201.450          44.390     274.964             219              32
   53        -282.365     -16.044         -75.422     683.614              53              38
  236         454.100    -317.786         243.328     327.851             236              32
    3         806.649      28.215         466.650     582.458               3              38
   74         370.696    -608.919         386.643    -431.461              74              32
  100         115.503    -903.333        -173.018     158.568             100              38
  144         165.315    -101.124        -381.927    -178.465             144              32
   60        -228.581     331.584        -348.941    1157.267              60              38
   58         967.836     437.856         376.544     169.043              58              32
   33        -634.593     138.370        -239.962     955.043              33              38
  221         891.437     240.148         331.280     549.498             221              32
  224         448.990     234.889         526.274    1259.751             224              38
  123         -54.301    -722.013        -113.160    -261.888             123              32
  250         392.781     572.767         -45.594    4713.018             250              38
