SINAL     NFT                         FFT                         NFT INVERSA     FFT INVERSA
-----     -----------------------     -----------------------     -----------     -----------
  148       16120.000       0.000        8403.124       0.000             148             106
  161        -360.867     445.137         233.389   -4519.444             161             114
  229         566.144    -424.204         748.230    -153.599             229             147
   12        -303.750    -897.797          92.207   -2178.175              12              39
  163         580.048    -665.229          42.190    -319.546             163             114
  134        -872.215     211.858        -619.053   -1362.346             134             100
   79        -752.753     423.265        -392.132     851.239              79              72
  238         559.938     528.447         547.326    -264.555             238             152
   48          77.377     -78.474         536.866     215.564              48              56
   97         805.143    -950.754         610.815    -950.262              97              82
  140         379.005    -166.216         -92.623    -254.474             140             102
  187         -22.978     382.471         198.336    -488.526             187             127
  231        -358.381    -583.801          26.230    -184.906             231             148
  112         413.938    -224.206         -77.951    -345.782             112              89
  165         402.530     799.070         284.876     272.300             165             115
  241         -22.875    -284.512         367.229    -740.548             241             154
   87        -510.460    -111.220        -245.080     -35.038              87              76
  253         201.015    -340.066         180.518    -313.211             253             160
  167         -76.332     707.460        -188.120     192.652             167             116
   45        -426.259    -100.395         604.565     -57.507              45              56
  184         661.576   -1246.478           2.539    -376.149             184             124
   14         436.934    1009.288         168.232     144.920              14              40
  139         378.290    -310.683         525.228    -344.666             139             102
    0        -463.410     409.959        -211.006    -191.711              -0              33
    0         503.886     -96.515         948.520     158.087              -0              32
  103         -96.284   -1282.007          71.976   -1459.145             103              85
   57        -851.229    -226.621        -551.955     219.842              57              61
  161         580.082    -404.517         332.191    -511.377             161             114
   33        -744.182     -95.317        -344.407     -38.760              33              49
  142         236.058    -804.153          73.903    -477.818             142             104
   92        -488.706     674.745        -536.207     415.028              92              78
   40         436.027    -514.475         842.172    -191.575              40              53
  183         -10.988    -762.995        -588.000    -531.000             183             124
  139        -382.605     692.366         -63.081     306.489             139             103
  208         133.073    -325.634          70.595     307.973             208             136
   35        1106.460    -200.239         810.929    -259.080              35              51
  149         112.385    -711.386        -380.950    -493.767             149             107
  218         675.466     817.378         437.259      90.740             218             142
   92        -388.899    -832.976        -199.599    -706.729              92              78
   53         287.926     367.289          12.001      60.392              53              60
   21        -267.340    -583.068        -243.144    -642.641              21              43
  196        -299.768     599.106        -426.774     215.169             196             131
  125         -40.618     -56.744         -80.709     -85.780             125              95
  136          39.776    1031.955        -140.194     182.470             136             101
   31        -836.247     182.188           7.077     -78.477              31              48
  144        -117.734      35.855          46.533      63.489             144             105
  126        -492.442    -430.883         -86.833    -499.032             126              95
   83        -979.113      87.489        -644.857      58.651              83              75
  217        -797.521    -269.234        -288.920     126.962             217             141
   15        -526.095       1.086        -623.282     363.950              15              41
   60        -295.637     546.280        -282.190     843.112              60              62
    4         600.979     938.569         317.429    1022.124               4              35
  203         943.390     168.862         903.712     376.060             203             134
  188        1238.071      91.835         643.868    -128.725             188             127
  186        -241.507    -302.987         161.494    -638.945             186             125
  128        -507.011     136.722        -818.265     397.274             128              97
   33         886.027    1530.991         889.758     990.837              33              49
  143         555.186    -632.841         565.698    -594.852             143             105
  219         -26.611     962.466          10.885     287.370             219             142
  246         -33.042    -106.867         647.356    -192.865             246             156
   10        -318.571    -141.430         -40.389    -223.260              10              37
  172        -710.922    -111.290         202.648       2.311             172             119
  245        -444.293   -1226.819          49.058     -72.100             245             155
   91         895.899   -1111.473         152.835      45.430              91              79
   56        1574.000       0.100         139.000       0.000              56              35
  221         895.740    1111.583         152.834     -45.430             221              37
  156        -444.460    1226.748          49.058      72.100             156              35
   67        -710.949     111.171         202.647      -2.311              67              37
  224        -318.568     141.352         -40.390     223.260             224              35
   98         -33.029     106.801         647.355     192.866              98              37
  179         -26.502    -962.503          10.886    -287.369             179              35
  229         555.156     632.845         565.697     594.853             229              37
  244         886.135   -1530.948         889.759    -990.836             244              35
   97        -507.019    -136.744        -818.265    -397.276              97              37
    9        -241.498     302.959         161.493     638.946               9              35
  164        1238.097     -91.760         643.868     128.725             164              37
  145         943.365    -168.818         903.713    -376.058             145              35
  228         600.984    -938.533         317.430   -1022.123             228              37
   61        -295.669    -546.282        -282.188    -843.113              61              35
  141        -526.153      -1.103        -623.282    -363.952             141              37
  115        -797.579     269.175        -288.920    -126.962             115              35
   51        -979.107     -87.569        -644.856     -58.652              51              37
   37        -492.456     430.831         -86.833     499.032              37              35
   90        -117.720     -35.894          46.533     -63.489              90              37
  153        -836.208    -182.290           7.077      78.478             153              35
  119          39.900   -1031.951        -140.194    -182.471             119              37
  106         -40.602      56.760         -80.709      85.780             106              35
   38        -299.696    -599.104        -426.772    -215.169              38              37
  141        -267.349     583.067        -243.145     642.640             141              35
  248         287.989    -367.249          12.001     -60.392             248              37
  191        -388.928     832.944        -199.601     706.728             191              35
  189         675.576    -817.315         437.259     -90.739             189              37
  249         112.355     711.419        -380.951     493.767             249              35
   44        1106.448     200.326         810.928     259.082              44              37
   75         133.016     325.628          70.595    -307.973              75              35
   40        -382.553    -692.387         -63.080    -306.488              40              37
  161         -11.037     763.015        -588.000     531.000             161              35
  145         435.980     514.489         842.171     191.577             145              37
  226        -488.651    -674.783        -536.206    -415.030             226              35
  158         235.993     804.186          73.902     477.818             158              37
  215        -744.173      95.248        -344.408      38.760             215              35
   81         580.062     404.564         332.190     511.377              81              37
  151        -851.234     226.553        -551.955    -219.842             151              35
  157         -96.340    1281.969          71.974    1459.145             157              37
  196         503.906      96.492         948.520    -158.087             196              35
   34        -463.345    -410.033        -211.007     191.710              34              37
  153         378.311     310.683         525.228     344.666             153              35
   13         437.047   -1009.250         168.233    -144.920              13              37
  151         661.470    1246.533           2.538     376.149             151              35
   49        -426.268     100.304         604.565      57.508              49              37
  248         -76.247    -707.486        -188.120    -192.652             248              35
    5         201.003     340.080         180.518     313.213               5              37
  124        -510.440     111.157        -245.080      35.038             124              35
   31         -22.844     284.475         367.227     740.548              31              37
  168         402.642    -799.050         284.877    -272.300             168              35
   83         413.941     224.255         -77.951     345.781              83              37
  239        -358.399     583.752          26.230     184.906             239              35
   21         -22.886    -382.491         198.334     488.525              21              37
  230         379.054     166.256         -92.623     254.474             230              35
   28         805.100     950.795         610.813     950.263              28              37
  108          77.398      78.421         536.867    -215.565             108              35
  193         560.000    -528.439         547.325     264.554             193              37
   30        -752.688    -423.333        -392.130    -851.240              30              35
   54        -872.093    -211.911        -619.056    1362.344              54              37
  156         580.117     665.292          42.189     319.546             156              35
  127        -303.678     897.742          92.202    2178.173             127              37
   80         566.319     424.188         748.230     153.600              80              35
   99        -360.414    -445.217         233.381    4519.442              99              37
