SINAL     NFT                         FFT                         NFT INVERSA     FFT INVERSA
-----     -----------------------     -----------------------     -----------     -----------
  209       16448.000       0.000        8773.124       0.000             209             141
  113        -462.404      53.168        -231.755   -4995.222             113              88
    2        -181.240    -285.580         134.954      12.154               2              38
   35        -118.329    -122.637        -326.951   -1738.186              35              49
   20        -592.040     248.317         -83.978     224.674              20              47
  200         162.296    -192.540        -101.538    -631.299             200             132
  170         471.900     532.138         580.381     -28.276             170             122
  236       -1065.772   -1208.330        -499.279   -1153.531             236             150
  106         410.346     316.914        -280.462     431.515             106              90
   44        -719.517     527.716        -259.213    -113.182              44              54
  107         833.402    -146.227         606.236     444.472             107              90
  169        -227.833    -400.578        -387.528    -771.319             169             116
   56         750.711     688.338         279.492    1034.437              56              65
  221         911.331    -449.129         431.268   -1118.451             221             142
  184        -532.620     860.347        -900.648     473.421             184             129
  102        -226.146    1575.801         248.415     462.216             102              83
   86        -183.822    -218.793         350.534     490.220              86              80
  100         697.762     305.428          58.964     -65.043             100              82
   16        -119.272    1457.294         402.273    1283.020              16              45
  178        1664.887    -673.421        1564.311    -335.381             178             121
  165         534.016    -611.040         127.407    -337.158             165             119
  164        1460.037     233.351         622.233     -54.750             164             114
  219         759.012     460.039         480.853    -276.133             219             146
   71         302.343      -3.634         231.650    -465.030              71              67
  200         352.070     842.743         108.053     126.092             200             137
  162         -53.437     777.440         576.853    -154.468             162             113
  142        -223.549    -451.542         488.114    -241.835             142             108
  218         304.103    -880.279         264.817    -748.044             218             141
    5        -170.692    -116.956        -264.527    -149.153               5              39
  128         324.969     282.560         135.047     -41.429             128              96
  235         230.382     569.051         317.128      30.084             235             154
   24        -429.545    -239.295         215.521    -648.342              24              44
   22        -946.989    -437.024        -451.000      44.000              22              48
  226         484.269    -167.177         223.344     155.855             226             145
   53         584.305     101.363         104.341     124.629              53              63
  145         838.296     757.099         406.498     -15.405             145             104
   44        -313.600     549.863         169.459    -136.511              44              59
   24        -449.072     329.397          53.560     -31.575              24              44
   66        -534.593     301.344         408.899     412.874              66              70
  193         846.198   -1351.574         924.629    -544.086             193             128
  227          71.809    -849.367        -218.139    -742.111             227             150
  223          -5.055    -148.636        -216.172     -30.106             223             143
  240         262.833     264.133          36.219      15.717             240             157
  114          75.876       5.488         100.805     -50.441             114              89
   83         256.273    -174.505          83.354    -295.918              83              78
   10        -653.317     150.101        -827.180      36.948              10              37
   69         641.714    1966.145         426.662    1462.149              69              71
  238         985.670    -212.153        1273.864    -492.852             238             151
   55         159.814     -76.791           5.466    -167.780              55              64
  215         735.580     -48.921         546.137    -543.021             215             139
  195        -840.866     794.755        -656.832     -77.612             195             134
   74        -291.161     804.655         570.135     513.830              74              69
  172         314.636    -392.710         395.834    -318.557             172             123
  153         -30.641     415.108         242.654    -236.448             153             108
   78        -893.498     284.806          54.497     -87.694              78              76
  161        -551.055    -822.269         409.358    -311.954             161             112
   39        -402.199    -839.226        -409.452    -292.687              39              56
   35          31.294     332.994         216.734     439.427              35              49
  161         561.254    -279.973         436.033    -219.310             161             117
   85        -514.061     -14.690         246.697    -275.019              85              74
  221        -179.272   -1538.416          12.959    -404.917             221             147
  210         517.037      41.561        -102.076    -141.371             210             137
  224        -299.364    -255.717          72.885    -149.187             224             149
  229         191.276    -563.898        -124.847    -447.652             229             146
   61        -730.000      -0.012        -629.000       0.000              61              40
  111         191.243     563.931        -124.849     447.652             111              35
  161        -299.373     255.690          72.884     149.186             161              40
  177         517.043     -41.500        -102.077     141.370             177              35
   55        -179.417    1538.385          12.958     404.917              55              40
  169        -514.050      14.594         246.697     275.020             169              35
   13         561.238     279.981         436.033     219.310              13              40
   37          31.297    -333.010         216.735    -439.426              37              35
    3        -402.289     839.176        -409.452     292.687               3              40
  158        -551.128     822.153         409.358     311.955             158              35
   87        -893.443    -284.960          54.497      87.694              87              40
  215         -30.556    -415.157         242.653     236.448             215              35
  168         314.627     392.678         395.834     318.558             168              40
  183        -291.082    -804.742         570.137    -513.829             183              35
   94        -840.743    -794.841        -656.832      77.610              94              40
  180         735.639      48.975         546.136     543.022             180              35
  226         159.849      76.775           5.466     167.780             226              40
  198         985.677     212.169        1273.863     492.854             198              35
  227         641.855   -1966.113         426.665   -1462.148             227              40
  139        -653.308    -150.117        -827.180     -36.951             139              35
  200         256.282     174.540          83.353     295.918             200              40
   90          75.892      -5.483         100.805      50.441              90              35
  156         262.866    -264.101          36.219     -15.717             156              40
   12          -5.056     148.662        -216.172      30.106              12              35
   45          71.762     849.382        -218.140     742.110              45              40
  146         846.078    1351.587         924.628     544.087             146              35
  182        -534.585    -301.473         408.900    -412.874             182              40
  160        -449.022    -329.491          53.560      31.575             160              35
  160        -313.499    -549.929         169.458     136.511             160              40
    2         838.404    -757.036         406.498      15.406               2              35
  156         584.317    -101.302         104.341    -124.629             156              40
   27         484.226     167.221         223.345    -155.854              27              35
  203        -947.033     436.927        -451.000     -44.000             203              40
  207        -429.520     239.214         215.519     648.341             207              35
  125         230.478    -569.064         317.128     -30.083             125              40
  224         325.020    -282.535         135.047      41.429             224              35
   35        -170.671     116.948        -264.527     149.153              35              40
  170         304.061     880.279         264.815     748.044             170              35
  113        -223.552     451.447         488.114     241.835             113              40
   87         -53.314    -777.514         576.852     154.469              87              35
    9         352.203    -842.733         108.053    -126.092               9              40
  212         302.408       3.648         231.649     465.030             212              35
  243         759.120    -459.989         480.853     276.134             243              40
   37        1460.087    -233.222         622.232      54.751              37              35
   55         533.979     611.074         127.407     337.158              55              40
  233        1664.813     673.486        1564.310     335.384             233              35
  248        -119.183   -1457.360         402.275   -1283.020             248              40
   13         697.767    -305.375          58.964      65.043              13              35
   53        -183.864     218.735         350.534    -490.220              53              40
   87        -226.012   -1575.846         248.415    -462.216              87              35
   51        -532.504    -860.350        -900.647    -473.422              51              40
  170         911.340     449.229         431.265    1118.451             170              35
  243         750.768    -688.259         279.493   -1034.437             243              40
  216        -227.860     400.580        -387.530     771.317             216              35
   53         833.389     146.285         606.237    -444.471              53              40
   84        -719.467    -527.776        -259.214     113.182              84              35
  178         410.393    -316.842        -280.461    -431.515             178              40
   11       -1065.827    1208.241        -499.281    1153.529              11              35
  245         472.021    -532.122         580.381      28.277             245              40
   11         162.333     192.550        -101.539     631.298              11              35
   52        -591.933    -248.370         -83.978    -224.674              52              40
   92        -118.200     122.632        -326.955    1738.184              92              35
   88        -181.058     285.555         134.954     -12.154              88              40
  231        -461.963     -53.222        -231.765    4995.218             231              35
