SINAL     NFT                         FFT                         NFT INVERSA     FFT INVERSA
-----     -----------------------     -----------------------     -----------     -----------
  185       16927.000       0.000        9277.124       0.000             185             131
  248           7.937    -679.612         365.041   -5408.807             248             158
  144         108.275     -96.182        -143.292    -178.838             144             111
   85        -547.748     142.286         230.617   -1511.323              85              76
  219         171.934   -1076.038          43.566    -357.081             219             148
   82        -343.962     183.101        -316.353    -565.575              82              75
   13        1325.757    -274.391         621.146     288.502              13              45
   75         544.566     511.597          38.195    -785.023              75              71
   54         404.815     564.067         416.486     353.882              54              66
  222         313.784     330.166         260.353    -539.717             222             145
  162         547.331     594.759         750.770     311.706             162             120
  243          77.559    -719.360         407.273   -1060.045             243             155
  202         481.394     201.526         229.386     238.343             202             140
  111         130.530    -240.900         453.059    -867.816             111              89
    3         321.694     149.586         191.215     517.738               3              40
  195        1832.813    -304.754        1595.371   -1122.716             195             131
  176       -1018.886   -1111.482        -564.322   -1444.920             176             127
  175       -1032.615    -291.210        -416.197    -343.521             175             121
  159        -136.357    -985.310        -326.310    -284.665             159             118
  248         105.894     381.017        -408.338     -82.670             248             158
  103         -49.107     746.979         -60.652     421.144             103              90
   65         100.970     495.815         317.218     -78.482              65              66
   78        -345.147      54.075          26.115      71.337              78              78
  134          16.662     237.049         298.245      35.921             134             101
  184         -18.731    -482.083         349.605      -4.216             184             131
  109         737.506    -446.144         275.187    -258.453             109              88
  240         302.271     236.581         300.010     -46.451             240             159
  202         139.698    -738.977         160.327    -452.142             202             135
  118         713.995     361.212          82.099     198.318             118              98
   40         466.649      34.462         531.561    -493.088              40              54
  127        -364.649      76.634        -369.150    -143.615             127             102
  111         124.819     401.368         409.489     270.290             111              89
   51         761.999    -258.989         358.000    -251.000              51              64
  162         118.720     736.923         274.258      67.734             162             115
  202         950.252    -129.849        1048.784    -291.448             202             140
  127        -578.168   -1001.090          51.548   -1420.624             127              97
  175        -565.303    -764.676        -592.657     -66.529             175             126
  250         454.206     436.395          58.691    -362.920             250             159
   11        -999.955     447.096        -301.403     266.886              11              44
  203         474.861    -230.565         662.622    -360.716             203             135
   57       -1029.401    -447.832        -554.840    -333.887              57              67
  224         135.126     363.300         355.117     241.167             224             146
  196        -722.601    -920.312         144.160    -324.105             196             137
  173        1128.082   -1318.193         402.025    -389.178             173             120
  185        -109.430    -131.728        -444.213    -716.780             185             131
  231        -603.385    -145.234        -229.374     178.500             231             149
   16         572.503    -539.487          79.337    -280.778              16              47
   76        -127.108    -329.046        -297.879    -374.471              76              72
   58         -67.121     162.549        -599.678     247.081              58              68
  231         943.443     793.038         494.451     269.768             231             149
  201        -269.638    -153.584        -388.830    -692.607             201             139
   42        -690.083    1269.340        -477.204     676.740              42              55
  216         -17.884     114.089         306.107      67.311             216             147
  150          65.433     492.314        -146.173     226.817             150             109
   25        -255.772     698.019         291.626      95.798              25              51
    7        -473.186    -585.760         -56.170      60.249               7              37
   57        1163.309     306.392         260.748     112.211              57              67
  105        -489.540     835.717        -102.937    -113.204             105              86
   53        -333.344     566.603         -25.034     538.822              53              65
  218         504.355     694.813         827.066     254.507             218             143
  186         182.381    -826.630         452.364    -695.036             186             132
  111        -343.819     364.268        -337.486    -232.404             111              89
  238        -588.729     357.135         244.857     104.546             238             158
  126        -346.246    -651.362          39.348    -587.863             126              97
   96       -1175.000      -0.053        -687.000       0.000              96              42
  200        -346.275     651.296          39.345     587.862             200              37
  180        -588.671    -357.236         244.857    -104.545             180              42
  157        -343.743    -364.315        -337.487     232.403             157              37
  178         182.355     826.598         452.363     695.036             178              42
  219         504.423    -694.839         827.067    -254.506             219              37
   32        -333.297    -566.668         -25.033    -538.823              32              42
  141        -489.431    -835.768        -102.937     113.203             141              37
  229        1163.346    -306.280         260.748    -112.211             229              42
  207        -473.254     585.700         -56.170     -60.250             207              37
   19        -255.701    -698.077         291.626     -95.797              19              42
  226          65.486    -492.317        -146.173    -226.818             226              37
   96         -17.876    -114.108         306.107     -67.310              96              42
  111        -689.959   -1269.388        -477.203    -676.741             111              37
  166        -269.595     153.587        -388.831     692.607             166              42
    8         943.537    -792.934         494.452    -269.767               8              37
  109         -67.111    -162.501        -599.678    -247.080             109              42
   35        -127.118     329.081        -297.880     374.470              35              37
  134         572.458     539.557          79.336     280.778             134              42
  108        -603.396     145.197        -229.373    -178.500             108              37
  152        -109.401     131.752        -444.214     716.779             152              42
   58        1127.968    1318.298         402.025     389.179              58              37
  185        -722.698     920.203         144.160     324.105             185              42
  248         135.153    -363.327         355.118    -241.166             248              37
   15       -1029.420     447.724        -554.840     333.886              15              42
  142         474.865     230.563         662.622     360.717             142              37
   68        -999.890    -447.209        -301.402    -266.887              68              42
    6         454.281    -436.342          58.691     362.921               6              37
  198        -565.340     764.644        -592.657      66.528             198              42
  159        -578.176    1001.004          51.545    1420.625             159              37
  139         950.305     129.859        1048.783     291.450             139              42
   27         118.818    -736.948         274.259     -67.733              27              37
  223         762.003     259.032         358.000     251.000             223              42
   33         124.858    -401.381         409.489    -270.290              33              37
   54        -364.608     -76.673        -369.150     143.614              54              42
   79         466.701     -34.434         531.560     493.089              79              37
  122         714.047    -361.146          82.100    -198.318             122              42
  218         139.648     738.983         160.326     452.142             218              37
  125         302.313    -236.572         300.010      46.451             125              42
  113         737.471     446.196         275.187     258.453             113              37
  136         -18.782     482.042         349.605       4.216             136              42
  115          16.680    -237.091         298.245     -35.921             115              37
   45        -345.128     -54.140          26.115     -71.337              45              42
  251         101.036    -495.836         317.217      78.483             251              37
  230         -49.023    -746.978         -60.652    -421.144             230              42
  198         105.943    -380.961        -408.338      82.670             198              37
  202        -136.432     985.327        -326.310     284.664             202              42
   96       -1032.601     291.125        -416.197     343.521              96              37
  111       -1018.857    1111.373        -564.323    1444.919             111              42
  106        1832.883     304.851        1595.369    1122.718             106              37
  186         321.735    -149.600         191.216    -517.738             186              42
  123         130.557     240.876         453.057     867.817             123              37
   14         481.459    -201.514         229.386    -238.343              14              42
  130          77.552     719.318         407.271    1060.045             130              37
   10         547.440    -594.772         750.771    -311.705              10              42
  115         313.867    -330.172         260.352     539.717             115              37
  147         404.928    -564.050         416.487    -353.882             147              42
   13         544.681    -511.540          38.193     785.021              13              37
   54        1325.772     274.513         621.147    -288.501              54              42
  246        -343.908    -183.117        -316.354     565.573             246              37
   37         171.926    1076.041          43.566     357.081              37              42
  195        -547.600    -142.368         230.614    1511.322             195              37
   90         108.497      96.176        -143.293     178.838              90              42
  187           8.329     679.576         365.031    5408.804             187              37
