SINAL     NFT                         FFT                         NFT INVERSA     FFT INVERSA
-----     -----------------------     -----------------------     -----------     -----------
  207       15755.000       0.000        8190.124       0.000             207             140
  123        -681.024     325.700        -124.375   -4627.731             123              89
   75        -200.697     165.352         165.042     174.422              75              74
   16        -702.160    -521.073         103.878   -1705.235              16              36
   32         285.131    -646.675         -94.155     -56.490              32              52
  223        -448.703     623.583        -191.362    -843.557             223             139
  118        -703.452    -220.332          -5.905     312.985             118              95
  117         417.244    -248.491         167.827    -436.621             117              86
  150         146.799     137.297         323.126     -46.392             150             111
   14        -638.675    -875.854        -364.485    -673.255              14              35
  171         754.620     719.654          32.250     733.568             171             122
  182         175.744     471.121         423.099    -477.772             182             119
  115        -733.542     381.717         -62.903     279.942             115              94
  208        -224.723    -776.138         362.264    -187.812             208             132
   30         952.245    -113.717         210.460     196.022              30              51
   57         -98.551      77.459         376.590    -406.034              57              56
  103          35.946    -751.176          21.373      -5.334             103              88
  255         237.787    -429.735         -91.663    -386.791             255             155
   60         175.288     776.541        -309.361     832.922              60              66
  126        1091.847     624.130         999.374     196.011             126              91
  187         174.074      13.541         154.753    -103.498             187             130
  154         203.003      77.515         507.962     135.796             154             105
    9        1050.558    -308.978         446.715     164.185               9              41
  168        1536.015     338.867        1030.455    -245.918             168             112
   57         361.006    -360.138         160.038    -690.004              57              65
  103         517.158     729.488         348.165     -47.007             103              79
  147        -207.204       7.129         351.507    -689.085             147             110
   47        -852.379    -262.080        -264.484    -231.875              47              51
  173          10.164     171.241         260.127      15.290             173             123
   79        -484.801    -541.639         120.270    -312.501              79              67
   18         -76.058    -256.408         -27.837       4.628              18              45
   83         248.745    -239.007         413.391     227.293              83              69
  123        1344.006    -616.977         794.000    -582.000             123              98
  201        -453.800    -703.395        -347.227    -748.189             201             128
  128         403.175     329.160         -30.298     -36.875             128             100
  172       -1281.729     -66.225        -418.250    -282.369             172             114
  147         501.424      96.465         218.568     602.028             147             110
  132        -126.498    -393.599         210.218    -605.936             132              94
   21         141.342      52.629        -161.813     629.353              21              47
  187        1087.743     -80.596        1052.820    -535.968             187             121
  163        -710.355   -1093.250        -569.223    -581.485             163             118
  135         725.505     -37.367         155.335     -92.178             135              95
   61        -784.669     -95.919        -745.234    -406.652              61              67
   53        -244.977     547.361        -281.434     792.625              53              54
   82         785.832     559.793         192.241     175.179              82              77
  185        -504.588    1044.120          54.314     531.981             185             120
  118         696.126    -370.224         705.562      61.774             118              95
  190         -74.980     -33.065        -210.529    -269.631             190             123
   64         108.053     616.826          66.627     774.666              64              68
  235        1167.077     536.882         801.891     182.239             235             145
  185         223.729     295.058         533.033     -27.001             185             129
   30         606.707    -445.273         625.429    -330.789              30              43
   88         270.642    -429.902         164.263    -440.085              88              80
  237         671.500      60.946          10.107    -225.615             237             146
    7        -277.534    1376.033         157.418      42.911               7              40
  147        -540.982    -716.347         350.681    -362.140             147             101
  193        -145.453      16.188        -177.939    -369.872             193             133
   43       -1309.278    -273.694        -272.113     -30.791              43              49
    9          49.020    -274.129         -98.733     356.732               9              41
  208         615.770      80.872         319.206     245.030             208             132
  192         690.214     664.686         471.106      35.543             192             132
  179        -537.146    -354.402         189.648    -406.980             179             117
  125        -148.566      99.820         121.191     150.173             125              99
  141         -64.831   -1763.196         365.952    -779.995             141              98
  206         333.000       0.050       -1072.000       0.000             206              39
  126         -64.989    1763.191         365.949     779.996             126              31
  142        -148.562     -99.882         121.191    -150.173             142              39
   70        -537.150     354.312         189.647     406.980              70              31
  242         690.295    -664.660         471.106     -35.543             242              39
    6         615.755     -80.821         319.206    -245.030               6              31
  115          48.947     274.124         -98.732    -356.732             115              39
  171       -1309.310     273.558        -272.113      30.790             171              31
  228        -145.423     -16.227        -177.940     369.872             228              39
  173        -541.008     716.243         350.680     362.140             173              31
   74        -277.356   -1376.095         157.419     -42.911              74              39
  252         671.557     -60.875          10.107     225.615             252              31
  173         270.638     429.917         164.262     440.085             173              39
   45         606.693     445.280         625.428     330.789              45              31
  212         223.777    -295.093         533.033      27.002             212              39
   29        1167.120    -536.819         801.891    -182.238              29              31
   70         108.078    -616.823          66.628    -774.666              70              39
  103         -74.984      33.060        -210.531     269.630             103              31
  211         696.082     370.246         705.562     -61.773             211              39
    1        -504.507   -1044.192          54.315    -531.981               1              31
  103         785.873    -559.717         192.241    -175.179             103              39
    0        -244.960    -547.351        -281.432    -792.626              -0              31
    4        -784.659      95.890        -745.235     406.651               4              39
  149         725.519      37.465         155.335      92.178             149              31
   61        -710.424    1093.196        -569.224     581.484              61              39
  168        1087.758      80.661        1052.819     535.970             168              31
  183         141.328     -52.626        -161.812    -629.354             183              39
  222        -126.533     393.576         210.216     605.937             222              31
  216         501.412     -96.441         218.569    -602.028             216              39
  182       -1281.726      66.109        -418.251     282.368             182              31
  198         403.243    -329.115         -30.298      36.875             198              39
   18        -453.812     703.371        -347.228     748.189              18              31
  162        1343.982     617.069         794.000     582.000             162              39
   47         248.702     238.998         413.391    -227.293              47              31
  144         -76.096     256.376         -27.837      -4.628             144              39
  151        -484.840     541.557         120.270     312.500             151              31
  240          10.191    -171.283         260.127     -15.290             240              39
  208        -852.365     261.971        -264.484     231.874             208              31
  197        -207.125      -7.197         351.506     689.085             197              39
    5         517.294    -729.468         348.165      47.007               5              31
  248         361.049     360.153         160.037     690.005             248              39
   30        1536.088    -338.760        1030.454     245.919              30              31
  205        1050.520     309.046         446.715    -164.184             205              39
   75         202.995     -77.531         507.963    -135.795              75              31
  127         174.090     -13.564         154.753     103.498             127              39
   32        1091.897    -624.065         999.375    -196.009              32              31
   48         175.329    -776.507        -309.360    -832.923              48              39
  180         237.738     429.785         -91.664     386.791             180              31
  213          35.876     751.166          21.373       5.334             213              39
  202         -98.530     -77.495         376.588     406.034             202              31
   19         952.229     113.785         210.460    -196.022              19              39
  142        -224.818     776.079         362.264     187.812             142              31
  193        -733.494    -381.834         -62.903    -279.943             193              39
   98         175.828    -471.133         423.097     477.773              98              31
   89         754.687    -719.576          32.251    -733.568              89              39
    0        -638.737     875.806        -364.486     673.254               0              31
  135         146.851    -137.307         323.125      46.392             135              39
  135         417.240     248.510         167.825     436.620             135              31
  203        -703.443     220.241          -5.904    -312.985             203              39
   63        -448.573    -623.629        -191.364     843.556              63              31
    1         285.160     646.700         -94.155      56.490               1              39
  103        -702.089     520.973         103.874    1705.234             103              31
   24        -200.485    -165.417         165.042    -174.422              24              39
   95        -680.579    -325.782        -124.384    4627.728              95              31
