SINAL     NFT                         FFT                         NFT INVERSA     FFT INVERSA
-----     -----------------------     -----------------------     -----------     -----------
  219       16971.000       0.000        8887.124       0.000             219             144
   23          90.560     191.002         328.507   -5230.308              23              47
   88        -954.675    -981.299        -364.572    -515.785              88              78
  227        -133.451     320.855        -493.649   -1055.898             227             149
  137         455.181     187.429         556.813     349.225             137             103
   30         850.969    -183.711         340.214   -1141.813              30              50
  133        -239.151    -477.613         -10.976    -646.249             133             101
   40        -565.323     308.429       -1000.162    -218.486              40              55
  185         869.365    1327.646         882.874     862.571             185             127
  248         309.723    -391.171         207.511   -1002.798             248             159
   71         177.741     789.200         359.761     259.691              71              70
  101        -382.018    -476.265          85.830   -1045.728             101              86
   24        -774.359     -74.967        -215.332     190.960              24              46
  213          34.097    -459.277         -87.206    -425.266             213             142
  177        -238.609     349.838          45.677     558.039             177             123
  225        1085.245    -723.961         435.685    -320.805             225             148
   82         954.126     751.836         435.513     112.141              82              75
   86         122.695    -723.655         199.319   -1080.796              86              78
  193        -532.507     710.972        -668.043     356.861             193             131
   42         601.045     346.280         860.451      -4.159              42              56
  207          14.779   -1009.685           4.328    -861.218             207             138
   29         -88.406      -2.041        -493.479    -312.007              29              50
   72        -246.713     374.354        -236.926    -114.743              72              70
   97        -692.358     345.629        -757.589     -61.656              97              84
  235        -456.078    1393.598        -194.237     757.352             235             152
  191        -660.725     446.429        -185.672     232.645             191             131
  234         -87.394    1019.508         261.427    1044.768             234             151
  232         820.860    -235.242         665.422    -112.062             232             151
  236         159.120     980.561         138.891     390.983             236             152
   91         262.525     -54.810         653.784    -183.446              91              81
  255        -241.245     229.009        -117.179     -70.754             255             162
  105        -241.900     343.217         172.190     302.130             105              88
  225         509.990     302.998         600.000      79.000             225             147
  221        -781.393    -490.140        -159.371    -510.395             221             146
  198         -99.069     508.556         -22.897     826.749             198             133
   27         654.648    -505.619         674.098    -384.342              27              49
  141         -51.886     345.386        -478.668     355.501             141             105
   61         935.119    1229.351         734.425     372.007              61              66
   23        -671.079     814.141         139.431      71.638              23              46
  117         -43.768     -19.756         697.357      54.158             117              94
  170        -811.180     -52.680        -152.828    -311.949             170             119
   85       -1188.249     105.200          55.311     664.657              85              78
   89         494.922    -708.135         715.854     417.988              89              79
   22        1176.314    -747.883         860.604     -38.561              22              46
  112         839.281    -508.619         430.282    -427.101             112              90
  196          84.682      27.762         193.484      88.774             196             133
   67         784.129    -481.271         850.951    -183.761              67              68
  225         326.250   -1228.722          -8.428    -692.027             225             148
  240         587.830     745.844         114.487     254.141             240             154
  130        -216.152    -597.878         425.154    -382.148             130             100
   26         670.413    -474.645          40.227      -6.606              26              47
   41         743.951      55.607         500.078    -211.577              41              56
  190         353.975    -115.278         203.669    -561.143             190             129
  181       -1215.134    -722.746        -438.375    -519.605             181             126
    0         535.260    -231.183        -348.008     286.771              -0              34
  122        -432.380     891.033        -241.154     126.740             122              96
    8         377.854     457.411         136.190     837.270               8              38
   33         228.433     945.800         525.143     -41.016              33              52
   63        -472.347    -470.853         270.688     507.931              63              66
  251        1600.429    -469.251         779.419    -273.581             251             161
   42         651.854     138.897         336.017      23.525              42              55
  232         625.250    -107.246         355.944   -1003.183             232             151
  164       -1967.661     567.994       -1011.419     462.653             164             116
  255        1016.471     144.760         922.112     460.095             255             163
   65          21.000      -0.019         127.000       0.000              65              37
   22        1016.444    -144.714         922.111    -460.093              22              38
    7       -1967.608    -568.175       -1011.418    -462.655               7              37
  194         625.313     107.292         355.941    1003.184             194              38
   17         651.903    -138.849         336.017     -23.524              17              37
  248        1600.366     469.369         779.418     273.582             248              38
   14        -472.425     470.755         270.689    -507.931              14              37
  212         228.509    -945.829         525.142      41.017             212              38
  158         377.871    -457.391         136.191    -837.270             158              37
  139        -432.314    -891.047        -241.154    -126.741             139              38
  137         535.226     231.271        -348.007    -286.772             137              37
   58       -1215.182     722.650        -438.376     519.603              58              38
  242         354.023     115.291         203.669     561.144             242              37
  147         743.983     -55.545         500.078     211.578             147              38
  198         670.366     474.701          40.228       6.606             198              37
  184        -216.198     597.829         425.154     382.148             184              38
  219         587.908    -745.796         114.487    -254.141             219              37
   69         326.155    1228.754          -8.431     692.026              69              38
   89         784.084     481.293         850.951     183.763              89              37
  152          84.680     -27.785         193.484     -88.774             152              38
   47         839.238     508.669         430.281     427.102              47              37
  221        1176.205     747.940         860.604      38.563             221              38
  162         494.767     708.101         715.855    -417.988             162              37
  176       -1188.307    -105.381          55.313    -664.656             176              38
  129        -811.183      52.541        -152.828     311.948             129              37
  121         -43.757      19.666         697.357     -54.157             121              38
  235        -670.978    -814.276         139.431     -71.638             235              37
   68         935.246   -1229.299         734.425    -372.006              68              38
  166         -51.859    -345.380        -478.668    -355.503             166              37
  173         654.593     505.654         674.096     384.344             173              38
   70         -99.060    -508.591         -22.896    -826.749              70              37
  196        -781.428     490.042        -159.371     510.395             196              38
  252         510.029    -303.007         600.000     -79.000             252              37
   15        -241.876    -343.275         172.189    -302.131              15              38
  252        -241.208    -229.061        -117.179      70.754             252              37
   73         262.541      54.783         653.783     183.447              73              38
  244         159.217    -980.582         138.891    -390.983             244              37
   69         820.826     235.276         665.421     112.063              69              38
  163         -87.351   -1019.556         261.429   -1044.767             163              37
  125        -660.706    -446.508        -185.672    -232.645             125              38
  218        -455.955   -1393.632        -194.236    -757.352             218              37
  130        -692.301    -345.651        -757.590      61.655             130              38
   45        -246.634    -374.341        -236.926     114.742              45              37
  148         -88.358       2.075        -493.480     312.006             148              38
   20          14.746    1009.682           4.327     861.218              20              37
  108         601.103    -346.264         860.451       4.160             108              38
  254        -532.413    -711.005        -668.042    -356.861             254              37
  251         122.704     723.667         199.317    1080.797             251              38
   14         954.240    -751.756         435.513    -112.141              14              37
  189        1085.178     724.056         435.684     320.805             189              38
  162        -238.596    -349.867          45.678    -558.039             162              37
   17          34.057     459.275         -87.207     425.265              17              38
   22        -774.343      74.882        -215.332    -190.960              22              37
  158        -381.993     476.192          85.827    1045.728             158              38
    5         177.881    -789.216         359.762    -259.689               5              37
   59         309.758     391.166         207.509    1002.799              59              38
  218         869.512   -1327.590         882.876    -862.570             218              37
  141        -565.257    -308.439       -1000.163     218.482             141              38
  106        -239.094     477.611         -10.977     646.249             106              37
  212         851.050     183.771         340.212    1141.813             212              38
   19         455.272    -187.400         556.814    -349.225              19              37
   86        -133.321    -320.848        -493.651    1055.895              86              38
  241        -954.540     981.215        -364.573     515.784             241              37
  135          91.043    -191.026         328.497    5230.305             135              38
