SINAL     NFT                         FFT                         NFT INVERSA     FFT INVERSA
-----     -----------------------     -----------------------     -----------     -----------
  215       15059.000       0.000        7867.124       0.000             215             137
   44        -369.648    -129.549        -292.496   -4494.438              44              54
   14         317.168     679.675           0.772     244.378              14              37
   27        -909.952    -336.088         -41.800   -1533.718              27              45
  153        1056.346    -406.083        -148.054     154.524             153             106
  196         149.256    1492.594         -20.412    -698.887             196             130
    7        -520.697     515.458         -13.100     106.223               7              33
  221        -771.680     519.242        -116.089    -287.220             221             142
   24         185.754      68.537         381.625     236.560              24              42
   59        -543.276     -30.824        -132.983    -421.020              59              61
    3        1101.638     436.846         679.994     615.309               3              31
  159         235.655    -223.450         640.724   -1393.945             159             111
  115       -1318.025    -831.510        -837.162    -398.967             115              87
  139        -246.875     595.291        -390.119     -18.191             139             101
  250        -843.199     629.263        -218.160     397.943             250             155
  204        -479.468      92.338         -42.539       2.413             204             134
  125        -503.162     261.435        -206.331     466.316             125              92
    4         -28.092     573.954          34.626     420.983               4              34
   35          55.201    1108.007         497.733     882.528              35              47
  134         494.251    -346.471        1065.294    -202.822             134              99
  159        -228.501    -591.332         117.008    -386.791             159             109
   13        -440.998    -432.903          44.221     -10.818              13              38
   84         171.283    -397.493         184.484     213.424              84              72
  152         675.948    -389.899         411.052      14.220             152             108
  212         384.573     -74.642         178.222    -225.732             212             136
   12        -633.863      -1.696        -307.479     274.852              12              38
  162        1060.316     389.222         815.336     796.134             162             111
  184        1288.048    -889.528         854.071    -582.115             184             124
  195         612.754     295.033         107.388    -227.728             195             127
   74         -95.282    -292.563         209.099    -364.538              74              69
   45        -114.123     266.495        -291.535     -50.373              45              52
   33        -621.789     327.438         -24.578     499.268              33              48
    3         954.002     335.010         607.000     466.000               3              31
  146         399.756       2.465         629.656     151.873             146             105
  241        1686.359      73.422        1179.957    -212.656             241             150
  124        -978.405   -1074.363         -35.763   -1091.942             124              94
  166         627.814    -172.711          30.982     439.609             166             113
   64         131.027    -209.422         521.560    -614.527              64              64
  172         210.100    -669.321          16.302     171.201             172             116
  138        1109.843    -431.862         688.186    -739.308             138             101
  105        -540.147    -501.297        -513.564    -353.639             105              82
   58         432.685     -69.027          65.037    -166.822              58              61
   75        -482.086     422.398        -297.324     130.716              75              67
   97         325.471    -593.935         325.509    -143.235              97              80
   74         -54.223     420.280        -420.544      62.167              74              67
  161          -8.907    -163.144         375.498     203.903             161             112
  113         704.226     -42.991        -106.942     -24.625             113              86
  130         118.792     132.327         307.838      41.572             130              97
  210         703.157      45.477        -299.669      34.316             210             135
  244         335.763    1440.881         410.433     368.339             244             154
  136        -241.660     161.974         -42.221    -132.887             136              98
   28        -282.084     740.833         198.786     342.175              28              46
  137        -411.832      38.695         -93.805     121.596             137              98
  176         294.442     646.965         516.096     843.422             176             120
   69        1157.863     -81.243         861.873    -230.218              69              64
   76        -349.531     139.717         197.877     -67.670              76              70
   94         529.827    -110.105         425.717      64.653              94              77
  148          68.957     128.097         573.099       8.179             148             106
   37         870.650    -926.815         574.148    -392.225              37              48
  162         300.288     307.164         273.946    -364.488             162             113
  242        -372.328    -687.241         308.188    -522.534             242             151
   36        -394.086   -1066.759        -235.568    -610.006              36              50
  179        -269.025    -451.417        -449.320     -12.282             179             119
  171         313.714     190.925         -23.830     274.060             171             117
  230         441.000       0.023         237.000       0.000             230              33
  110         313.709    -190.876         -23.831    -274.060             110              35
   79        -269.082     451.426        -449.320      12.281              79              33
  247        -394.170    1066.722        -235.570     610.005             247              35
  208        -372.350     687.162         308.187     522.534             208              33
  241         300.360    -307.171         273.946     364.489             241              35
   34         870.586     926.851         574.148     392.225              34              33
  133          68.967    -128.149         573.099      -8.178             133              35
  182         529.815     110.101         425.717     -64.653             182              33
   53        -349.505    -139.794         197.877      67.670              53              35
    0        1157.860      81.286         861.873     230.219              -0              33
  245         294.456    -646.985         516.097    -843.422             245              35
  103        -411.852     -38.768         -93.805    -121.595             103              33
   53        -282.015    -740.890         198.787    -342.174              53              35
  250        -241.618    -162.026         -42.221     132.887             250              33
   49         335.920   -1440.852         410.434    -368.338              49              35
   93         703.171     -45.385        -299.669     -34.316              93              33
   60         118.806    -132.299         307.838     -41.572              60              35
   74         704.216      43.063        -106.942      24.624              74              33
    8          -8.939     163.142         375.498    -203.902               8              35
    7         -54.188    -420.273        -420.544     -62.167               7              33
   55         325.416     593.967         325.509     143.236              55              35
   55        -482.042    -422.439        -297.324    -130.717              55              33
   29         432.695      69.088          65.036     166.822              29              35
   74        -540.156     501.268        -513.564     353.638              74              33
  175        1109.836     431.956         688.185     739.309             175              35
  142         210.039     669.322          16.303    -171.201             142              33
  120         131.019     209.407         521.558     614.528             120              35
   44         627.793     172.752          30.982    -439.609              44              33
  125        -978.460    1074.242         -35.765    1091.942             125              35
   72        1686.402     -73.344        1179.957     212.658              72              33
  160         399.740      -2.481         629.656    -151.872             160              35
  138         953.993    -334.970         607.000    -466.000             138              33
  182        -621.792    -327.511         -24.578    -499.269             182              35
  113        -114.088    -266.508        -291.535      50.372             113              33
  238         -95.273     292.546         209.097     364.538             238              35
  196         612.821    -294.984         107.387     227.729             196              33
  206        1287.978     889.615         854.070     582.116             206              35
  142        1060.294    -389.169         815.337    -796.134             142              33
   52        -633.900       1.632        -307.479    -274.854              52              35
  231         384.568      74.667         178.222     225.732             231              33
  155         675.889     389.944         411.051     -14.220             155              35
  163         171.202     397.483         184.485    -213.424             163              33
   39        -441.063     432.831          44.220      10.817              39              35
   52        -228.548     591.254         117.007     386.791              52              33
   98         494.214     346.418        1065.294     202.824              98              35
   48          55.265   -1108.074         497.734    -882.527              48              33
   31         -28.078    -573.981          34.627    -420.983              31              35
  169        -503.166    -261.494        -206.331    -466.316             169              33
   21        -479.472     -92.406         -42.540      -2.414              21              35
  154        -843.134    -629.353        -218.159    -397.943             154              33
   83        -246.805    -595.293        -390.119      18.190              83              35
   68       -1318.036     831.403        -837.163     398.966              68              33
  155         235.730     223.425         640.721    1393.946             155              35
  183        1101.707    -436.789         679.994    -615.308             183              33
  139        -543.263      30.753        -132.984     421.020             139              35
  121         185.790     -68.563         381.626    -236.560             121              33
    5        -771.593    -519.346        -116.091     287.218               5              35
  217        -520.560    -515.532         -13.100    -106.223             217              33
  175         149.498   -1492.560         -20.413     698.886             175              35
  207        1056.395     406.215        -148.054    -154.525             207              33
  219        -909.868     336.005         -41.804    1533.716             219              35
   50         317.427    -679.648           0.772    -244.378              50              33
   34        -369.265     129.537        -292.505    4494.435              34              35
