SINAL     NFT                         FFT                         NFT INVERSA     FFT INVERSA
-----     -----------------------     -----------------------     -----------     -----------
  212       33233.000       0.000       17284.248       0.000             212             138
  162        -611.395     680.490         -18.001   -9884.695             162             117
  102       -1109.552    -899.637          49.913    -236.685             102              83
  106          -5.233   -1063.023        -483.395   -3035.699             106              89
  249        1327.446     734.357         303.146     266.639             249             156
   46        -751.123     777.437        -230.541   -1809.286              46              59
  186         -89.750    -159.001         247.083     308.860             186             125
   59         284.824     459.919        -126.345    -928.575              59              65
   26         385.359     333.917         853.774     219.576              26              45
  184         315.584    -777.697        -537.442   -1121.049             184             128
  107        1287.963    3192.051         816.663    1300.980             107              85
   13        -623.691    -232.901        1015.314   -1182.208              13              42
    1         607.345    -192.681         834.037     -54.615               1              32
   10        -409.984   -1756.332         360.840   -1692.110              10              41
  227         597.825    -183.669        -300.651     -71.622             227             145
   60        -784.293     605.697         -50.883    -259.673              60              66
  203        1448.513     300.435        1096.055     660.551             203             133
  222         715.750    -779.003        1149.664   -1475.143             222             147
  112         712.903   -1292.410         301.200   -1032.480             112              88
  165       -1166.744    -324.575        -720.638   -1353.202             165             118
   86        -299.351     121.653          22.846     527.048              86              75
  155          -6.365   -1239.728         207.696   -1414.151             155             113
   93        -411.386    -145.908        -673.544     215.587              93              78
   64         433.670    -340.633         298.552    -716.868              64              68
  213        -575.348     257.480        -784.698    -124.313             213             138
  220       -1144.330     321.016        -302.981     212.606             220             146
   23        1194.180     258.921         294.528     775.532              23              43
  149         355.733     506.940         780.650    -561.371             149             110
  206        -210.415   -1064.868        -308.936    -268.048             206             135
   38         186.529     813.875        -100.493     126.913              38              55
  246         682.828     251.704         358.946     521.569             246             155
  183        1102.055    1089.010         707.766    -178.630             183             127
  188        -139.225     106.025         555.718    -272.964             188             126
   74        -263.522    -285.092          41.855    -637.453              74              73
   37        -268.010     375.364         204.585     313.880              37              50
   95         421.694    -633.656         852.600    -493.789              95              83
   46         666.830   -1236.609         431.256    -989.561              46              55
  222        -949.173    -895.011        -747.078   -1145.053             222             147
  190        -163.432     102.811        -586.726     179.768             190             127
   16       -1303.137     772.136        -753.622    -219.415              16              44
   50        -779.382     858.852        -148.790    1478.473              50              57
   89         913.725    -174.847        1214.216    -149.863              89              80
  164         386.822   -1615.496         279.631    -333.505             164             114
  229        1269.912    -470.516           9.473    -908.181             229             150
  202        -951.674     605.821        -755.349     255.516             202             133
   92         576.761     296.512         153.636      23.292              92              82
  186        -699.358     674.310        -475.101     320.266             186             125
  188         308.582     663.859          81.539     557.505             188             130
  162         300.492    1241.814         417.817     842.916             162             113
  218        1261.275     -51.359        1064.520     -14.967             218             145
  218         814.889     433.428         525.542    -367.143             218             141
   72        -818.503    -308.189        -304.841    -697.335              72              72
  119         -59.145    1710.578        -376.213    1380.249             119              91
   14        1332.113    1359.665        1865.561      50.919              14              43
   11       -1531.850    -522.151         -63.692    -700.532              11              37
   34        -140.340    -371.587         576.656     314.587              34              53
   73         635.914    -710.702         753.982    -393.524              73              68
  196         -69.086   -1251.642         294.667    -895.814             196             134
  213        -333.906    -297.420        -572.650     121.542             213             138
  120        1117.938     198.842        1097.715     160.284             120              96
  115          49.593   -1242.333        -209.320   -1063.814             115              89
   76          13.783    1283.544        -147.791     746.578              76              74
  209         723.730     -48.440        1215.498    -288.544             209             136
  207        -272.008   -1149.237         -10.102   -1031.339             207             139
   46        -541.007     -56.029        -303.000     -95.000              46              55
  239        -220.989    -527.049         168.676    -149.180             239             155
   83         421.078    -559.483          39.058    -166.570              83              73
  198         407.916    -210.894         228.405    -422.358             198             135
  170        -255.836    -449.991        -578.982    -512.356             170             117
  133        -448.434    1495.392        -469.125     471.288             133             102
   76       -1143.452     405.857          78.522     202.327              76              70
   83        -574.598    -166.201        -289.966     451.072              83              77
   22         364.436     653.864         489.500     740.486              22              43
  244         298.560      84.507         495.068     256.161             244             158
  226         663.580      77.728         906.082     410.272             226             145
   40        1162.650    -587.464         877.910    -497.938              40              56
  151        -421.977    -303.368         405.395    -292.461             151             107
  175         984.781   -1866.760         500.710    -487.734             175             123
  143         980.710     -71.225         222.585    -623.791             143             103
  192        -265.947    -694.358        -475.727    -509.981             192             132
   40          91.089    1629.111         -84.567     602.637              40              52
   30        -234.000    -597.877         454.176    -103.099              30              51
  217         711.465     959.278         241.197     458.116             217             140
   51         357.619    -683.632        1243.831    -233.981              51              61
    8        1440.498    -804.716         433.685    -911.779               8              36
   63       -1201.209    -274.528         -79.777    -821.154              63              67
  120        -340.621    -985.196        -400.962     -35.654             120              92
  253         457.956      23.038         436.312     -42.842             253             162
  147          65.594   -1338.550         125.178    -543.734             147             105
   26        1092.650   -1035.260        -293.286    -338.095              26              49
  158        1343.595    2034.437          -1.644     387.530             158             111
   63        -420.651     613.306         684.710    -479.389              63              67
  228       -1017.840    -618.516        -688.806    -436.349             228             146
   36         463.932     914.821         217.990    1067.306              36              54
   92        2451.111     990.872        1805.222    -388.414              92              78
  146       -1697.431   -1090.758          49.776   -1920.091             146             109
  228        -854.798    -734.029        -681.718    -296.964             228             146
   66        -788.482     -63.305          31.553    -801.193              66              69
  123       -1905.623    -786.376        -813.987    -435.173             123              93
  199       -1176.689   -1279.697        -433.863    -498.098             199             135
  136        -934.782    -480.347       -1267.081     120.335             136             100
  174        -385.269     741.185        -239.129     526.202             174             123
  162        -892.441     939.363        -568.114     538.705             162             113
  124       -1138.918     404.954         742.036     546.695             124              98
  130        -828.805   -2888.441        -365.835    -825.764             130              97
   13        -254.995     -18.699        -733.809     818.380              13              42
  126         720.262    -549.298         308.839     292.077             126              95
  150          56.619       4.854        -462.633     327.554             150             111
   72         776.327     420.710         287.282     881.709              72              68
  119        1040.794     438.033         331.357     183.216             119              95
   13        -102.991     993.109         387.244     707.769              13              38
  167        1155.227   -1226.182        1056.294    -172.690             167             119
  151         911.776    -228.208         102.694    -507.729             151             107
   93        -360.173    -506.384         -47.449    -183.425              93              82
  187         808.756     118.473         -25.898     172.663             187             125
   52         -87.121    -482.057         224.017    -378.262              52              62
  140         417.746     -48.799        -797.639     179.265             140             102
   75          84.421    1722.299         355.503     706.006              75              73
   94           8.511    -318.962          16.041     123.364              94              79
   69         648.568     777.000         576.071     461.173              69              70
  186         212.622    -537.915          20.889    -453.659             186             125
  203        -647.555    1161.220        -272.869     774.500             203             137
  158        1055.917    -175.753         856.256     486.588             158             111
   92         587.525     467.338         562.800    -335.633              92              82
  211       -1022.565   -1002.948        -263.323     -82.095             211             137
  212        1329.172     408.160         336.644     735.887             212             142
  218         690.008      53.972         640.333    -142.035             218             141
  185         467.015     389.817         150.950     356.335             185             128
  181         925.000       0.039         994.000       0.000             181              35
  122         467.061    -389.786         150.949    -356.335             122              39
  189         690.004     -53.883         640.333     142.036             189              35
  250        1329.131    -407.926         336.644    -735.887             250              39
   15       -1022.803    1002.737        -263.323      82.095              15              35
  111         587.633    -467.326         562.799     335.634             111              39
   61        1055.812     175.851         856.257    -486.587              61              35
   15        -647.425   -1161.355        -272.868    -774.501              15              39
   44         212.549     537.938          20.888     453.658              44              35
  221         648.672    -776.925         576.072    -461.172             221              39
   13           8.415     318.918          16.041    -123.364              13              35
  120          84.700   -1722.268         355.504    -706.005             120              39
   62         417.721      48.992        -797.639    -179.266              62              35
  227         -87.202     482.095         224.016     378.262             227              39
   58         808.758    -118.300         -25.898    -172.664              58              35
  217        -360.258     506.358         -47.449     183.425             217              39
  174         911.769     228.376         102.694     507.728             174              35
   23        1154.952    1226.295        1056.292     172.692              23              39
  186        -102.891    -993.220         387.245    -707.769             186              35
  240        1040.809    -437.845         331.356    -183.215             240              39
  249         776.256    -420.523         287.284    -881.708             249              35
  177          56.476      -4.754        -462.633    -327.555             177              39
  241         719.995     549.488         308.839    -292.076             241              35
    7        -255.223      18.760        -733.807    -818.382               7              39
   44        -829.473    2888.246        -365.836     825.764              44              35
  146       -1138.962    -405.353         742.037    -546.692             146              39
   16        -892.333    -939.578        -568.113    -538.706              16              35
  182        -385.205    -741.181        -239.128    -526.202             182              39
  126        -934.938     480.301       -1267.080    -120.336             126              35
   49       -1176.949    1279.520        -433.863     498.097              49              39
  135       -1905.698     785.983        -813.988     435.171             135              35
  138        -788.362      63.112          31.552     801.194             138              39
   99        -854.792     733.833        -681.718     296.964              99              35
   14       -1697.327    1090.306          49.771    1920.091              14              39
   97        2451.487    -990.631        1805.222     388.418              97              35
   94         464.055    -914.761         217.992   -1067.306              94              39
  150       -1017.898     618.310        -688.807     436.349             150              35
   27        -420.361    -613.473         684.709     479.391              27              39
  132        1344.084   -2034.113          -1.644    -387.530             132              35
  131        1092.483    1035.624        -293.286     338.095             131              39
  243          65.352    1338.570         125.178     543.734             243              35
   53         457.940     -22.981         436.312      42.842              53              39
  186        -340.812     985.120        -400.963      35.653             186              35
  182       -1201.134     274.276         -79.778     821.154             182              39
   87        1440.488     804.890         433.684     911.780              87              35
  217         357.523     683.542        1243.831     233.984             217              39
  235         711.616    -959.255         241.198    -458.115             235              35
   45        -234.109     597.761         454.176     103.099              45              39
  224          91.394   -1629.102         -84.566    -602.638             224              35
  216        -265.980     694.392        -475.729     509.978             216              39
  220         980.778      71.443         222.584     623.791             220              35
  233         984.443    1866.895         500.708     487.735             233              39
  147        -422.020     303.168         405.395     292.462             147              35
  159        1162.574     587.526         877.909     497.938             159              39
  189         663.526     -77.759         906.082    -410.271             189              35
  164         298.490     -84.583         495.069    -256.160             164              39
  142         364.431    -653.882         489.501    -740.486             142              35
  235        -574.741     166.037        -289.966    -451.073             235              39
    3       -1143.399    -406.148          78.523    -202.327               3              35
  255        -448.121   -1495.445        -469.124    -471.289             255              39
  209        -255.826     450.032        -578.983     512.356             209              35
   65         407.947     210.990         228.405     422.359              65              39
  218         420.984     559.558          39.058     166.570             218              35
   58        -221.094     526.972         168.677     149.182              58              39
  120        -540.979      55.913        -303.000      95.000             120              35
  163        -272.098    1149.116         -10.106    1031.337             163              39
   42         723.792      48.409        1215.496     288.545              42              35
  204          14.028   -1283.558        -147.789    -746.578             204              39
  219          49.455    1242.345        -209.322    1063.814             219              35
  215        1117.977    -198.714        1097.715    -160.282             215              39
  207        -333.985     297.363        -572.650    -121.543             207              35
  169         -69.258    1251.568         294.666     895.815             169              39
  158         635.794     710.654         753.982     393.525             158              35
  235        -140.456     371.381         576.656    -314.587             235              39
  162       -1531.846     521.644         -63.693     700.531             162              35
  181        1332.445   -1359.672        1865.561     -50.914             181              39
  121         -58.868   -1710.629        -376.211   -1380.250             121              35
  106        -818.457     308.042        -304.844     697.334             106              39
   61         815.102    -433.360         525.541     367.144              61              35
  248        1261.287      51.472        1064.520      14.970             248              39
   79         300.658   -1241.839         417.818    -842.916              79              35
   17         308.644    -663.806          81.539    -557.506              17              39
  210        -699.237    -674.397        -475.101    -320.268             210              35
   14         576.831    -296.370         153.634     -23.292              14              39
   13        -951.504    -605.891        -755.348    -255.517              13              35
  187        1269.911     470.844           9.470     908.181             187              39
   60         386.533    1615.535         279.630     333.505              60              35
  164         913.605     174.854        1214.215     149.866             164              39
   55        -779.352    -859.065        -148.788   -1478.473              55              35
   35       -1302.985    -772.323        -753.623     219.413              35              39
   94        -163.338    -102.741        -586.725    -179.770              94              35
   10        -949.197     894.919        -747.081    1145.052              10              39
  209         666.760    1236.674         431.255     989.562             209              35
  222         421.632     633.588         852.599     493.791             222              39
  199        -267.904    -375.523         204.585    -313.881             199              35
   95        -263.474     284.954          41.854     637.454              95              39
   37        -139.056    -106.182         555.718     272.964              37              35
  221        1102.351   -1088.896         707.765     178.629             221              39
  120         682.890    -251.601         358.947    -521.569             120              35
  141         186.667    -813.801        -100.494    -126.913             141              39
   77        -210.547    1064.832        -308.936     268.047              77              35
   99         355.894    -506.946         780.648     561.373              99              39
  233        1194.186    -258.734         294.529    -775.531             233              35
   34       -1144.315    -321.197        -302.981    -212.606              34              39
   46        -575.204    -257.527        -784.698     124.313              46              35
  124         433.697     340.756         298.550     716.869             124              39
  110        -411.345     145.889        -673.543    -215.588             110              35
   43          -6.486    1239.714         207.692    1414.151              43              39
  152        -299.250    -121.749          22.848    -527.048             152              35
   67       -1166.606     324.397        -720.641    1353.200              67              39
   67         712.929    1292.484         301.198    1032.480              67              35
  221         715.793     778.971        1149.660    1475.147             221              39
  143        1448.620    -300.340        1096.056    -660.549             143              35
    2        -784.126    -605.876         -50.884     259.670               2              39
  116         597.918     183.792        -300.651      71.621             116              35
   21        -410.142    1756.167         360.835    1692.110              21              39
  253         607.464     192.564         834.037      54.617             253              35
  178        -623.530     232.524        1015.311    1182.208             178              39
   66        1288.707   -3191.914         816.665   -1300.978              66              35
  227         315.598     777.804        -537.445    1121.048             227              39
   20         385.584    -333.913         853.774    -219.575              20              35
  184         285.080    -459.893        -126.347     928.572             184              39
  177         -89.560     158.946         247.084    -308.859             177              35
   45        -750.629    -777.594        -230.545    1809.284              45              39
  154        1327.982    -734.055         303.146    -266.638             154              35
   69          -4.973    1063.080        -483.402    3035.695              69              39
  187       -1108.899     899.359          49.913     236.685             187              35
   77        -609.498    -680.677         -18.024    9884.689              77              39
