SINAL     NFT                         FFT                         NFT INVERSA     FFT INVERSA
-----     -----------------------     -----------------------     -----------     -----------
  224       33220.000       0.000       17869.248       0.000             224             145
   84        -334.648    -491.684          77.503  -10104.759              84              79
  115         892.745    -465.598         489.037      64.256             115              90
  163         309.933     -25.257          87.092   -3600.782             163             118
  244         454.427    -138.891         326.320     214.924             244             155
   82        1179.629     151.244         324.391   -2252.897              82              78
  202         146.251    1219.588         409.424     181.245             202             134
    7        -111.843    -625.127         808.820   -2153.124               7              40
  204        -566.543   -1498.015        -416.231    -840.403             204             135
  191          78.611     255.278        -307.446   -1054.606             191             132
    3        -458.941    -135.776          16.480    -330.380               3              34
  125        -958.475    -556.625        -875.547   -1043.541             125              99
  252          88.365    1224.642        -230.023    1157.926             252             159
  172         510.758     562.028         798.016    -547.324             172             123
   47        -259.044    -238.205         -36.448      73.237              47              56
  219         360.581     573.151         500.256    -228.360             219             146
  239         148.017    -716.680         477.224      94.172             239             152
  212        1985.057    -110.479         935.124    -593.755             212             143
  228          92.838    -270.096         279.418    -926.895             228             147
   38        -371.638      60.866        -183.098    -295.463              38              56
   18        1025.653    -457.564        1032.238    -295.299              18              42
  101         283.991   -1219.948        -100.328   -1617.246             101              87
  135        -330.606     197.426        -453.926    -241.783             135             100
    6        -583.797      -3.847        -193.941    -665.776               6              40
   76        -558.789    -683.928        -360.009    -236.423              76              71
   86        -398.781     164.507        -753.295    -241.493              86              80
  174          61.038     874.159         114.098    1037.626             174             120
  104        1458.475    -207.350         862.213    -778.621             104              89
  103       -1204.170    -164.065        -810.028    -365.569             103              84
  153         598.672     604.377         -83.278     526.192             153             113
   61         452.625    1206.825         385.577     355.619              61              63
  175         846.907     246.741         834.667     -93.519             175             124
   51         415.589     -93.495         354.108    -875.924              51              58
  209        -880.203     208.381        -327.023    -334.752             209             141
  232         -71.919    -243.966         128.620    -290.668             232             149
   48        -333.878     148.172        -371.072    -273.606              48              61
  116        -413.468     525.754         -77.216     -70.797             116              91
  165        -959.085     315.955        -343.826     255.894             165             119
  229         824.468     -77.101         655.822     -67.413             229             147
   99        -903.198     293.581        -646.175    -366.137              99              86
  144         -35.846     574.356         422.631     396.570             144             105
  234        -998.344    -343.272        -579.210    -480.383             234             154
  145         168.051    1179.420         325.390     898.403             145             105
  119       -1457.245    -588.365        -154.889    -750.425             119              96
   63        -142.388     -78.103        -306.842    1411.030              63              64
  131        2163.900     791.083        1453.790     -96.736             131             102
   44        -749.747    -735.585           9.745    -631.955              44              55
  207          13.485     385.818        -254.655      68.992             207             140
  237        -404.917     563.396         605.756     519.746             237             151
   52         645.750   -1359.543         646.783    -756.681              52              63
  142        -189.506    -734.027         -62.197    -485.080             142             104
  103          80.675   -1032.690        -443.698    -713.730             103              88
  250        -739.898     945.404        -822.750     265.801             250             158
   43       -1243.841     321.250        -505.875     507.536              43              58
   39         760.489     568.287         320.007    1211.422              39              52
   44        1237.648     128.456         926.862    -411.621              44              59
  167        -873.834    -377.089        -721.248    -285.945             167             116
  222        -346.430    1495.428        -580.135     999.709             222             148
  162          63.699    1414.551         672.104    1345.000             162             114
   47        1107.393     402.236         994.475     385.072              47              60
  170         571.353     436.139        1129.730     234.883             170             118
   95         -90.308    -874.604         387.811    -521.593              95              84
  244         664.467    -185.195         817.318     866.406             244             155
   17        2891.866   -1490.715        1487.204   -1318.992              17              45
   64        -897.061     600.960        -638.000    -397.000              64              65
  207         676.188    -701.618         815.726    -186.648             207             140
  124        -102.311    -311.960        -548.726    -638.446             124              95
   82         -98.172    1318.000          68.489     822.230              82              78
  210         315.316      99.874        1099.838      69.989             210             138
   98         710.739   -1579.672         593.266    -830.826              98              86
   24          43.194     -84.672          21.199    -319.499              24              45
   83         528.299   -1403.021         531.282    -651.756              83              78
   32          37.893    -750.568        -560.964    -898.318              32              49
   78        -362.584    -206.676        -653.834     125.817              78              76
  236         612.995    1492.624        -132.005     490.527             236             151
  250        -562.832      65.192         669.747     100.427             250             162
  173         860.615   -1680.169         -87.463    -877.109             173             119
   94        -694.610     758.287        -830.493     130.775              94              84
  254         284.262     -37.179        -280.994     425.576             254             160
  193         737.886    1829.674        -176.256     796.237             193             133
  172         197.532    1320.234         475.915     355.421             172             119
   57        -699.434    1243.750        -285.408     703.108              57              65
  130         745.644    1293.941        1290.680    1003.821             130              98
   37         338.436    -700.650         761.200    -417.839              37              55
  227         963.246     -12.817         557.756      46.788             227             146
   25         168.568     504.502         102.084      20.759              25              49
  248        1387.579    1334.020        1398.665     569.111             248             157
  123        -729.735   -1043.875         561.153   -1519.633             123              98
    3        -577.678    -342.765        -274.634     409.830               3              34
  210         400.878    -331.312         864.495    -491.809             210             142
  144        -304.414   -1157.970         -44.528     -33.636             144             105
  113        1549.329    -586.134         871.141    -376.793             113              93
   21         427.372    -895.240           8.500    -729.610              21              43
   51         214.696     128.807        -170.908    -323.659              51              62
  107         242.780     -58.578         131.273     145.605             107              86
  120        1228.625    -183.544         341.179    -685.411             120              97
  100        -561.719     810.494        -722.108    -123.925             100              83
  133        -161.764    1909.625         196.272     719.993             133             103
  226        -270.820     152.228        1018.311    -108.661             226             146
   59        -439.371   -1640.545         111.329    -946.706              59              66
   73         492.665    -726.155        -128.872     -48.152              73              69
  157         944.943     344.492          98.112    -552.844             157             115
  251        -462.652     804.631        -293.730     -52.400             251             158
  216        -410.567    1053.211          82.764    -326.382             216             145
   95       -2065.405    -378.366        -355.911    -313.359              95              80
  141        -719.936    -114.232        -783.474     -51.502             141             107
  155       -1707.298    1558.690        -168.992    1142.031             155             110
  228         298.981   -1112.076         904.489      19.295             228             151
   51        -257.399    -866.903         134.592    -408.703              51              58
  176          31.284   -1260.096        -219.597    -453.173             176             125
  101        -684.479     -88.138        -447.183    -111.706             101              83
   35        -622.239   -1006.407       -1133.351     124.425              35              54
  114         855.091    2984.207          33.104    1785.847             114              90
  151        -619.829    -422.402         686.690    -320.534             151             112
  189         187.544     583.153        -506.301    1169.011             189             127
  250        1317.405    1002.272        1450.244     264.833             250             162
  188        -557.519    -167.284        -126.203    -192.781             188             127
   19        -478.063     352.346         267.614     273.479              19              46
  171        -386.740    -234.980         202.198     721.027             171             118
  136        1496.169   -1014.490        1218.067    -192.985             136             105
   82         416.310    -944.678        -317.633    -366.973              82              74
  210        1006.454     919.553         187.429     361.744             210             142
  198        -372.706     807.776         151.354     385.741             198             132
  132         645.081    -519.158         526.252     210.694             132             103
   29        1603.881     972.200         492.424     527.623              29              47
  181         506.394     723.336        1026.557    -627.838             181             127
   70       -1823.870    -401.851        -741.700      30.155              70              68
  245        1073.114     459.554         830.152     896.828             245             159
   20        1066.000       0.024         979.000       0.000              20              36
  102        1073.064    -459.466         830.151    -896.826             102              40
  106       -1823.954     401.436        -741.700     -30.158             106              36
  168         506.661    -723.378        1026.554     627.840             168              40
  160        1604.068    -971.952         492.425    -527.623             160              36
   36         644.909     519.229         526.252    -210.693              36              40
  231        -372.589    -807.903         151.355    -385.743             231              36
  234        1006.610    -919.322         187.429    -361.744             234              40
   64         416.118     944.811        -317.634     366.973              64              36
  161        1495.881    1014.667        1218.066     192.988             161              40
   66        -386.945     234.773         202.199    -721.028              66              36
  168        -478.078    -352.541         267.614    -273.478             168              40
   52        -557.522     167.066        -126.203     192.781              52              36
  177        1317.552   -1002.155        1450.244    -264.829             177              40
  237         187.512    -583.144        -506.298   -1169.012             237              36
  114        -619.962     422.194         686.688     320.535             114              40
   86         855.506   -2984.019          33.106   -1785.848              86              36
   36        -622.536    1006.472       -1133.352    -124.427              36              40
  239        -684.537      88.096        -447.183     111.704             239              36
   66          31.039    1260.126        -219.599     453.172              66              40
  198        -257.600     866.783         134.591     408.703             198              36
  178         298.673    1111.932         904.489     -19.293             178              40
   19       -1707.131   -1559.115        -168.990   -1142.032              19              36
  247        -719.971     114.088        -783.475      51.501             247              40
  248       -2065.388     377.911        -355.911     313.359             248              36
  201        -410.214   -1053.376          82.763     326.383             201              40
   30        -462.333    -804.696        -293.729      52.399              30              36
  137         945.134    -344.258          98.111     552.844             137              40
   59         492.559     726.297        -128.872      48.152              59              36
  108        -439.627    1640.363         111.327     946.706             108              40
  142        -270.725    -152.506        1018.312     108.663             142              36
  185        -161.360   -1909.747         196.274    -719.992             185              40
   48        -561.430    -810.518        -722.108     123.924              48              36
  134        1228.719     183.816         341.177     685.412             134              40
  191         242.815      58.646         131.273    -145.606             191              36
  181         214.789    -128.714        -170.909     323.658             181              40
  129         427.313     895.349           8.499     729.610             129              36
  118        1549.223     586.379         871.140     376.795             118              40
  189        -304.657    1157.842         -44.528      33.635             189              36
  162         400.804     331.253         864.493     491.811             162              40
  112        -577.737     342.556        -274.634    -409.830             112              36
  253        -729.779    1043.545         561.150    1519.634             253              40
  109        1387.907   -1333.980        1398.666    -569.109             109              36
  247         168.687    -504.538         102.083     -20.759             247              40
   34         963.265      12.915         557.757     -46.787              34              36
   50         338.303     700.533         761.199     417.839              50              40
   56         745.808   -1294.016        1290.682   -1003.818              56              36
  232        -699.245   -1243.964        -285.407    -703.109             232              40
  137         197.812   -1320.238         475.916    -355.421             137              36
    1         738.202   -1829.460        -176.255    -796.238               1              40
  141         284.207      37.356        -280.994    -425.577             141              36
   26        -694.464    -758.262        -830.493    -130.778              26              40
  100         860.354    1680.371         -87.465     877.108             100              36
   68        -562.811     -65.378         669.747    -100.425              68              40
  194         613.271   -1492.481        -132.004    -490.528             194              36
  137        -362.602     206.763        -653.834    -125.818             137              40
   44          37.838     750.675        -560.965     898.318              44              36
   42         528.113    1403.100         531.282     651.758              42              40
  154          43.225      84.643          21.199     319.498             154              36
  121         710.508    1579.694         593.265     830.827             121              40
   52         315.323    -100.011        1099.838     -69.988              52              36
   54         -97.942   -1318.067          68.491    -822.230              54              40
  195        -102.299     311.980        -548.727     638.445             195              36
   35         676.117     701.684         815.727     186.651              35              40
  197        -896.816    -601.121        -638.000     397.000             197              36
   35        2891.697    1491.164        1487.199    1318.993              35              40
  233         664.318     185.184         817.320    -866.405             233              36
  186         -90.504     874.422         387.809     521.592             186              40
  219         571.422    -436.246        1129.729    -234.882             219              36
  100        1107.380    -402.228         994.475    -385.071             100              40
  217          63.806   -1414.658         672.107   -1344.999             217              36
   89        -346.266   -1495.450        -580.134    -999.711              89              40
  242        -873.865     376.991        -721.248     285.944             242              36
   10        1237.690    -128.284         926.860     411.623              10              40
   99         760.440    -568.176         320.009   -1211.421              99              36
  115       -1243.895    -321.448        -505.874    -507.537             115              40
   98        -739.708    -945.434        -822.750    -265.803              98              36
  234          80.548    1032.804        -443.700     713.730             234              40
   87        -189.586     733.998         -62.198     485.081              87              36
  168         645.526    1359.538         646.782     756.683             168              40
  128        -404.840    -563.606         605.756    -519.745             128              36
   38          13.563    -385.854        -254.656     -68.994              38              40
  236        -749.775     735.381           9.744     631.954             236              36
  199        2164.032    -790.804        1453.789      96.739             199              40
   22        -142.571      78.055        -306.840   -1411.031              22              36
  150       -1457.383     588.014        -154.892     750.424             150              40
   79         168.260   -1179.469         325.392    -898.402              79              36
   71        -998.385     343.068        -579.212     480.382              71              40
  189         -35.703    -574.424         422.632    -396.569             189              36
   93        -903.069    -293.751        -646.176     366.135              93              40
   64         824.500      77.201         655.822      67.414              64              36
    1        -959.022    -316.171        -343.825    -255.895               1              40
  207        -413.294    -525.843         -77.217      70.797             207              36
   76        -333.753    -148.220        -371.072     273.605              76              40
   15         -71.870     243.929         128.620     290.668              15              36
  194        -880.021    -208.573        -327.023     334.752             194              40
   88         415.765      93.508         354.108     875.925              88              36
    6         847.062    -246.692         834.666      93.518               6              40
  168         452.884   -1206.780         385.578    -355.619             168              36
   30         598.776    -604.214         -83.278    -526.192              30              40
  252       -1204.105     163.914        -810.029     365.567             252              36
  122        1458.540     207.577         862.210     778.622             122              40
   29          61.165    -874.134         114.100   -1037.625              29              36
  212        -398.737    -164.482        -753.296     241.491             212              40
   45        -558.834     683.879        -360.009     236.423              45              36
  182        -583.669       3.751        -193.943     665.775             182              40
   13        -330.387    -197.421        -453.926     241.782              13              36
  144         283.990    1220.017        -100.331    1617.246             144              40
  113        1025.699     457.663        1032.237     295.301             113              36
  185        -371.513     -60.982        -183.098     295.462             185              40
   79          93.010     270.073         279.416     926.896              79              36
  155        1985.155     110.772         935.123     593.758             155              40
  207         147.918     716.616         477.224     -94.172             207              36
   64         360.728    -573.181         500.255     228.359              64              40
  169        -258.997     238.090         -36.447     -73.237             169              36
  163         510.948    -562.029         798.014     547.324             163              40
   11          88.620   -1224.594        -230.021   -1157.926              11              36
  242        -958.452     556.529        -875.550    1043.538             242              40
  172        -458.745     135.697          16.480     330.380             172              36
  153          78.883    -255.218        -307.448    1054.606             153              40
  166        -566.524    1497.909        -416.232     840.402             166              36
   80        -111.594     624.944         808.815    2153.124              80              40
  115         146.872   -1219.659         409.425    -181.244             115              36
   20        1180.069    -151.035         324.386    2252.896              20              40
  204         454.837     138.963         326.320    -214.923             204              36
  182         310.522      25.302          87.083    3600.779             182              40
  116         893.507     465.725         489.037     -64.255             116              36
  156        -333.013     491.549          77.480   10104.752             156              40
