SINAL     NFT                         FFT                         NFT INVERSA     FFT INVERSA
-----     -----------------------     -----------------------     -----------     -----------
  129       32007.000       0.000       16383.248       0.000             129              97
  182        -762.621     355.048        -776.981   -9354.484             182             122
   88         747.068     644.154          99.870    1019.545              88              77
  156        1414.692     899.438         675.756   -3162.879             156             109
   21        -431.420      89.957          59.045    -230.120              21              43
   75         577.137     -64.535        -138.480   -1838.349              75              69
   98         486.561    1485.982         384.381     252.009              98              82
   66        -569.109    -751.341         103.303   -2157.002              66              64
  197        -714.074     364.838       -1043.343     292.738             197             131
  179         423.359    1692.642         418.007    -207.411             179             121
  152        -863.497     334.313         339.779    -102.478             152             109
   18          36.460   -1347.553         170.508    -914.365              18              40
  110         867.804     640.743        -194.422     -26.367             110              88
   38        -474.820     752.129         275.587    -486.732              38              50
  201        -225.732    -440.484        -225.256    -385.235             201             133
  201        -574.343     569.467        -429.240      27.865             201             132
  164        1154.908    1215.397         333.810     641.030             164             115
   48        -239.938    1797.910         817.699    -248.999              48              55
  179       -1177.497   -1136.799         220.145    -583.648             179             122
    1        -109.233    -199.220          12.394     -56.387               1              32
   59         337.212    -651.930         443.552    -483.141              59              62
  173        -300.714     -24.007        -390.746     -41.931             173             118
  179        1255.632     144.765         768.705    -245.980             179             122
   40       -1261.502     570.344        -887.705    -351.646              40              51
  164         451.787    1421.606         910.417     896.620             164             115
   89       -1032.484    -870.178         285.156   -1027.197              89              76
   24           4.957    -617.536          73.428     167.081              24              45
  141        -597.963    -363.157         -33.692    -506.369             141             102
  164         273.533    -928.944          36.264     268.821             164             115
  203         441.826     766.461        -241.927     109.509             203             133
   46         729.468     861.223        1181.315     987.753              46              56
   38        1352.712   -1511.588         758.405   -1407.708              38              50
  157        -187.200    1149.566        -359.754     355.085             157             111
  103          40.433     -84.696         847.426    -222.163             103              83
   75         862.526    -618.598         304.345     -50.300              75              70
  130        1050.335     901.550         766.104    -387.152             130              96
   62        -550.540    -117.468         610.307    -284.519              62              64
   35         915.430   -1519.040         893.767   -1089.743              35              49
   48        -130.104    -704.215        -203.012   -1162.830              48              57
    6        -788.957     -52.291        -134.120    -507.000               6              34
  227        -922.853   -1213.548         147.499   -1061.432             227             146
   33       -1908.695   -2197.930       -1366.757    -964.623              33              48
  195          44.524     228.557        -567.334     822.267             195             130
  184         245.516    -862.314          92.103    -370.281             184             123
   14         574.118     463.204        -609.227     352.460              14              40
  203        -169.258    1108.654         483.346     332.265             203             133
  142         557.939   -1471.734         228.918    -510.282             142             104
   92         -76.777     992.752        -535.167     -80.939              92              77
    1        -579.532      18.802         438.256     405.248               1              33
  220         773.215   -1429.210          34.879    -822.895             220             141
  184        -435.059     673.774        -695.019     262.055             184             125
  105         219.042     478.115         139.893     549.986             105              84
   82        1139.341     425.392         688.127     185.633              82              74
  168         116.759     108.392         230.162    -618.686             168             115
   83       -1074.961    -126.413        -255.282     -50.151              83              74
  104         122.745    -374.825        -124.653     359.225             104              83
   65        1457.042     784.768        1036.857     457.751              65              65
    7         443.529   -1132.111         548.423   -1197.746               7              35
  182        -504.659    -139.545        -346.316    -328.071             182             124
  250        -627.944   -1158.910        -314.972    -462.744             250             156
   27         508.947     200.501        -348.275     633.799              27              46
  153        1368.272     142.879         692.855     -51.866             153             108
   91         548.209     518.524          92.784    -169.974              91              78
   92         133.368    -174.594         402.517    -392.835              92              77
  155         124.999    -425.988        -171.000    -440.000             155             110
   70         239.649    -346.552        -117.684    -285.794              70              66
   53         605.281     816.401        -377.511      13.466              53              59
   32         -62.518    1262.344         376.393     153.913              32              47
  140        -375.065    -601.220        -158.554    -982.724             140             103
  102       -1859.980    1068.216       -1345.854     617.894             102              82
  138         750.480    1155.890         902.142    1026.348             138             102
    3        -311.985      92.409         151.743    -330.581               3              33
  128         272.377     511.971         742.623     496.986             128              97
  230        -204.422    -955.979         431.981    -826.099             230             146
   92         379.971   -1045.276         535.376    -194.002              92              79
  152         399.880   -2086.169        -445.838   -1744.506             152             107
  171        -903.302    1455.425       -1352.269     777.495             171             118
  253         341.413     440.901         427.613     103.053             253             158
  135        -528.876     845.518        -387.824     238.820             135             100
  182        -377.459    -272.304         294.481     -48.081             182             122
  188         107.188    -262.327        -409.179      15.694             188             127
   49         -32.276     816.059        -327.675     259.037              49              56
   93        -408.769    1761.860        -103.228    1107.499              93              79
  254         602.811     375.221        1041.249     543.053             254             158
  224        1131.013      71.885         968.574    -103.644             224             145
  220         340.462    -998.672         244.228    -889.834             220             141
   96         340.827    1632.922        -205.160     415.294              96              81
   51        -690.437     343.317         692.700    -158.390              51              57
  117         611.644     179.890         493.897      82.588             117              91
   17        -829.552    -731.399         573.439   -1294.575              17              40
  197       -1327.159    -772.942        -939.816     195.122             197             131
  225         905.567    -392.009        1038.283    -312.863             225             144
   52        -854.469    -779.269       -1001.482    -632.995              52              59
  246        -267.248     828.318         278.756     508.800             246             154
   24        -629.979    -821.496        -436.124    -358.514              24              45
  231        -241.343    1056.718          26.581    1108.573             231             147
  198        1835.169     -80.369        1461.754     219.086             198             132
   42         286.627    -550.922         728.823   -1477.218              42              52
   52       -1931.878   -1014.820        -932.324    -381.992              52              59
   98         346.997    -426.484         532.834     -12.465              98              80
   11       -1019.182   -1616.135        -793.280    -741.826              11              38
  230         334.120     805.015        -129.617    1117.778             230             146
   59         960.398    -824.573        1059.593    -275.201              59              62
  237         838.455   -1114.966        -169.787    -605.179             237             150
   91         808.755     631.620         193.803     193.552              91              78
  102        1069.114    -233.497         435.094    -782.288             102              82
  166       -1176.844     964.897        -617.285    -302.554             166             116
  171        -879.175    -629.570         105.768      33.291             171             117
   71         530.961    -248.693        -186.944      27.620              71              68
  162         769.117     684.400         744.492       2.668             162             112
  241        -531.247    -762.220          41.395   -1108.909             241             153
   11       -1235.297    -718.443        -735.841    -422.776              11              37
   49        -798.557     266.149        -598.889     323.476              49              57
  176        -163.485    -239.160         357.210     403.402             176             119
  146         943.324   -1118.260         271.135    -393.245             146             106
  128         561.002      95.956         -51.749    -241.677             128              95
  205         219.564      53.093         228.981    -250.068             205             135
  219         203.047    -909.404         -88.776   -1094.363             219             141
  255       -1755.170     683.922       -1352.436    -206.890             255             160
   78       -1056.333    -109.767        -162.113     476.489              78              70
  111        -116.798    -411.370        -585.754     -27.114             111              88
  126         290.239     749.413         149.959     607.492             126              94
   39        -281.299    -360.073        -264.294    -663.358              39              52
   52       -1037.513     726.145        -927.888     828.411              52              57
  177         439.407    1154.761         473.603     540.754             177             121
   40       -1185.177    -146.492        -257.876     245.953              40              51
  149         949.306     454.633         572.905     829.137             149             107
  224         549.137    -615.764         709.139    -444.258             224             143
  163         215.000       0.021        -313.000       0.000             163              36
   92         549.021     615.803         709.134     444.260              92              35
  117         949.265    -454.546         572.907    -829.135             117              36
  155       -1185.288     146.219        -257.877    -245.954             155              35
  150         439.552   -1154.732         473.604    -540.753             150              36
   24       -1037.437    -726.254        -927.887    -828.413              24              35
  156        -281.329     360.066        -264.296     663.358             156              36
   39         290.350    -749.319         149.960    -607.491              39              35
  112        -116.947     411.414        -585.754      27.113             112              36
  127       -1056.410     109.596        -162.113    -476.488             127              35
    4       -1754.958    -684.148       -1352.436     206.888               4              36
  137         203.057     909.499         -88.778    1094.363             137              35
  237         219.674     -53.049         228.981     250.069             237              36
   66         561.079     -95.795         -51.749     241.677              66              35
  138         943.097    1118.442         271.134     393.246             138              36
   44        -163.627     239.085         357.211    -403.400              44              35
  122        -798.570    -266.274        -598.888    -323.477             122              36
  169       -1235.369     718.253        -735.842     422.774             169              35
  188        -531.229     762.055          41.393    1108.910             188              36
  207         769.332    -684.320         744.493      -2.667             207              35
  132         530.898     248.796        -186.946     -27.620             132              36
  150        -879.290     629.363         105.768     -33.289             150              35
  140       -1176.528    -965.120        -617.286     302.552             140              36
  209        1069.248     233.707         435.093     782.291             209              35
  185         808.924    -631.410         193.804    -193.552             185              36
   41         838.281    1115.182        -169.789     605.179              41              35
   87         960.199     824.689        1059.593     275.203              87              36
   27         334.123    -804.929        -129.614   -1117.778              27              35
   38       -1019.515    1616.003        -793.281     741.825              38              36
  218         346.878     426.491         532.835      12.466             218              35
  236       -1932.008    1014.424        -932.325     381.990             236              36
  144         286.710     550.836         728.820    1477.220             144              35
  183        1835.153      80.525        1461.753    -219.085             183              36
  120        -241.284   -1056.808          26.583   -1108.574             120              35
  157        -630.158     821.358        -436.124     358.512             157              36
  207        -267.118    -828.387         278.758    -508.799             207              35
  193        -854.549     779.139       -1001.483     632.993             193              36
   61         905.498     392.118        1038.282     312.866              61              35
  203       -1327.311     772.644        -939.815    -195.125             203              36
  253        -829.553     731.106         573.436    1294.577             253              35
  223         611.764    -179.966         493.897     -82.588             223              36
  211        -690.300    -343.594         692.699     158.392             211              35
    8         341.223   -1632.894        -205.158    -415.294               8              36
  122         340.394     998.714         244.225     889.835             122              35
   27        1131.058     -71.831         968.574     103.646              27              36
  254         602.811    -375.271        1041.250    -543.051             254              35
  193        -408.518   -1761.985        -103.225   -1107.499             193              36
  209         -32.137    -815.988        -327.674    -259.038             209              35
   85         107.128     262.400        -409.178     -15.695              85              36
   99        -377.518     272.203         294.480      48.082              99              35
  102        -528.692    -845.636        -387.823    -238.820             102              36
   10         341.512    -440.820         427.612    -103.052              10              35
   54        -903.006   -1455.410       -1352.268    -777.497              54              36
   42         399.623    2086.378        -445.842    1744.505              42              35
   60         379.818    1045.282         535.376     194.003              60              36
   98        -204.562     955.795         431.979     826.099              98              35
   63         272.480    -512.080         742.624    -496.985              63              36
   25        -311.948     -92.588         151.741     330.581              25              35
   45         750.629   -1155.854         902.144   -1026.346              45              36
  121       -1859.797   -1068.493       -1345.852    -617.897             121              35
  142        -375.017     601.149        -158.555     982.724             142              36
  231         -62.155   -1262.382         376.394    -153.912             231              35
  227         605.530    -816.201        -377.512     -13.466             227              36
   94         239.658     346.693        -117.683     285.796              94              35
  225         125.002     426.036        -171.000     440.000             225              36
   94         133.436     174.595         402.514     392.834              94              35
  120         548.402    -518.427          92.784     169.975             120              36
  179        1368.315    -142.597         692.855      51.867             179              35
  113         508.901    -200.322        -348.274    -633.799             113              36
  198        -628.171    1158.851        -314.973     462.744             198              35
   46        -504.602     139.453        -346.316     328.070              46              36
   25         443.457    1132.119         548.420    1197.747              25              35
   36        1457.175    -784.588        1036.857    -457.750              36              36
  114         122.588     374.838        -124.653    -359.225             114              35
  230       -1074.970     126.183        -255.281      50.151             230              36
    7         116.891    -108.428         230.160     618.686               7              35
   27        1139.444    -425.233         688.128    -185.632              27              36
  223         219.075    -478.067         139.894    -549.986             223              35
  117        -434.935    -673.746        -695.018    -262.056             117              36
   65         772.972    1429.382          34.877     822.895              65              35
  158        -579.544     -18.970         438.257    -405.247             158              36
  242         -76.556    -992.718        -535.167      80.937             242              35
  105         557.713    1471.832         228.918     510.282             105              36
  150        -169.063   -1108.716         483.347    -332.264             150              35
   80         574.195    -462.990        -609.226    -352.461              80              36
   16         245.310     862.453          92.102     370.282              16              35
  193          44.443    -228.429        -567.332    -822.268             193              36
   40       -1909.097    2197.682       -1366.759     964.620              40              35
  163        -922.947    1213.294         147.498    1061.432             163              36
    6        -788.803      52.083        -134.121     507.000               6              35
  171        -130.020     704.167        -203.014    1162.830             171              36
  141         915.302    1519.066         893.765    1089.745             141              35
  228        -550.432     117.173         610.307     284.520             228              36
  227        1050.631    -901.467         766.103     387.154             227              35
  178         862.463     618.686         304.346      50.300             178              36
   89          40.445      84.577         847.427     222.165              89              35
   16        -186.899   -1149.618        -359.753    -355.086              16              36
   65        1352.541    1511.760         758.400    1407.707              65              35
  142         729.595    -861.224        1181.317    -987.751             142              36
   29         441.914    -766.361        -241.927    -109.511              29              35
   59         273.313     929.009          36.265    -268.820              59              36
  167        -598.052     363.001         -33.694     506.368             167              35
   10           4.852     617.454          73.429    -167.080              10              36
  192       -1032.576     869.815         285.153    1027.196             192              35
  216         452.089   -1421.685         910.418    -896.619             216              36
  121       -1261.292    -570.574        -887.707     351.643             121              35
  170        1255.771    -144.557         768.704     245.982             170              36
   48        -300.680      23.957        -390.746      41.930              48              35
  180         337.153     651.943         443.551     483.142             180              36
   65        -109.256     199.115          12.394      56.386              65              35
  120       -1177.593    1136.397         220.144     583.649             120              36
  236        -239.438   -1798.148         817.698     249.002             236              35
  228        1155.220   -1215.223         333.811    -641.029             228              36
  146        -574.187    -569.521        -429.240     -27.868             146              35
    8        -225.676     440.429        -225.257     385.235               8              36
  167        -474.506    -752.251         275.585     486.732             167              35
  155         868.074    -640.542        -194.422      26.367             155              36
   78          36.326    1347.528         170.506     914.364              78              35
  206        -863.267    -334.619         339.779     102.478             206              36
  173         423.846   -1692.610         418.007     207.413             173              35
  152        -713.798    -364.883       -1043.342    -292.739             152              36
  189        -568.895     751.212         103.298    2157.000             189              35
  118         487.194   -1485.924         384.381    -252.008             118              36
  232         577.493      64.681        -138.484    1838.349             232              35
  242        -430.915     -90.046          59.045     230.120             242              36
   87        1415.452    -899.194         675.749    3162.878              87              35
   96         747.928    -643.952          99.872   -1019.545              96              36
  133        -760.921    -355.064        -777.003    9354.476             133              35
