SINAL     NFT                         FFT                         NFT INVERSA     FFT INVERSA
-----     -----------------------     -----------------------     -----------     -----------
   29       34179.000       0.000       16708.248       0.000              29              46
  201        -492.035    1528.912         260.011   -9492.544             201             135
  226         457.268   -1189.369         280.641    -298.476             226             144
   77         335.385     282.896        -263.633   -3377.035              77              73
  225         488.560     510.889         132.882     170.220             225             144
   52        -503.286     393.113        -299.583   -2149.842              52              60
   20           0.526     773.852          10.678     974.973              20              41
   33        1427.474     186.771         991.352   -1480.421              33              51
  245         436.826     497.394         361.770     -64.226             245             154
  207         782.849    -975.342         827.741   -2081.768             207             138
   67        -200.862    -113.854       -1033.258    -746.407              67              65
  235        -280.196    1584.624         -12.010    -603.922             235             152
  129       -1075.530     455.836        -554.272    -572.372             129              96
  151       -2394.481    1344.103        -854.973      76.598             151             110
   79         140.313     422.931         647.815     925.175              79              71
  143         -53.326    -291.969         500.937   -1091.138             143             106
  121        -514.281     192.886        -282.275     345.628             121              92
   73        -175.437     272.569         741.170    -487.822              73              71
   86         -54.886   -1411.866          56.968    -299.582              86              74
   75         559.579    -105.028          25.054    -980.486              75              72
  126       -1277.475     746.247       -1121.757     539.082             126              94
   87        1021.973    2146.234        1146.065     969.864              87              78
  153         175.500    -457.535        1058.372    -709.908             153             108
  178        -311.786    -188.563         181.154    -730.276             178             123
   47        -919.963    -242.425          78.844    -248.481              47              55
    6        -195.321    -375.345         320.957     -41.609               6              37
  179        1172.103    -447.035        1123.089    -380.819             179             121
  103        -587.375   -1081.587          72.864   -1580.779             103              86
   89       -1054.860    -491.541        -311.639    -103.347              89              76
  152        -172.133   -1471.837         229.732    -976.044             152             110
  190        -321.374    -266.792        -587.588     -33.670             190             126
  184        -211.497    -318.877         461.400    -446.198             184             126
  208        -245.321    -751.256        -321.683     -93.943             208             135
  186         471.521    -606.636         950.686    -570.604             186             127
  169        -160.847   -2107.135        -718.768   -1068.485             169             116
  241         312.349     734.769         107.225     175.953             241             155
  172         456.209   -1706.363          34.468    -933.391             172             117
  103         385.355     914.455        -400.351    -200.628             103              86
   94        -135.199     152.160         224.816    -286.796              94              78
  223        -446.523    -245.133         149.793    -986.292             223             146
   97       -1388.789   -1813.358       -1004.370    -953.722              97              80
   71        -263.693    1208.060        -761.858     284.324              71              70
  162       -1222.660    -319.905        -166.552     -99.825             162             112
   16         249.613     338.125        -312.587      56.417              16              42
  119       -1023.538     182.366         -17.524    -225.904             119              91
    6        -517.639     -35.974        -434.668    -126.865               6              37
  188       -1657.858     151.323        -126.912     -74.229             188             125
  163        -880.395   -1376.991        -533.705      68.665             163             116
   96         529.087     324.024         369.559     394.606              96              79
  241        -324.941   -1421.773          40.069    -786.007             241             155
   41        -374.228    -338.572        -661.196      28.725              41              52
   72        -206.300    -314.261        -112.947      94.077              72              70
   41         521.312    -146.706        -141.083     174.112              41              52
   56          90.763     308.531         139.272    -187.720              56              62
  234        -693.029    -670.901        -488.831    -154.534             234             148
    7         308.393     390.600        -244.680     258.614               7              38
  121        -831.864     583.372        -402.474     318.940             121              92
   46         395.311     658.433         323.279    1080.365              46              57
  254        1272.317     121.297        1323.406    -316.464             254             158
  255       -1118.814   -1662.550        -398.486    -889.028             255             162
   58        1127.309     -84.251        -181.930     530.014              58              60
   93         740.144    1372.015         536.712      18.293              93              81
  248        -410.349    -447.400         503.409    -442.001             248             155
   21        -626.724   -1043.698        -547.066    -781.567              21              45
   75        -660.022     876.969        -428.000     838.000              75              69
   59         183.392    -112.772         666.012     216.640              59              64
   56         833.082    -296.489         729.732     327.402              56              59
  247        1363.537   -1278.383        1257.382   -1185.168             247             158
   42        -813.143   -1430.513        -743.173    -931.283              42              52
  161         883.566    -502.261         312.922      61.995             161             115
  227        1191.607    -536.085         193.941    -843.462             227             145
  245        -221.306     298.183         -62.993    -713.184             245             157
  106       -1177.845    -703.151        -513.362    -691.795             106              84
  192        -540.856    -482.687        -159.693    -137.601             192             130
  175         188.434   -1729.845        -101.152   -1036.313             175             119
   39        -954.298    -157.783       -1453.424    -453.753              39              54
   80        -310.576     927.686        -291.043     824.955              80              71
   31        -168.745     -83.690         -12.096    -559.847              31              50
   97       -1344.040    -106.195        -717.170     535.019              97              80
   79        1733.135     -36.839         819.764     -52.249              79              74
  216       -1373.195    -157.761        -266.141    -834.807             216             139
   65        -763.079   -2366.250        -488.807    -692.064              65              67
   30        -242.502     129.649       -1333.492     160.141              30              46
   43         181.619     227.133         277.585     451.619              43              56
  248         396.819    -682.213        -861.442    -540.547             248             155
   82        -392.113    2338.180        -367.437     896.421              82              75
  166       -1242.005    -377.093        -197.637     -67.515             166             114
  119         244.085     375.809         -74.204     996.101             119              94
  248        1331.676    -464.872         954.390    -421.376             248             155
    7        -551.816    -450.489        -818.440    -612.764               7              38
  185        -113.963     740.532        -279.340     830.260             185             124
  114        1390.986     338.136         715.305    -162.618             114              91
   83       -1061.825     191.630        -479.548    -569.205              83              73
  226        -493.044     -27.740        -218.738     277.525             226             147
   87        -258.836     -65.231        -205.400    -148.004              87              75
   69          59.153     300.221         -56.285     406.155              69              69
  136         279.318     -73.228         331.684    -451.943             136              99
   65        -921.451    -215.514        -829.761    -359.777              65              67
   47       -1266.092    1357.128        -442.173     909.544              47              55
  160         601.541    -865.735        1001.955     319.322             160             114
   17         727.213    -714.181         222.626   -1040.300              17              40
  168       -1383.417   -1159.178        -524.357    -511.767             168             118
    6          99.111   -1024.533        -898.575    -439.833               6              34
   14        -985.182    1203.176        -948.629     901.051              14              41
   88        1162.972     342.073         756.955     581.251              88              75
   75         100.824    -510.743          78.284    -919.786              75              72
  154       -1126.509    -267.390        -971.086    -206.098             154             108
  236        -799.133      64.338        -636.063     216.541             236             152
  247        -787.914     219.659        -816.517     587.516             247             155
   51         401.570     292.930          27.193     858.678              51              60
  218         943.457     832.197         -24.633     471.125             218             140
  246         244.373     717.182         664.571     311.248             246             157
   13          46.440   -1132.740        -573.143    -735.785              13              38
   77        -448.214    2119.840        -705.995    1196.519              77              73
  105         -55.182     652.299         332.731     438.598             105              84
  208        -212.222     971.601         129.794    1041.389             208             138
  133        1713.908    -617.853        1193.502    -194.514             133              98
  227        -323.281     821.281        -643.869    -172.357             227             148
  119        -119.123    1272.491         533.852    1035.835             119              91
  133         698.472    -151.848        1071.831    -367.345             133             101
  130        -916.884   -1377.188        -215.750    -857.575             130              96
   96        -307.980     140.747        -557.544     627.652              96              82
  162         984.242    -303.861         946.119     176.663             162             112
  196         897.622    -725.537        -224.498    -565.536             196             132
  162         165.477    1453.629          96.452     419.722             162             112
   59          94.567    -548.540         288.437    -416.768              59              64
  151        -138.402     646.248        -483.809     -19.313             151             107
   36        -643.412    1160.051          96.779     628.417              36              52
   87         129.000      -0.074         740.000       0.000              87              34
  149        -643.204   -1160.247          96.778    -628.417             149              37
  218        -138.230    -646.245        -483.809      19.311             218              34
  201          94.539     548.532         288.434     416.768             201              37
  152         165.791   -1453.577          96.452    -419.721             152              34
  189         897.535     725.765        -224.500     565.536             189              37
   21         984.116     304.014         946.120    -176.662              21              34
  161        -308.061    -140.784        -557.544    -627.654             161              37
  192        -917.099    1376.978        -215.751     857.575             192              34
  193         698.477     151.781        1071.829     367.347             193              37
  191        -118.926   -1272.625         533.853   -1035.834             191              34
    6        -323.081    -821.321        -643.870     172.355               6              37
   89        1713.787     618.098        1193.502     194.516              89              34
   29        -212.170    -971.723         129.797   -1041.389              29              37
  141         -55.136    -652.353         332.731    -438.598             141              34
  254        -447.881   -2119.818        -705.992   -1196.521             254              37
  247          46.265    1132.844        -573.144     735.785             247              34
   90         244.503    -717.158         664.571    -311.247              90              37
  249         943.541    -831.977         -24.632    -471.124             249              34
   75         401.465    -292.766          27.194    -858.678              75              37
  192        -788.015    -219.696        -816.517    -587.516             192              34
  234        -799.183     -64.371        -636.062    -216.542             234              37
  200       -1126.517     267.285        -971.087     206.096             200              34
   54         100.825     510.782          78.281     919.787              54              37
   92        1162.980    -341.880         756.955    -581.250              92              34
  247        -985.059   -1203.208        -948.627    -901.053             247              37
  160          98.901    1024.723        -898.576     439.831             160              34
  132       -1383.584    1158.991        -524.359     511.766             132              37
  180         727.153     714.273         222.624    1040.301             180              34
    9         601.304     865.721        1001.956    -319.319               9              37
  239       -1265.940   -1357.394        -442.171    -909.545             239              34
  242        -921.426     215.400        -829.761     359.775             242              37
  113         279.368      73.268         331.683     451.943             113              34
  116          59.200    -300.205         -56.284    -406.155             116              37
  159        -258.862      65.206        -205.400     148.004             159              34
  177        -493.044      27.655        -218.737    -277.526             177              37
   30       -1061.680    -191.815        -479.549     569.204              30              34
  140        1391.116    -337.896         715.305     162.621             140              37
  157        -113.876    -740.477        -279.338    -830.260             157              34
  140        -551.839     450.483        -818.441     612.761             140              37
  240        1331.604     465.096         954.389     421.378             240              34
  105         244.018    -375.771         -74.202    -996.101             105              37
   22       -1242.124     376.842        -197.638      67.515              22              34
  251        -391.669   -2338.168        -367.434    -896.422             251              37
  196         396.727     682.459        -861.443     540.546             196              34
   33         181.612    -226.987         277.587    -451.617              33              37
  197        -242.548    -129.490       -1333.491    -160.143             197              34
  219        -763.515    2366.201        -488.807     692.063             219              37
  148       -1373.122     157.471        -266.141     834.807             148              34
  177        1733.145      37.123         819.763      52.252             177              37
   88       -1344.119     105.983        -717.168    -535.020              88              34
  241        -168.727      83.664         -12.098     559.848             241              37
  166        -310.420    -927.656        -291.042    -824.955             166              34
  212        -954.272     157.810       -1453.424     453.751             212              37
   47         188.202    1729.965        -101.153    1036.314              47              34
  179        -540.917     482.590        -159.692     137.600             179              37
  124       -1177.850     702.935        -513.364     691.795             124              34
  142        -221.049    -298.203         -62.994     713.185             142              37
  230        1191.656     536.352         193.939     843.462             230              34
  244         883.482     502.478         312.923     -61.993             244              37
  237        -813.323    1430.398        -743.174     931.282             237              34
  116        1363.400    1278.519        1257.379    1185.171             116              37
   95         832.976     296.499         729.733    -327.400              95              34
  154         183.274     112.690         666.014    -216.638             154              37
  156        -659.933    -877.093        -428.000    -838.000             156              34
   96        -626.872    1043.593        -547.069     781.564              96              37
  123        -410.325     447.210         503.409     442.002             123              34
  104         740.462   -1371.922         536.711     -18.293             104              37
   27        1127.247      84.541        -181.929    -530.014              27              34
  227       -1119.095    1662.334        -398.489     889.027             227              37
  101        1272.361    -121.219        1323.405     316.467             101              34
   52         395.314    -658.430         323.281   -1080.365              52              37
  104        -831.819    -583.498        -402.474    -318.941             104              34
  215         308.433    -390.475        -244.680    -258.615             215              37
  105        -693.157     670.827        -488.832     154.533             105              34
   86          90.843    -308.495         139.271     187.721              86              37
  219         521.252     146.855        -141.082    -174.112             219              34
  217        -206.426     314.283        -112.948     -94.077             217              37
  139        -374.330     338.576        -661.196     -28.726             139              34
  162        -325.195    1421.705          40.068     786.008             162              37
  179         529.060    -323.959         369.560    -394.605             179              34
   82        -880.756    1376.804        -533.705     -68.666              82              37
  120       -1657.845    -151.698        -126.912      74.229             120              34
   11        -517.596      35.833        -434.668     126.864              11              37
  117       -1023.436    -182.576         -17.525     225.906             117              34
  151         249.709    -338.077        -312.586     -56.417             151              37
  143       -1222.684     319.696        -166.552      99.825             143              34
   92        -263.432   -1208.014        -761.856    -284.325              92              37
  166       -1388.995    1813.200       -1004.371     953.720             166              34
    1        -446.389     244.994         149.791     986.294               1              37
  105        -135.001    -152.215         224.816     286.796             105              34
  248         385.650    -914.294        -400.351     200.627             248              37
   12         456.009    1706.505          34.467     933.391              12              34
  159         312.513    -734.654         107.226    -175.952             159              37
  112        -161.151    2107.167        -718.770    1068.484             112              34
   97         471.450     606.652         950.686     570.608              97              37
    3        -245.443     751.157        -321.684      93.943               3              34
  194        -211.525     318.789         461.399     446.198             194              37
  226        -321.382     266.739        -587.587      33.668             226              34
  203        -172.352    1471.765         229.730     976.044             203              37
  133       -1054.869     491.270        -311.640     103.347             133              34
  206        -587.378    1081.374          72.860    1580.779             206              37
  139        1172.131     447.078        1123.089     380.821             139              34
  254        -195.385     375.163         320.958      41.610             254              37
   54        -919.929     242.118          78.844     248.480              54              34
  149        -311.668     188.351         181.152     730.276             149              37
   95         175.573     457.328        1058.370     709.910              95              34
  124        1022.372   -2146.209        1146.067    -969.861             124              37
   61       -1277.286    -746.420       -1121.756    -539.084              61              34
   92         559.684     105.180          25.051     980.487              92              37
   49         -55.062    1411.790          56.968     299.582              49              34
   42        -175.328    -272.745         741.170     487.825              42              37
   75        -514.156    -193.066        -282.275    -345.628              75              34
  226         -53.271     291.835         500.934    1091.137             226              37
  242         140.403    -423.075         647.817    -925.174             242              34
   92       -2394.142   -1344.593        -854.973     -76.600              92              37
  131       -1075.145    -456.057        -554.273     572.372             131              34
   60        -279.594   -1584.634         -12.011     603.923              60              37
  122        -200.522     113.929       -1033.259     746.405             122              34
  234         783.029     975.451         827.737    2081.771             234              37
  176         437.231    -497.398         361.770      64.226             176              34
  241        1427.768    -186.581         991.349    1480.421             241              37
  192           0.889    -773.875          10.680    -974.974             192              34
  202        -502.842    -393.180        -299.589    2149.840             202              37
  202         489.139    -510.767         132.883    -170.220             202              34
  205         336.034    -282.755        -263.641    3377.031             205              37
  105         457.929    1189.425         280.640     298.476             105              34
    8        -489.995   -1529.002         259.989    9492.539               8              37
