SINAL     NFT                         FFT                         NFT INVERSA     FFT INVERSA
-----     -----------------------     -----------------------     -----------     -----------
  198       32021.000       0.000       16933.248       0.000             198             129
  160          30.682      76.112         253.166   -9626.199             160             116
  211        -137.680     259.436         208.385      46.928             211             135
  235        -319.125    -454.584         350.244   -3236.162             235             154
   74          69.617    -478.221         149.867    -144.371              74              67
  122        -265.471    -787.793          -4.792   -1943.633             122              97
  179         587.530     278.285         -83.409     358.152             179             119
    3        -172.047     409.137         463.092    -764.705               3              38
  247        1506.953    -601.199         856.777     134.767             247             153
  127         432.623    -196.194         414.995   -1470.090             127             100
  132        -109.890     -46.129        -198.654     473.472             132              96
   57        1803.502     602.930        1569.228     147.195              57              65
   61        2509.658   -1908.335        1791.737   -1541.165              61              60
    9        -144.717   -1106.383        -712.116   -1793.843               9              41
  113        1484.915     587.298         565.657     222.748             113              86
   53         -21.933    -467.211         172.572   -1763.354              53              63
    1         -90.404    -248.044        -242.577      -9.034               1              30
  221         408.884    -261.254         144.760   -1061.423             221             147
  179          94.400       8.149         -84.593      74.450             179             119
  148        1099.871    -563.517         329.049   -1181.865             148             110
  181        -693.669    1070.121        -783.318    -286.407             181             120
   70       -1599.697    -125.629        -380.026     -25.923              70              71
  174        1704.246     396.121         236.847     778.413             174             117
  230         263.439     870.004         690.410    -620.948             230             151
  248         362.110    -457.002        -122.525     147.798             248             154
   65         863.178    1448.249         570.516    -220.194              65              69
    6         -53.696      68.599         441.700      86.935               6              33
  182         673.790    -121.607         530.706    -950.477             182             127
  244        -527.942     574.113        -320.360     388.612             244             152
   53        1287.625     726.966        1459.134    -456.760              53              63
  111       -1800.012    -983.592        -346.466    -955.178             111              85
  241         210.155    -892.888         427.478      23.856             241             157
   93         939.106   -1141.713         287.716    -710.311              93              76
    8         543.370     -75.061          69.060    -568.942               8              40
  161        -439.228     201.023        -315.775     -74.331             161             110
  119        1154.809      26.542        1110.464     161.809             119              96
   80        1179.241   -1623.775         535.837   -1799.757              80              70
  155        -924.293     -65.476        -956.600    -706.578             155             114
   66        -131.723     -23.797        -259.059    -351.674              66              63
  135       -1156.384     433.129        -767.694     -40.464             135             104
  134         307.894     142.795         207.673     387.070             134              97
   22         178.870     206.131          74.588    -235.176              22              47
  158         374.079    -123.706         221.174    -142.682             158             109
  226        -300.103     612.454        -293.315    -132.315             226             149
  201         265.509      25.167         865.987     190.897             201             130
  189          36.216   -1757.801        -272.265   -1377.729             189             131
   83         163.735     844.735        -383.215     872.603              83              71
   44        1892.178    -551.858        1147.912    -965.982              44              58
  176        -808.351      56.618       -1057.989    -894.650             176             118
  103        -607.480     602.151        -399.632     147.323             103              88
   80        -227.807     588.420        -382.586     -59.822              80              70
   79       -1189.008     566.217        -511.574     121.398              79              76
  179        -144.592     640.196        -304.092     820.060             179             119
   46         566.585    1035.459         598.614     511.333              46              59
    8         647.506      20.720         517.908      -7.506               8              34
  145         150.707     526.383         134.642    -212.740             145             109
   85          -8.704     276.604         303.675     417.228              85              72
   76        1564.649     -99.423         788.640    -397.763              76              74
  217         127.550     809.808         175.780    -285.622             217             138
   51         194.471    -284.475         573.927    -605.458              51              62
  173         174.919    -506.455        -161.150    -978.028             173             116
   14       -1118.324     764.216        -913.588    -584.931              14              43
  134       -1842.612    1212.447        -624.216     648.291             134              97
  133        -270.563     -16.028          36.756      68.493             133             103
  125        -739.061    1527.941        -203.000     844.000             125              92
  212         527.085     -59.594        1232.997      55.589             212             142
  164        -227.501    -359.105         119.325    -722.292             164             112
  226        -805.803    -511.738           3.217    -463.494             226             149
  107       -1061.518    -260.179        -413.122    -202.702             107              83
  203        -453.115   -1241.699         -35.481    -181.551             203             138
  198         458.419      89.153        -538.066    -162.504             198             129
  219       -1482.960     756.877        -531.892     155.304             219             146
  195        -571.154     181.083        -444.763     891.987             195             127
   96         698.268     718.024         466.127     659.346              96              84
   73         898.735     968.977         685.882     688.657              73              66
   19         865.456    -253.296        1189.837    -815.535              19              46
   59       -1102.383    -211.522        -599.730    -330.165              59              59
   88         286.550    -430.166         635.313    -310.593              88              80
   74       -1168.809    -236.454       -1031.207    -397.221              74              67
   93        -214.063     240.602         418.327     435.034              93              83
   72        -507.478    -866.830        -869.404    -535.285              72              66
  188        -304.355    1699.940        -154.030    1013.368             188             130
  165       -1210.276     201.537        -376.854     225.655             165             112
   65         202.333     748.994         566.054    1426.163              65              69
   12        1321.465    -700.455         782.497    -352.557              12              36
   17         390.729    1016.025         245.612     353.058              17              45
  210        -550.340    -253.030         256.897    -527.944             210             135
  254       -1238.101     -24.531        -667.461     559.521             254             163
  207         418.161     490.909         427.539    1082.603             207             133
  129        1471.274     -89.406        1111.127     526.776             129             101
  210        1596.494      58.653         667.983     -25.065             210             135
   61        1420.980    1096.004        1212.786     232.256              61              67
  179         134.295    -677.191         617.490   -1033.990             179             119
  163         154.060      91.184         258.594     111.932             163             118
  161         524.379    -583.465         642.945    -915.291             161             110
  125        -899.088      56.646        -435.117    -148.978             125              99
   89        -113.059    -317.769         344.284      11.689              89              74
   68         518.977      80.816         295.298      77.514              68              70
  135        -161.398    -655.221         650.801    -527.392             135              97
  129         774.299   -1271.606        -184.419    -482.423             129             101
   50        -493.239    1208.053        -139.121    -165.050              50              55
   35        -552.432    -914.415        -126.578     386.922              35              54
   83        1570.187    1160.916         642.404     198.362              83              71
   89        -352.365     -43.851         657.861    -118.386              89              81
  253         205.832    -802.532         522.592    -911.888             253             156
    9       -1075.602   -1628.548        -560.894    -184.819               9              41
  204        2443.424     406.635         709.593     144.551             204             132
  161        -456.812     -77.701         241.410    -793.393             161             117
  143         176.456    -762.929         106.117    -611.135             143             101
  170        -919.356   -1183.261        -764.423    -758.070             170             121
  228         761.034    1015.547        -358.598     727.798             228             144
   70         535.725     130.590         737.201    -520.990              70              71
   29        -461.864     228.491        -890.029    -693.668              29              44
  160       -1939.271    1110.785        -403.456     482.921             160             116
  174          -9.696    -623.276        -166.727      18.643             174             117
  141        -567.196    1051.940        -135.118     380.875             141             107
  194        -234.805    -346.888          38.136     -25.081             194             127
   54        -550.107     637.479        -301.698     292.141              54              63
   30        -247.273     285.323         123.136     451.483              30              45
    1         361.855     329.779         386.650     195.482               1              37
  179        -493.045     313.593          65.031    -265.693             179             119
   67       -1765.479    -237.414        -340.865     245.539              67              70
  186          46.253    -962.388          34.269     592.381             186             123
  254        1824.298      68.587         667.366     402.209             254             163
   78         234.844     335.975          89.230    -352.887              78              69
   96         246.422     447.394          94.879     729.906              96              84
  242         818.685     959.179         584.736    -298.070             242             151
   51       -1585.332     417.546        -207.670     795.404              51              62
  192        2421.000       0.124        1661.000       0.000             192              33
   79       -1585.312    -417.954        -207.671    -795.405              79              39
  244         818.905    -959.116         584.735     298.071             244              33
  139         246.491    -447.364          94.880    -729.907             139              39
  183         234.924    -335.926          89.230     352.888             183              33
  140        1824.218     -68.246         667.367    -402.208             140              39
   43          45.860     962.367          34.270    -592.381              43              33
  230       -1765.620     237.002        -340.865    -245.540             230              39
   12        -492.951    -313.781          65.031     265.692              12              33
   96         361.907    -329.791         386.650    -195.481              96              39
  161        -247.279    -285.427         123.137    -451.484             161              33
   92        -550.025    -637.594        -301.698    -292.142              92              39
  237        -234.875     346.804          38.136      25.081             237              33
   18        -567.023   -1052.056        -135.118    -380.875              18              39
  249          -9.836     623.246        -166.726     -18.643             249              33
  121       -1939.042   -1111.147        -403.455    -482.922             121              39
   58        -461.643    -228.532        -890.030     693.669              58              33
    7         535.885    -130.485         737.200     520.991               7              39
   22         761.222   -1015.318        -358.597    -727.799              22              33
   69        -919.518    1183.213        -764.425     758.069              69              39
  182         176.428     762.935         106.116     611.136             182              33
   77        -456.672      77.581         241.409     793.394              77              39
  238        2443.512    -406.179         709.594    -144.550             238              33
   99       -1075.933    1628.379        -560.893     184.817              99              39
   96         205.747     802.435         522.590     911.888              96              33
  188        -352.287      43.634         657.860     118.387             188              39
  121        1570.392   -1160.696         642.405    -198.361             121              33
   58        -552.641     914.290        -126.578    -386.923              58              39
   13        -492.975   -1208.135        -139.121     165.050              13              33
   39         774.132    1271.770        -184.420     482.421              39              39
  175        -161.492     655.100         650.800     527.394             175              33
   15         519.001     -80.818         295.300     -77.513              15              39
  209        -113.135     317.676         344.284     -11.689             209              33
  112        -899.008     -56.863        -435.117     148.976             112              39
  235         524.392     583.469         642.943     915.293             235              33
  183         154.154     -91.258         258.595    -111.932             183              39
  234         134.310     677.069         617.488    1033.991             234              33
   86        1421.268   -1095.887        1212.787    -232.254              86              39
  201        1596.490     -58.428         667.983      25.066             201              33
   90        1471.121      89.572        1111.129    -526.774              90              39
  176         418.026    -490.907         427.540   -1082.603             176              33
   24       -1238.226      24.278        -667.460    -559.523              24              39
   44        -550.354     252.837         256.895     527.944              44              33
  200         390.949   -1016.016         245.613    -353.058             200              39
   81        1321.282     700.615         782.496     352.558              81              33
   97         202.278    -749.062         566.057   -1426.161              97              39
  176       -1210.346    -201.819        -376.853    -225.656             176              33
  137        -304.096   -1699.965        -154.027   -1013.368             137              39
  247        -507.644     866.801        -869.405     535.285             247              33
   83        -214.048    -240.657         418.329    -435.032              83              39
   59       -1168.815     236.254       -1031.208     397.219              59              33
  183         286.527     430.166         635.313     310.596             183              39
   60       -1102.333     211.252        -599.730     330.164              60              33
   38         865.529     253.307        1189.836     815.538              38              39
   12         898.891    -968.937         685.883    -688.656              12              33
  238         698.276    -717.926         466.128    -659.344             238              39
  126        -571.260    -181.188        -444.762    -891.988             126              33
  114       -1482.833    -757.101        -531.892    -155.305             114              39
  168         458.457     -88.987        -538.067     162.503             168              33
   83        -453.377    1241.633         -35.481     181.551              83              39
   70       -1061.562     259.928        -413.123     202.701              70              33
  170        -805.811     511.514           3.217     463.495             170              39
   95        -227.460     358.928         119.323     722.292              95              33
  136         527.096      59.491        1232.998     -55.584             136              39
   78        -738.818   -1528.176        -203.000    -844.000              78              33
  246        -270.575      15.922          36.755     -68.494             246              39
  107       -1842.349   -1212.808        -624.214    -648.292             107              33
   51       -1117.982    -764.350        -913.590     584.928              51              39
  172         175.058     506.510        -161.151     978.027             172              33
    3         194.596     284.431         573.925     605.459               3              39
  234         127.869    -809.841         175.780     285.623             234              33
   88        1564.726      99.655         788.639     397.765              88              39
  243          -8.639    -276.670         303.676    -417.228             243              33
  243         150.864    -526.400         134.641     212.740             243              39
  191         647.555     -20.674         517.908       7.506             191              33
   29         566.733   -1035.414         598.614    -511.332              29              39
   97        -144.545    -640.211        -304.091    -820.061              97              33
  117       -1188.888    -566.394        -511.574    -121.399             117              39
   15        -227.615    -588.417        -382.586      59.822              15              33
  152        -607.272    -602.172        -399.632    -147.323             152              39
  215        -808.119     -56.652       -1057.990     894.650             215              33
   19        1892.236     552.212        1147.910     965.984              19              39
  171         163.892    -844.624        -383.213    -872.603             171              33
  116          35.973    1757.842        -272.268    1377.728             116              39
  171         265.561     -25.219         865.988    -190.896             171              33
  188        -299.933    -612.527        -293.315     132.313             188              39
  138         374.138     123.775         221.174     142.683             138              33
  121         178.952    -206.107          74.587     235.176             121              39
  145         307.920    -142.737         207.674    -387.070             145              33
  237       -1156.256    -433.282        -767.694      40.461             237              39
  112        -131.597      23.848        -259.060     351.673             112              33
  205        -924.099      65.419        -956.601     706.575             205              39
   50        1179.183    1623.978         535.834    1799.758              50              33
  117        1154.873     -26.428        1110.465    -161.806             117              39
   73        -439.127    -201.105        -315.775      74.330              73              33
  174         543.481      75.201          69.060     568.943             174              39
   89         938.959    1141.881         287.715     710.311              89              33
  237         209.973     892.844         427.478     -23.856             237              39
   39       -1800.055     983.117        -346.467     955.177              39              33
  157        1287.912    -726.921        1459.134     456.763             157              39
  142        -527.733    -574.267        -320.360    -388.613             142              33
   71         673.913     121.660         530.704     950.477              71              39
  108         -53.547     -68.723         441.701     -86.935             108              33
   96         863.551   -1448.135         570.515     220.196              96              39
   45         362.125     457.058        -122.525    -147.798              45              33
  219         263.707    -869.993         690.408     620.949             219              39
  197        1704.312    -395.803         236.849    -778.414             197              33
  212       -1599.707     125.364        -380.026      25.922             212              39
   64        -693.263   -1070.185        -783.318     286.405              64              33
   89        1099.978     563.781         329.045    1181.866              89              39
  118          94.541      -8.100         -84.592     -74.449             118              33
  152         408.994     261.358         144.757    1061.424             152              39
   59         -90.269     248.053        -242.577       9.034              59              33
  101         -21.750     467.201         172.568    1763.351             101              39
  230        1485.239    -586.998         565.657    -222.747             230              33
   53        -144.649    1106.445        -712.119    1793.839              53              39
  111        2509.573    1908.656        1791.735    1541.167             111              33
   43        1803.640    -602.765        1569.228    -147.193              43              39
  113        -109.836      46.072        -198.653    -473.473             113              33
   33         432.769     196.234         414.991    1470.092              33              39
    6        1506.979     601.375         856.777    -134.766               6              33
   46        -171.851    -409.242         463.090     764.704              46              39
  140         587.770    -278.179         -83.408    -358.153             140              33
  171        -265.350     787.741          -4.796    1943.631             171              39
   32          69.905     478.159         149.867     144.370              32              33
   97        -318.673     454.419         350.236    3236.160              97              39
  202        -136.788    -259.564         208.385     -46.928             202              33
  242          32.401     -76.176         253.144    9626.194             242              39
