SINAL     NFT                         FFT                         NFT INVERSA     FFT INVERSA
-----     -----------------------     -----------------------     -----------     -----------
   44       34361.000       0.000       17536.248       0.000              44              56
   10         390.920     558.218         483.716  -10421.080              10              40
  151       -1072.886    -167.244        -435.850    -222.230             151             109
  151         -29.946    -493.060         294.065   -3514.400             151             110
  183        -249.830    -559.826        -481.406    -238.799             183             125
  118          54.575       9.891         180.765   -2301.958             118              94
  102       -1361.783    -902.666       -1183.204    -260.934             102              85
  140         564.439    1291.462         -96.752    -458.847             140             105
  140        -592.299     416.323         238.405     246.659             140             104
  191         690.306   -1082.615         526.683   -1301.420             191             130
   85        -104.080    -463.666        -580.463    -278.531              85              76
  117        1184.068     333.413         356.473    -481.574             117              93
  155         416.141     386.790        -116.184    -521.558             155             111
   61        -237.786     939.873           5.803    -521.219              61              65
  199        -391.945     -67.409         109.214    -518.889             199             133
   93       -1067.491    -407.815        -531.384    -981.865              93              81
  141        -681.659     200.231        -561.583     349.306             141             104
  172          85.899     409.793         315.997    -382.598             172             121
   38       -1265.135    -672.038        -386.829    -269.781              38              53
  229         309.238    -748.626         -33.626     -19.366             229             149
  208        1297.066    -178.587         462.823    -181.469             208             138
   77         212.506   -1034.082        -163.262   -1334.526              77              73
  203        -304.469     275.273       -1203.308      26.868             203             135
   88         357.558    1333.685         -57.519     287.353              88              79
  130         215.784     835.306        -103.501      68.030             130              99
  245        -209.109     939.357         -62.757     -93.165             245             157
  162         409.695    1326.776         127.424     419.856             162             115
   96        -608.565     988.354         759.658    -767.558              96              83
  149       -2086.343   -1711.111        -832.968    -622.963             149             108
  238         716.522     443.678          37.704     189.042             238             154
  116        -889.940    -304.789        -319.815    -701.721             116              92
  237        -924.136     644.680        -884.395     502.544             237             153
  113         812.024     838.048         933.314     578.195             113              90
   92         -77.797    -718.433          32.775   -1447.347              92              81
   60       -2022.078     822.488       -1167.727     523.772              60              64
   99         500.706     328.257         857.302     206.221              99              84
  144       -1080.933    -870.876        -246.777    -811.380             144             106
   60        -544.537    -611.469        -541.915    -130.386              60              65
  221        -407.776     578.115        -274.918     334.144             221             144
  152         -50.276    -527.221         137.209    -342.592             152             111
  172        -787.848     675.556        -798.771     309.734             172             120
  167          10.464     654.404         839.631     453.534             167             118
   63        -392.264   -1704.638         172.457    -882.031              63              65
   81         322.289   -1359.122        -328.427    -775.538              81              75
  220       -1248.033     352.540       -1485.156    -147.054             220             144
   42          -7.538    1100.103          35.442    1205.194              42              56
   91         658.928     143.789         415.507    -592.907              91              79
    9       -2021.355    -101.216        -863.603    -340.873               9              39
  228       -1001.811    -109.369        -845.140     680.773             228             148
    4         437.327     735.838         333.691     712.331               4              37
  209        -480.286    -331.850        -219.545       6.997             209             138
  243         962.427     392.407         302.128     770.346             243             156
   18         587.836     746.731         384.971    -316.099              18              43
   23        -961.307    -105.955         129.920      69.109              23              46
  199         286.720    -942.290         -90.187    -656.231             199             133
  163       -1478.940     363.922        -670.246     252.849             163             116
  225         221.191    -834.515        -244.918     268.475             225             146
   62         580.742    1750.330         216.604     815.802              62              66
  187        -573.569   -1298.185         517.695    -833.065             187             127
  185        -966.773    -620.172       -1423.118     416.287             185             127
   44        1789.477     953.076         928.872    1188.314              44              56
  147        1019.468     -92.913         317.005    -641.926             147             108
  224        -296.317     710.343        -107.760     270.464             224             146
  243         198.439    -185.345          46.033    -221.913             243             156
  156        -526.039    1110.973        -411.000     667.000             156             112
   54         810.047     275.057        1219.024     489.818              54              62
  198         672.941   -1656.966         323.178   -1226.622             198             133
  250        -248.621     155.519        -730.627    -128.196             250             160
  116        -265.101     294.418        -373.101     142.019             116              92
   52         407.561    1482.297         -32.783     928.695              52              61
   96         361.934     304.302         995.565    -222.688              96              82
   29         -94.268    -544.348        -234.661    -252.658              29              49
  224         441.091     208.431         479.436    -511.019             224             146
  239       -1885.047    -181.843       -1429.270    -242.587             239             154
   58         348.975    1619.855         743.397    1406.319              58              63
  128         -42.269   -1688.506         369.974   -1340.416             128              99
  144       -1095.920     389.588        -927.766     485.234             144             106
   29         173.247    -332.606         349.190      30.504              29              49
  208        -888.421     -78.920        -524.701     109.335             208             138
  210        -106.719    -745.248        -134.093     565.200             210             140
  169        1657.600     558.883         427.181     925.110             169             118
   38        2119.403     -97.971        1318.425    -248.686              38              54
   19         635.956    -419.959         111.168   -1028.314              19              43
    6        -266.704    -538.381        -584.156    -541.506               6              38
    6         187.414    1253.718        -579.934     301.688               6              37
  172        -551.928     595.618          37.851      44.816             172             121
  214        -170.752      71.855        -581.547     128.362             214             141
  155         241.620    1640.790         -70.521     711.367             155             112
  171        -245.967    1069.222         378.712     318.056             171             119
  253        -440.693    -293.875         -63.420     -89.634             253             161
  162          98.104    1106.462        -126.090     895.207             162             115
   39        1246.134     798.767        1093.993     366.242              39              54
   18         269.550     644.095         641.062    -259.918              18              43
  228         -54.871    -832.227         550.736    -830.466             228             149
  200       -1104.393     104.731        -726.769    -252.051             200             134
  185         478.061    -123.746         758.588     315.618             185             127
  136         145.927    -451.972          94.686   -1235.805             136             102
  181       -1742.108   -1019.225        -757.766    -489.972             181             125
    4        -232.835      90.936       -1011.657      13.004               4              36
  192        -957.880    1251.046        -317.525     776.298             192             131
   31         -35.411     303.722         -68.230     265.636              31              49
  148        -134.785     718.163         228.692     396.219             148             109
  130        -520.572     188.924        -131.309    -443.229             130              99
  230       -2249.780      30.600        -819.299     423.898             230             150
   53         -19.904     345.443        -306.113     992.462              53              60
  146          84.840    1269.590         634.556    1199.590             146             108
  178        1006.792    -375.275        1064.304      57.038             178             123
  197         -89.916    -612.169         412.761    -183.052             197             133
    2        1121.940    -757.939         313.947    -116.342               2              35
   70         251.025     485.272         321.774    -234.691              70              70
  251        -468.536    -712.760        -229.958    -285.431             251             159
  203         187.337     581.261          75.494     357.869             203             136
   47        -402.051    -323.692          95.542    -186.358              47              57
  192          10.595    -227.581          14.295     402.876             192             131
  183         954.771    -316.283         385.786     -98.731             183             125
   95         408.148     484.505          19.458     149.433              95              82
   84         168.988     588.975         406.959      40.428              84              76
  101         -47.765    -575.259         360.802    -147.965             101              85
  159         597.674    -374.959          96.455    -477.110             159             113
  110        -476.596    -133.966        -133.647    -233.539             110              90
  140        -376.096    -112.262        -731.251    -232.725             140             104
  100        -797.017    1491.739        -124.109    1332.201             100              85
   27        1556.968    -826.310        1026.300    -256.606              27              47
   75        -178.742    1008.386        -281.107     249.551              75              72
  253        1102.882    -246.714        1188.891    -243.690             253             160
   51       -1093.163    -229.523        -857.572    -978.726              51              60
   78       -1169.373     716.121        -370.800    1032.293              78              73
    0         827.957     105.699         667.238     246.058              -0              35
  119          79.000      -0.035         346.000       0.000             119              37
    8         827.902    -105.647         667.235    -246.057               8              38
  149       -1169.321    -716.351        -370.799   -1032.293             149              37
  157       -1093.093     229.329        -857.575     978.724             157              38
   59        1102.930     246.819        1188.890     243.692              59              37
  218        -178.535   -1008.444        -281.107    -249.553             218              38
  113        1556.787     826.522        1026.300     256.609             113              37
   85        -796.862   -1491.905        -124.105   -1332.202              85              38
   65        -376.112     112.262        -731.251     232.724              65              37
  118        -476.558     133.911        -133.648     233.539             118              38
  230         597.658     375.058          96.453     477.111             230              37
  167         -47.847     575.179         360.802     147.965             167              38
  145         169.123    -589.018         406.958     -40.427             145              37
  235         408.260    -484.423          19.458    -149.433             235              38
   58         954.679     316.463         385.786      98.733              58              37
  218          10.469     227.564          14.296    -402.876             218              38
   68        -402.137     323.570          95.541     186.358              68              37
  133         187.418    -581.247          75.494    -357.869             133              38
  107        -468.645     712.661        -229.959     285.432             107              37
  247         251.161    -485.253         321.774     234.691             247              38
  152        1121.786     758.116         313.947     116.342             152              37
  201         -90.077     612.057         412.761     183.053             201              38
  129        1006.641     375.271        1064.304     -57.036             129              37
  166          84.889   -1269.692         634.559   -1199.588             166              38
  224         -20.050    -345.466        -306.111    -992.462             224              37
   59       -2249.864     -31.019        -819.298    -423.900              59              38
   40        -520.486    -189.084        -131.311     443.228              40              37
  123        -134.645    -718.234         228.693    -396.218             123              38
  163         -35.396    -303.760         -68.230    -265.636             163              37
  120        -957.690   -1251.171        -317.523    -776.298             120              38
   32        -232.829     -90.856       -1011.658     -13.006              32              37
  103       -1742.208    1018.973        -757.766     489.971             103              38
  171         145.995     451.940          94.685    1235.805             171              37
  157         478.070     123.752         758.588    -315.617             157              38
  159       -1104.322    -104.968        -726.769     252.050             159              37
    8         -54.875     832.102         550.734     830.466               8              38
   41         269.783    -644.213         641.060     259.919              41              37
  119        1246.297    -798.659        1093.994    -366.239             119              38
  217          98.234   -1106.466        -126.088    -895.207             217              37
  250        -440.752     293.755         -63.421      89.635             250              38
  114        -245.745   -1069.354         378.713    -318.055             114              37
    5         241.925   -1640.712         -70.519    -711.367               5              38
  170        -170.729     -71.812        -581.547    -128.363             170              37
  125        -551.763    -595.685          37.850     -44.816             125              38
   44         187.714   -1253.568        -579.934    -301.689              44              37
  147        -266.675     538.476        -584.157     541.505             147              38
   96         636.051     420.108         111.166    1028.315              96              37
  207        2119.434      98.329        1318.425     248.689             207              38
  211        1657.539    -558.552         427.181    -925.109             211              37
  189        -107.049     745.279        -134.092    -565.200             189              38
  217        -888.528      78.769        -524.701    -109.336             217              37
  181         173.126     332.620         349.190     -30.504             181              38
  210       -1095.888    -389.749        -927.766    -485.236             210              37
    2         -42.523    1688.419         369.970    1340.417               2              38
  139         349.187   -1619.886         743.399   -1406.316             139              37
  175       -1885.050     181.550       -1429.270     242.584             175              38
  107         441.240    -208.357         479.435     511.020             107              37
  227         -94.299     544.290        -234.661     252.657             227              38
  147         362.037    -304.345         995.565     222.691             147              37
  166         407.810   -1482.231         -32.780    -928.694             166              38
  200        -265.050    -294.370        -373.100    -142.019             200              37
  142        -248.530    -155.450        -730.627     128.194             142              38
   58         672.722    1657.070         323.175    1226.624              58              37
  186         810.055    -275.050        1219.027    -489.814             186              38
  211        -525.882   -1111.080        -411.000    -667.000             211              37
  142         198.428     185.391          46.030     221.911             142              38
  124        -296.141    -710.381        -107.760    -270.464             124              37
  154        1019.512      93.106         317.003     641.926             154              38
  183        1789.509    -952.708         928.874   -1188.312             183              37
  140        -967.035     620.113       -1423.117    -416.291             140              38
   78        -573.797    1298.021         517.692     833.067              78              37
   54         581.011   -1750.250         216.606    -815.802              54              38
  126         220.931     834.613        -244.918    -268.475             126              37
   34       -1478.919    -364.148        -670.245    -252.850              34              38
  231         286.576     942.334         -90.189     656.230             231              37
   91        -961.291     105.703         129.920     -69.109              91              38
  173         588.028    -746.679         384.970     316.100             173              37
  227         962.430    -392.220         302.130    -770.346             227              38
  209        -480.431     331.764        -219.546      -6.997             209              37
  105         437.344    -735.761         333.693    -712.329             105              38
  147       -1001.964     109.240        -845.139    -680.774             147              37
  210       -2021.323     100.875        -863.604     340.870             210              38
  214         659.037    -143.706         415.505     592.908             214              37
  182          -7.399   -1100.058          35.445   -1205.194             182              38
   84       -1247.955    -352.584       -1485.156     147.052              84              37
   97         322.107    1359.294        -328.428     775.537              97              38
  229        -392.547    1704.484         172.454     882.031             229              37
  217          10.562    -654.534         839.633    -453.531             217              38
  161        -787.732    -675.685        -798.770    -309.735             161              37
   93         -50.346     527.214         137.208     342.593              93              38
  122        -407.689    -578.175        -274.919    -334.145             122              37
   32        -544.643     611.410        -541.916     130.386              32              38
  118       -1081.018     870.620        -246.779     811.380             118              37
  157         500.775    -328.287         857.303    -206.218             157              38
  221       -2021.886    -822.844       -1167.727    -523.774             221              37
  107         -77.744     718.380          32.772    1447.349             107              38
   55         812.207    -837.983         933.314    -578.195              55              37
  148        -924.029    -644.809        -884.395    -502.548             148              38
   55        -889.886     304.658        -319.817     701.721              55              37
  138         716.628    -443.529          37.705    -189.042             138              38
   67       -2086.569    1710.678        -832.969     622.962              67              37
   64        -608.177    -988.642         759.657     767.560              64              38
  238         410.092   -1326.765         127.424    -419.856             238              37
  253        -208.813    -939.374         -62.757      93.166             253              38
  193         216.068    -835.227        -103.501     -68.029             193              37
  217         357.882   -1333.500         -57.518    -287.354             217              38
  226        -304.309    -275.117       -1203.308     -26.871             226              37
  162         212.491    1034.246        -163.265    1334.526             162              38
   43        1297.103     178.863         462.822     181.470              43              37
  144         309.062     748.714         -33.626      19.366             144              38
   66       -1265.217     671.780        -386.829     269.780              66              37
   11          86.057    -409.823         315.996     382.601              11              38
  137        -681.555    -200.326        -561.583    -349.306             137              37
   93       -1067.402     407.633        -531.385     981.862              93              38
   29        -391.732      67.282         109.212     518.889              29              37
  186        -237.377    -939.927           5.803     521.219             186              38
  232         416.466    -386.661        -116.185     521.557             232              37
  129        1184.294    -333.122         356.472     481.573             129              38
   79        -104.015     463.740        -580.465     278.530              79              37
  221         690.267    1082.706         526.680    1301.423             221              38
   15        -592.060    -416.501         238.405    -246.658              15              37
   78         564.839   -1291.299         -96.752     458.845              78              38
  110       -1361.676     902.532       -1183.204     260.931             110              37
   75          54.966      -9.851         180.760    2301.959              75              38
  245        -249.474     559.811        -481.407     238.797             245              37
  199         -29.447     493.027         294.056    3514.399             199              38
  106       -1071.973     167.003        -435.850     222.228             106              37
  144         392.897    -558.173         483.691   10421.076             144              38
