SINAL     NFT                         FFT                         NFT INVERSA     FFT INVERSA
-----     -----------------------     -----------------------     -----------     -----------
  245       32133.000       0.000       17286.248       0.000             245             155
  130        -811.383    -958.332          35.985  -10251.632             130             100
   92        -473.917    -296.880        -675.040     464.943              92              78
  150         876.920     167.005         652.645   -2700.871             150             110
   21         923.640     202.085         239.268     197.452              21              43
   42        1271.192     109.795        1082.394   -2053.021              42              56
  248         256.827     -47.278        -146.750    -741.336             248             156
  109        -378.484     182.988         344.676   -1346.916             109              90
  251         523.503    -538.920        -287.557    -865.750             251             158
    9       -2007.109    1719.923        -619.440    -480.500               9              40
   93         540.386    -886.243         809.238     218.072              93              79
  228        -237.752    -435.749        -168.639   -1958.984             228             149
   79       -1825.979    -138.848       -1270.115     529.158              79              72
  194         842.270     915.263         415.601     173.315             194             132
  157          81.392     381.153           0.998     211.883             157             111
  122         396.734    1408.109         493.706      97.308             122              96
  207         -57.745     177.030         714.357     -37.218             207             136
    4        -219.647    -490.501         287.458    -811.515               4              37
  225         -84.069      20.306           7.637     134.199             225             145
   91         -86.586     109.607         564.913    -484.264              91              81
  187        -200.501   -1112.957          -2.946    -322.853             187             126
   10         249.844     204.103          34.225    -359.644              10              40
   73        -326.695    -154.699          68.318      31.362              73              69
  106         -20.974    -391.211          -6.802    -455.372             106              88
   15          72.479       5.328        -214.437     435.564              15              40
   17        1210.806     779.234         449.477      -3.717              17              44
  221        -111.998    1189.439         230.698     223.578             221             143
   36        -329.702     158.577         430.980    -294.541              36              53
  128        -306.193     345.771         215.472     366.660             128              96
  142         237.390    -917.759         827.838    -724.608             142             106
   65        -399.023    -440.779        -698.478      14.240              65              65
  242        1011.667     930.581         912.743     330.960             242             156
   36        -640.733    -182.114         -37.278    -522.061              36              50
  163        -516.124    -455.059         285.073     241.775             163             117
   52        1126.336    -705.551          64.060    -126.399              52              58
  147         339.511    1241.365         387.221     401.635             147             109
  101         663.678     -32.085         433.014      28.643             101              83
  229         362.371    1063.591         829.882     288.155             229             150
   38         900.807   -1256.698         833.078    -697.500              38              51
  137         137.751     574.007         -12.898    -370.918             137             104
    6        -191.360     114.758         268.796      26.493               6              35
  162          49.933     586.467         452.082     201.570             162             116
  130        1352.307    -450.769        1309.694    -151.007             130              97
  198         437.020    -383.247         525.869   -1432.799             198             134
   38       -1103.763    -133.349        -322.300    -357.294              38              51
   57        -689.273    -145.811         364.893    -628.194              57              64
  119       -1300.564   -1299.109        -588.204    -345.966             119              92
  221        -139.308     700.483         239.858     229.885             221             146
  204        -893.990   -1482.860         296.068     -87.890             204             134
  102        1733.989    -862.079         649.888    -531.996             102              86
  207       -1313.310    -111.226        -372.901    -456.149             207             136
  248         620.669   -1409.684         780.006    -213.132             248             159
   29        -209.388   -1410.473        -816.929   -1347.022              29              47
  172       -1037.950    1064.485        -514.043     969.577             172             121
  233         493.242   -1240.269         475.429    -289.751             233             149
  126         678.774      93.672         154.172     231.360             126              98
  251         808.684   -1179.589         386.219   -1017.665             251             158
   22        -656.451     558.702        -939.801      87.479              22              46
  229         495.935     183.510         425.073      95.195             229             147
   60        -409.349     461.365        -340.113    -246.585              60              65
   61        -529.410     109.640        -112.754      21.187              61              63
  181        -849.414    1187.948        -270.330     394.091             181             126
  211        -995.551    -697.496         597.089    -113.381             211             138
   13       -1233.912   -1540.521        -834.089    -423.786              13              42
  131        -205.928    -290.988        -384.000    1030.000             131              98
   67        1388.229     673.177         337.434     647.847              67              69
  254         -83.994     919.737         534.889     689.929             254             159
   57        1056.945    -896.988        1203.156      33.814              57              64
   85         491.410   -1525.305         -17.308    -976.122              85              75
  194        -239.516     910.586        -497.674     992.456             194             132
  170        1700.183    -307.125        1461.459     283.423             170             117
   92        1185.572    -476.407         458.732    -529.587              92              81
  153         515.544    -876.276         453.501    -873.772             153             109
  197        -800.048     -49.348       -1137.693     -59.457             197             134
  120         780.826     457.970         785.457     740.447             120              92
  246         691.735    -566.354        -220.777    -450.394             246             158
  147         671.865    1516.618         538.372     729.227             147             106
   77        -287.250    -509.106         122.809    -467.171              77              74
  138         681.960     278.874         573.561     668.205             138             101
  197         691.281   -1166.238         314.109    -924.010             197             134
  241         580.409     667.020        -159.213     789.386             241             153
  164        1824.175     318.779        1056.728    -455.924             164             117
  106        -494.712     704.043        -196.970    -227.550             106              85
  130        -284.871    -286.133         371.102    -294.514             130             100
  142        -146.787    -605.928        -446.114    -154.500             142             103
   35         586.748    1168.967          28.063     421.688              35              53
   90        -337.580     981.108         293.147     140.973              90              77
   62       -1232.260     109.310        -166.207      99.624              62              66
   54         -92.541     -72.156         462.788     930.057              54              59
   76        1307.275   -1042.687         767.949    -384.850              76              73
  122         257.278     566.582        -200.421     613.713             122              93
  179        1754.943     634.447        1456.541     446.332             179             125
  146         829.946    -483.042         818.298    -660.704             146             105
   76         327.420    -693.487         432.059    -794.272              76              73
   72       -1056.701    -652.363        -760.351    -366.582              72              68
  204         577.784     301.539         140.084    1200.807             204             137
  225        2986.694     424.103        1371.278     111.940             225             145
  141         470.466    1172.653         524.112    -389.727             141             106
  175         312.531      77.075         811.383     -51.380             175             120
  213         322.912      23.171         545.101    -489.384             213             142
  152         621.683     -98.394        1069.940      80.685             152             108
  171        1213.676   -1478.885        1347.382   -1652.206             171             121
  180        -477.435   -2070.300        -344.489   -1551.072             180             122
   61        -159.343    -632.044        -586.281   -1142.116              61              66
  232       -1567.591    -390.746       -1044.726     -79.009             232             148
   90        1220.953     382.013         185.838     -82.665              90              80
  124       -1869.730     383.072        -538.942    -549.169             124              94
  212        -451.709   -1245.717        -393.950     -72.020             212             141
  121        -198.243     748.280        -670.062      97.529             121              93
   38        -360.722     461.567          58.287     452.802              38              54
  247         151.239     341.091        -161.555    -122.326             247             156
   72       -1045.493    1167.347         -97.777     328.780              72              71
    8       -1248.590    -465.331         -71.213      16.058               8              36
   24        -375.424    -425.317        -112.953     331.837              24              47
  224        -244.589     -31.534        -128.053     238.109             224             144
  254        -177.544     342.890         165.893     934.447             254             162
   46        1550.006    -399.208        1149.552      52.529              46              55
  137        -282.801    -470.641          32.489    -459.805             137             104
   55         710.069    -563.866         432.658     303.362              55              60
   62         920.771    -287.765         571.610    -699.649              62              66
  140        -628.582   -1044.766        -208.583    -683.994             140             102
  157        -991.803    -860.483        -949.311    -665.855             157             114
   42       -1652.685      -7.105       -1467.496    1145.452              42              53
   89        2026.736    1238.012         559.735    1685.583              89              80
  249        1487.930    1436.616        1034.618     609.046             249             157
  123         534.595     217.673        1101.972     -58.372             123              97
    3         197.518   -1575.671         213.784    -471.554               3              34
   69        1321.031     617.236         163.914     378.643              69              70
   33         459.000       0.018         810.000       0.000              33              35
  235        1321.102    -616.982         163.911    -378.644             235              38
  208         197.203    1575.667         213.783     471.554             208              35
  181         534.638    -217.753        1101.970      58.373             181              38
   99        1488.131   -1436.436        1034.619    -609.044              99              35
  143        2026.693   -1237.579         559.738   -1685.582             143              38
  188       -1652.930       6.990       -1467.494   -1145.455             188              35
  210        -991.979     860.423        -949.313     665.853             210              38
  162        -628.684    1044.665        -208.584     683.994             162              35
  232         920.776     287.886         571.608     699.651             232              38
   47         709.922     563.952         432.659    -303.362              47              35
  120        -282.902     470.532          32.487     459.805             120              38
   10        1549.861     399.373        1149.552     -52.526              10              35
  171        -177.654    -342.993         165.895    -934.447             171              38
  173        -244.721      31.466        -128.053    -238.109             173              35
   74        -375.620     425.203        -112.951    -331.838              74              38
  143       -1248.735     464.991         -71.213     -16.058             143              35
    3       -1045.251   -1167.614         -97.777    -328.780               3              38
  135         151.341    -341.071        -161.556     122.326             135              35
  127        -360.640    -461.622          58.289    -452.802             127              38
    8        -198.118    -748.225        -670.063     -97.530               8              35
   63        -451.939    1245.680        -393.950      72.020              63              38
   68       -1869.553    -383.414        -538.943     549.168              68              35
  172        1221.111    -381.746         185.838      82.667             172              38
  156       -1567.597     390.581       -1044.726      79.008             156              35
   81        -159.278     632.116        -586.283    1142.115              81              38
  166        -477.571    2070.219        -344.490    1551.071             166              35
   96        1213.609    1478.915        1347.379    1652.208              96              38
  198         621.752      98.295        1069.939     -80.683             198              35
  246         323.002     -23.276         545.100     489.384             246              38
  229         312.662     -77.184         811.384      51.382             229              35
  148         470.839   -1172.664         524.113     389.727             148              38
   14        2986.787    -423.602        1371.278    -111.939              14              35
  239         577.671    -301.405         140.087   -1200.808             239              38
  111       -1056.834     652.207        -760.351     366.579             111              35
  249         327.407     693.483         432.057     794.272             249              38
   50         829.954     483.052         818.296     660.705              50              35
  177        1755.028    -634.260        1456.541    -446.329             177              38
  130         257.304    -566.537        -200.419    -613.714             130              35
  130        1306.996    1042.868         767.947     384.851             130              38
  192         -92.723      72.011         462.790    -930.056             192              35
   25       -1232.292    -109.655        -166.207     -99.625              25              38
   57        -337.346    -981.263         293.148    -140.973              57              35
  153         586.980   -1168.836          28.063    -421.689             153              38
  112        -146.886     605.942        -446.114     154.500             112              35
  237        -284.869     286.017         371.101     294.515             237              38
   31        -494.440    -704.179        -196.970     227.550              31              35
   57        1824.334    -318.476        1056.727     455.926              57              38
   30         580.514    -666.860        -159.212    -789.386              30              35
  160         691.080    1166.368         314.106     924.010             160              38
   92         681.963    -278.812         573.563    -668.204              92              35
   76        -287.338     508.981         122.807     467.170              76              38
   68         672.155   -1516.516         538.372    -729.226              68              35
  249         691.633     566.518        -220.778     450.393             249              38
  112         780.835    -457.820         785.459    -740.446             112              35
  205        -800.060      49.289       -1137.693      59.454             205              38
  206         515.491     876.392         453.500     873.773             206              35
  110        1185.537     476.568         458.732     529.588             110              38
   47        1700.040     307.343        1461.460    -283.420              47              35
  171        -239.472    -910.596        -497.671    -992.459             171              38
  124         491.123    1525.416         -17.310     976.122             124              35
  195        1056.702     897.022        1203.157     -33.811             195              38
  102         -83.935    -919.864         534.889    -689.928             102              35
   55        1388.194    -672.916         337.436    -647.845              55              38
  184        -206.217     291.035        -384.000   -1030.000             184              35
   91       -1234.324    1540.287        -834.092     423.782              91              38
   33        -995.715     697.153         597.089     113.382              33              35
  194        -849.202   -1188.204        -270.330    -394.093             194              38
  229        -529.342    -109.751        -112.755     -21.188             229              35
  159        -409.191    -461.443        -340.113     246.584             159              38
  134         496.010    -183.408         425.073     -95.194             134              35
   38        -656.298    -558.727        -939.800     -87.481              38              38
  108         808.560    1179.779         386.217    1017.665             108              35
   38         678.770     -93.543         154.173    -231.360              38              38
  234         492.939    1240.325         475.428     289.752             234              35
    4       -1037.819   -1064.634        -514.040    -969.578               4              38
  239        -209.575    1410.526        -816.932    1347.020             239              35
  219         620.415    1409.727         780.006     213.134             219              38
   44       -1313.285     110.936        -372.902     456.149              44              35
   26        1733.848     862.336         649.887     531.998              26              38
  214        -894.327    1482.568         296.068      87.890             214              35
    3        -139.228    -700.619         239.858    -229.886               3              38
   17       -1300.775    1298.807        -588.205     345.965              17              35
  143        -689.207     145.543         364.893     628.194             143              38
  101       -1103.609     133.048        -322.301     357.293             101              35
  164         437.177     383.202         525.866    1432.800             164              38
  210        1352.322     450.830        1309.693     151.010             210              35
   43          50.046    -586.605         452.083    -201.569              43              38
  237        -191.270    -114.888         268.796     -26.493             237              35
   50         137.964    -574.028         -12.899     370.917              50              38
   75         900.678    1256.735         833.077     697.501              75              35
  156         362.592   -1063.675         829.884    -288.154             156              38
  105         663.705      32.111         433.014     -28.644             105              35
  189         339.742   -1241.326         387.222    -401.635             189              38
   28        1126.175     705.758          64.058     126.399              28              35
   50        -516.265     454.894         285.075    -241.772              50              38
  148        -640.702     181.882         -37.279     522.060             148              35
  171        1011.858    -930.468         912.743    -330.960             171              38
   17        -399.101     440.707        -698.478     -14.242              17              35
   48         237.258     917.684         827.836     724.609              48              38
   35        -306.114    -345.980         215.472    -366.661              35              35
   62        -329.603    -158.773         430.978     294.541              62              38
   54        -111.672   -1189.547         230.698    -223.578              54              35
   50        1210.998    -779.013         449.476       3.718              50              38
  112          72.467      -5.275        -214.437    -435.565             112              35
  113         -21.029     391.203          -6.803     455.371             113              38
  208        -326.673     154.601          68.318     -31.362             208              35
   57         249.932    -204.070          34.224     359.644              57              38
  110        -200.641    1112.864          -2.947     322.853             110              35
  238         -86.499    -109.741         564.912     484.265             238              38
   47         -83.991     -20.402           7.637    -134.199              47              35
   33        -219.633     490.342         287.456     811.516              33              38
   39         -57.592    -177.219         714.357      37.219              39              35
  152         397.077   -1408.140         493.705     -97.309             152              38
  236          81.547    -381.162           0.999    -211.883             236              35
  156         842.432    -915.103         415.602    -173.315             156              38
   16       -1825.932     138.594       -1270.115    -529.161              16              35
  118        -237.606     435.707        -168.643    1958.983             118              38
  225         540.370     886.211         809.238    -218.071             225              35
   82       -2006.592   -1720.318        -619.441     480.499              82              38
  232         523.752     539.029        -287.559     865.749             232              35
  120        -378.120    -183.087         344.673    1346.915             120              38
  178         257.240      47.292        -146.751     741.336             178              35
   16        1271.620    -109.618        1082.389    2053.022              16              38
  200         924.068    -201.951         239.269    -197.452             200              35
  208         877.401    -166.849         652.639    2700.869             208              38
  100        -473.238     296.817        -675.040    -464.945             100              35
   20        -809.859     958.130          35.961   10251.627              20              38
