SINAL     NFT                         FFT                         NFT INVERSA     FFT INVERSA
-----     -----------------------     -----------------------     -----------     -----------
  171       31702.000       0.000       18003.248       0.000             171             119
  182       -1325.788   -1913.546        -405.735  -10571.773             182             128
   12        -172.092     312.925        -259.274     238.570              12              40
   72       -2064.099    -693.832        -492.215   -3484.267              72              73
  242        -125.963    -269.914        -486.749    1046.017             242             155
  107         815.803     576.901         756.382   -1443.775             107              90
   93         434.022      80.296         301.319     -36.320              93              80
   87       -1310.349     385.957          73.448   -1311.978              87              80
  205          33.764   -1214.037         467.975     527.194             205             136
  188        1502.601   -1068.258         781.316   -1748.393             188             131
   69        -325.421    -215.302        -570.368    -158.624              69              68
   38         323.815     270.813         445.284    -702.340              38              56
   68        -280.110    -389.834        -308.598    -111.530              68              68
   13         729.354     532.904         689.637    -274.359              13              43
   97          33.560    -639.519         -27.913    -885.217              97              82
  245       -1223.851    1122.010        -331.078     304.859             245             159
   38        1558.133    -989.350        1545.744    -237.835              38              53
   25        -655.086    -937.904        -306.209   -1837.844              25              49
  246        -589.407    -998.521        -333.362     -52.595             246             157
  147         -86.029    -254.287        -512.895   -1004.379             147             110
  156       -1054.872     780.011        -579.368     672.261             156             112
   86        -549.850     -96.581         279.080    -505.317              86              80
    5       -1168.587    -992.191        -661.866     339.171               5              36
  240         922.886       1.002         542.704     160.813             240             157
   27         315.254   -1350.172          -6.392    -320.403              27              47
   99         868.726     371.123        -308.612    -189.586              99              86
  153        -460.698     840.132        -360.212     630.704             153             110
  131        1002.981     962.470         592.370     518.949             131             102
   21         398.750     356.398         587.080      54.862              21              44
  181         151.529     -42.987         506.717    -247.210             181             127
  184         705.649   -1083.563         298.434    -192.007             184             126
  109        1429.789    1048.694         235.731    -498.742             109              91
  241       -2209.510     915.068        -455.120       7.253             241             154
   93         -63.843    -174.526         510.664     639.811              93              83
  155         697.071    -893.216         810.899    -363.891             155             111
  170         711.756    -792.770         360.829    -456.684             170             122
  219         296.474    -974.240          19.289    -761.111             219             143
  219         166.360     420.436        -480.471      67.850             219             146
  155          15.567     591.853         306.890     118.969             155             111
    2         264.063     250.516         286.732      44.077               2              38
  193        -417.242    -697.399         427.181    -799.129             193             130
   89        -851.804    -878.923        -954.644     169.027              89              81
   53        1809.640     633.361        1174.841     441.281              53              60
  211        -188.141   -1060.529        -166.607   -1104.311             211             142
  106         129.196     173.773          19.115      62.558             106              87
  187        -551.822    -963.563        -571.096    -742.643             187             130
  247        -113.291     854.970        -514.870     610.570             247             157
  222        -505.334     164.481        -285.631     149.727             222             148
   46         560.186    1007.792         102.437     835.956              46              57
  137        -643.380     364.869         -22.598     -38.394             137             105
  165        -149.687     689.896         -12.322    1291.688             165             116
   44        1310.744      43.801        1356.952     371.286              44              59
  222        1264.637   -1348.630         613.227    -595.309             222             145
  137         108.358     155.025        -648.195     -27.564             137             105
  131        1640.568    1571.503         720.311    1458.058             131              99
  152        1527.559     986.875        1285.295    -392.888             152             113
  189         -46.805     -69.185         648.326     181.677             189             128
   45        2022.997    -773.109        1096.613    -925.786              45              59
   38        -619.622     356.795        -325.534    -454.552              38              53
  248         392.044      57.458         433.752     137.260             248             161
  206         735.011      -0.384         678.093    -398.843             206             137
  216        -378.573    -892.990        -192.370    -897.960             216             145
   76        -172.884     613.181        -453.358     605.981              76              72
  119        1059.140     479.847         847.767     173.867             119              96
  153         400.977      79.006         253.000    -276.000             153             110
  233         -42.241     347.782          93.784      55.990             233             153
  200        1127.868     341.749         658.910     511.364             200             134
   90        1751.203     835.687         889.914    -517.035              90              82
  113        -956.075    1502.404         285.314      98.188             113              90
   45         369.128    -659.348        1238.515    -351.369              45              59
  156         199.583    -517.663         608.906    -789.077             156             112
    2        -244.360   -1694.120         559.121   -1112.010               2              38
    8         331.812   -1331.062        -365.095    -750.800               8              38
  177         893.883     465.243         402.599    -448.368             177             125
  113       -1110.138    -472.285        -229.606   -1260.610             113              90
   87       -1881.656    -954.151       -1149.164    -363.149              87              80
  153         170.653     901.356        -315.085     964.414             153             110
  140         697.709     556.952        1107.783    -103.995             140             107
  168        -886.155    -930.859        -143.917    -831.426             168             118
   21        -388.013    -748.453         115.616    -137.047              21              47
  232         255.182   -1618.961        -317.811    -858.938             232             150
  162         -75.802    1097.815        -823.919     390.345             162             118
   17        -297.416    1160.894         380.095     504.656              17              42
   93         234.590    -429.771         454.492    -106.858              93              83
  193         118.235     -27.632         187.580    -561.510             193             130
  186       -1393.248    -244.083        -604.725      -3.811             186             130
  197         521.138     575.455         272.551     615.452             197             132
   41        -444.924     461.634         466.722     328.164              41              57
   77        1765.921    -904.349        1490.626      77.754              77              72
   82        1107.195    -596.950         723.386   -1550.700              82              78
  254       -1424.489    -544.630         -18.260    -794.437             254             161
  121       -1110.156   -2458.699        -196.457   -1339.649             121              97
   97        -740.977   -1905.398        -941.476    -410.224              97              82
  187         692.069   -1079.717        -535.924    -416.234             187             130
  208         -54.354     821.206        -972.576     386.956             208             138
  146         361.541    1129.979         338.028     463.364             146             110
  186        -502.484    -630.901        -112.880    -394.747             186             127
  204         460.999      35.790        -362.762     282.566             204             139
  225         271.005    1219.838         325.490     193.558             225             146
  152        -493.953    -928.536          -1.851    -334.547             152             113
  240         616.055     445.397        -244.655      97.699             240             154
   14        -604.022     832.577          50.587     353.240              14              44
  173         796.229    -122.317         801.131      58.782             173             120
   18        -248.828   -1258.833          96.963    -975.575              18              46
  195         742.788    -154.382        -357.410       8.140             195             131
   13        -202.160     829.642         286.643    -494.834              13              43
   46       -1293.853   -1456.868        -714.106    -710.160              46              57
   86        -597.591     559.575        -986.279     414.421              86              80
  175         253.424     773.564         289.308     685.782             175             121
  145        -394.467     -96.765         -48.527    -377.686             145             109
  255         -36.534    -429.911        -222.837     323.422             255             161
  137         263.432    1004.529        -367.648    -106.169             137             105
  166       -1441.503    1283.722        -174.371    1239.270             166             117
  198        1531.980    -234.243        1238.108      99.962             198             136
  147        -394.041    -477.218         318.789    -545.828             147             107
  201          93.541   -1591.796         -65.457    -635.904             201             137
  242         -73.009    -346.353        -503.907    -131.844             242             155
  108         286.550    -248.629        -537.744      89.001             108              91
   77         940.682    1475.935          38.512     758.045              77              72
  117         213.188     622.514          -6.308    -282.995             117              95
   50        -429.567    1998.705        -153.211    1110.378              50              59
  194         506.684     131.997         956.730    -294.207             194             134
  199        -729.940     808.265        -219.297     396.968             199             133
  213         564.526    -624.989        1021.161    -519.685             213             143
    8       -1007.536     219.474        -947.170     -54.627               8              38
  134         423.435     546.829        1032.971     437.568             134             104
   71        -314.424   -1041.952        -401.403    -913.265              71              69
  188        -523.136    1642.336        -247.354     802.845             188             131
   66        -448.000      -0.137         847.000       0.000              66              37
  126        -522.834   -1642.477        -247.355    -802.845             126              40
  147        -314.539    1041.872        -401.405     913.264             147              37
  237         423.535    -546.857        1032.970    -437.564             237              40
  203       -1007.465    -219.681        -947.170      54.626             203              37
  231         564.469     624.979        1021.159     519.687             231              40
  218        -729.763    -808.515        -219.296    -396.968             218              37
  110         506.760    -132.038         956.729     294.210             110              40
  101        -429.186   -1998.832        -153.209   -1110.379             101              37
   10         213.383    -622.434          -6.310     282.995              10              40
  229         940.954   -1475.661          38.514    -758.045             229              37
  124         286.468     248.845        -537.744     -89.002             124              40
  192         -73.093     346.466        -503.907     131.843             192              37
  128          93.260    1591.826         -65.459     635.903             128              40
   39        -394.088     477.047         318.788     545.829              39              37
  243        1531.879     234.354        1238.109     -99.959             243              40
   94       -1441.358   -1284.053        -174.370   -1239.270              94              37
  224         263.625   -1004.427        -367.650     106.168             224              40
  121         -36.632     429.962        -222.836    -323.422             121              37
   49        -394.488      96.674         -48.528     377.686              49              40
  173         253.529    -773.515         289.310    -685.781             173              37
  166        -597.547    -559.562        -986.278    -414.423             166              40
   66       -1294.040    1456.679        -714.107     710.158              66              37
   54        -201.880    -829.691         286.642     494.835              54              40
  116         742.834     154.588        -357.410      -8.141             116              37
   98        -248.994    1258.779          96.961     975.575              98              40
   68         796.223     122.341         801.131     -58.781              68              37
   71        -603.870    -832.724          50.588    -353.239              71              40
   99         616.151    -445.241        -244.655     -97.699              99              37
  128        -494.095     928.436          -1.851     334.547             128              40
  151         271.257   -1219.805         325.491    -193.557             151              37
   19         460.994     -35.626        -362.761    -282.566              19              40
   14        -502.585     630.823        -112.880     394.747              14              37
  243         361.754   -1129.890         338.028    -463.363             243              40
    4         -54.210    -821.011        -972.575    -386.958               4              37
  183         691.837    1080.074        -535.926     416.233             183              40
  211        -741.377    1905.400        -941.476     410.222             211              37
  158       -1110.553    2458.446        -196.459    1339.649             158              40
  100       -1424.401     544.239         -18.261     794.436             100              37
  125        1107.301     597.023         723.383    1550.701             125              40
    9        1765.761     904.481        1490.626     -77.752               9              37
   10        -444.913    -461.871         466.722    -328.163              10              40
   95         521.176    -575.427         272.552    -615.452              95              37
  149       -1393.294     243.816        -604.724       3.810             149              40
  208         118.312      27.598         187.580     561.510             208              37
   74         234.541     429.709         454.492     106.859              74              40
   59        -297.204   -1161.010         380.096    -504.656              59              37
  247         -75.577   -1097.706        -823.917    -390.347             247              40
   65         254.920    1619.099        -317.811     858.938              65              37
   81        -388.148     748.342         115.616     137.048              81              40
    2        -886.236     930.590        -143.918     831.427               2              37
  204         697.867    -556.957        1107.783     103.997             204              40
  102         170.743    -901.303        -315.083    -964.415             102              37
   38       -1881.794     953.874       -1149.164     363.146              38              40
  201       -1110.000     472.046        -229.608    1260.609             201              37
   20         894.153    -465.077         402.599     448.369              20              40
   22         331.673    1331.153        -365.096     750.799              22              37
   11        -244.545    1693.957         559.119    1112.011              11              40
    3         199.619     517.491         608.905     789.077               3              37
  126         369.103     659.148        1238.515     351.371             126              40
   20        -955.642   -1502.772         285.314     -98.188              20              37
  232        1751.529    -835.459         889.913     517.037             232              40
  147        1127.945    -341.599         658.911    -511.363             147              37
    8         -42.157    -347.824          93.786     -55.988               8              40
  119         401.069     -78.983         253.000     276.000             119              37
  104        1059.238    -479.709         847.765    -173.867             104              40
   11        -172.789    -613.177        -453.356    -605.983              11              37
  220        -378.634     892.926        -192.373     897.959             220              40
  161         735.112       0.432         678.093     398.844             161              37
   69         392.101     -57.456         433.753    -137.260              69              40
  229        -619.414    -356.924        -325.535     454.551             229              37
  241        2022.984     773.386        1096.610     925.787             241              40
   42         -46.753      69.023         648.326    -181.676              42              37
  159        1527.816    -986.747        1285.293     392.889             159              40
  212        1640.791   -1571.208         720.314   -1458.056             212              37
  185         108.344    -154.888        -648.196      27.562             185              40
  159        1264.395    1348.837         613.226     595.310             159              37
  108        1310.617     -43.702        1356.952    -371.283             108              40
  244        -149.731    -689.996         -12.320   -1291.688             244              37
  202        -643.370    -365.018         -22.598      38.395             202              40
   21         560.315   -1007.689         102.438    -835.956              21              37
  110        -505.359    -164.521        -285.632    -149.728             110              40
   41        -113.158    -854.894        -514.868    -610.571              41              37
    4        -551.954     963.550        -571.098     742.641               4              40
  237         129.285    -173.718          19.114     -62.558             237              37
  209        -188.227    1060.490        -166.610    1104.311             209              40
  206        1809.729    -633.062        1174.842    -441.278             206              37
  169        -852.029     878.804        -954.643    -169.030             169              40
    2        -417.310     697.251         427.180     799.129               2              37
  140         264.163    -250.565         286.731     -44.078             140              40
   63          15.712    -591.871         306.889    -118.968              63              37
    2         166.489    -420.337        -480.471     -67.851               2              40
    8         296.371     974.344          19.287     761.111               8              37
  249         711.652     792.855         360.828     456.685             249              40
    3         696.876     893.224         810.898     363.893               3              37
  117         -63.968     174.347         510.667    -639.808             117              40
   84       -2209.254    -915.553        -455.120      -7.253              84              37
   73        1430.145   -1048.423         235.729     498.741              73              40
  112         705.495    1083.689         298.433     192.008             112              37
  159         151.547      42.911         506.717     247.210             159              40
  237         398.858    -356.426         587.080     -54.861             237              37
   83        1003.125    -962.337         592.372    -518.948              83              40
   29        -460.559    -840.149        -360.211    -630.705              29              37
   52         868.809    -370.838        -308.613     189.585              52              40
  213         314.997    1350.291          -6.393     320.403             213              37
   39         922.777      -0.847         542.703    -160.812              39              40
  173       -1168.852     991.972        -661.866    -339.171             173              37
  102        -549.868      96.402         279.079     505.318             102              40
  175       -1054.679    -780.187        -579.367    -672.263             175              37
  214         -85.978     254.351        -512.898    1004.377             214              40
   74        -589.481     998.450        -333.362      52.595              74              37
   68        -655.058     937.741        -306.212    1837.845              68              40
   85        1558.059     989.458        1545.744     237.836              85              37
   46       -1223.601   -1122.310        -331.078    -304.863              46              40
   12          33.636     639.486         -27.915     885.218              12              37
  165         729.565    -532.827         689.637     274.360             165              40
    4        -280.064     389.768        -308.599     111.530               4              37
  148         323.998    -270.774         445.283     702.341             148              40
   91        -325.273     215.282        -570.368     158.623              91              37
  159        1502.559    1068.500         781.312    1748.395             159              40
   99          33.599    1213.906         467.976    -527.194              99              37
   52       -1310.100    -386.331          73.445    1311.975              52              40
   35         434.327     -80.320         301.319      36.321              35              37
  206         816.124    -576.805         756.378    1443.776             206              40
   35        -125.799     269.892        -486.747   -1046.017              35              37
   11       -2063.748     693.425        -492.223    3484.262              11              40
   43        -171.211    -312.990        -259.274    -238.570              43              37
  107       -1324.425    1913.205        -405.759   10571.767             107              40
