SINAL     NFT                         FFT                         NFT INVERSA     FFT INVERSA
-----     -----------------------     -----------------------     -----------     -----------
   42       32334.000       0.000       18163.248       0.000              42              56
   51         338.381   -1279.045         -21.890  -10671.005              51              62
    3       -1205.988     315.772        -188.169      73.481               3              36
  248          42.665   -1751.671         109.282   -3697.091             248             160
  187        -452.919    -225.114        -658.305     -85.564             187             128
  107        -134.755    -373.516         -29.058   -1308.347             107              90
  223        1869.982    -856.504         673.198     -47.457             223             146
  250         733.999     -59.682        -199.013   -1917.868             250             161
   65         335.250     467.732          47.103     416.589              65              67
  156        1007.010      58.314         532.332   -1570.198             156             114
  164        -583.152    -796.619         -93.579    -388.199             164             117
   33        1433.971   -1131.766         -61.090   -1542.468              33              53
   86        -178.603    1033.386        -683.974    -180.987              86              78
  216        -375.911     453.699        -124.357    -586.098             216             144
   83         574.466    -507.257         280.336    -242.836              83              76
   90         261.162     -41.942        -753.334   -1651.863              90              81
  186       -2223.401    2185.969        -929.470    1138.062             186             128
   36         678.385   -1310.149        1154.638    -711.668              36              54
  227         243.522   -1381.699        -509.478    -786.544             227             148
   40         832.454    -389.088        -318.482   -1084.059              40              56
  178        -979.334     724.628       -1405.316      95.764             178             124
   20         902.916    1302.505         169.644      77.100              20              46
  149       -1353.635     651.747        -873.731    -264.515             149             109
  201         297.114    1422.834        -139.946     739.334             201             137
   99         117.094    1058.462         849.046    -107.878              99              84
  188        -293.056   -1608.553        -204.071   -1613.469             188             130
  123       -2102.805    1163.857       -1615.249      82.981             123              96
  121        -699.051    -501.435         -56.148     180.266             121              97
   96        -484.012     471.959       -1300.269      86.361              96              83
  165         -67.414    1917.196         120.720    1406.592             165             119
  144         714.100     631.300         507.485    -239.358             144             107
  113       -1393.383     694.162        -308.312     203.809             113              93
  208         124.162     147.952         332.152     301.416             208             139
  251        -192.805    -554.558         528.520    -242.201             251             162
  232         697.769   -1953.717        -218.156   -1129.892             232             151
  212       -1089.951    1034.508       -1551.221     253.774             212             142
   22         585.015    1084.376         198.894    1128.365              22              46
   49         712.751    1178.282         167.646     158.118              49              61
   32         586.170     864.461         743.333     270.545              32              51
  170        -113.376      56.459        -146.708    -957.636             170             121
  165       -1568.801    1118.819        -368.676     507.852             165             117
  177        -280.053   -1268.768          38.460    -451.114             177             125
  123          46.917    1170.431        -532.640     711.785             123              96
  246          64.477      33.647         733.654     -77.963             246             159
  168         284.434    -232.706        -393.315     -76.854             168             119
   97          15.884     737.855         317.435      60.335              97              85
  162         328.770    -296.709        -129.422     -21.061             162             116
   85         526.788     819.549         454.466    -346.160              85              79
  223       -1189.561    -574.505        -777.829    -547.838             223             146
   86        -227.153     774.853        -257.885     332.460              86              79
   74        -572.476    -270.235        -592.050    -144.062              74              72
   86           6.046    1716.486        -431.894     918.060              86              79
   56         -22.719     914.129         377.418     436.504              56              63
  203         247.020     721.657         200.329     328.486             203             138
  234         602.675     537.085         654.787     -66.588             234             152
  170        -733.205     -26.272        -231.314    -765.215             170             121
  131       -1222.341     400.751        -941.830     408.667             131             100
  148         277.468    1978.062         347.139    1048.409             148             110
  141        -136.965     -26.062         793.740    -310.002             141             105
   77        -832.966      74.606        -504.675    -206.229              77              75
  149        -462.846     659.215         336.123     521.719             149             109
  206        -423.862    -568.932          84.757    -444.379             206             139
  123        -319.549    -286.616         -94.226     176.626             123              96
  233          64.753     112.785        -307.192    -257.443             233             153
   57        -746.055    1261.955         -97.000     810.000              57              63
    0         -94.143    -410.909         295.202    -447.740              -0              36
   70       -1127.517     675.765        -605.231     731.820              70              70
  130         666.568     -31.825         847.696     -35.100             130             101
    9       -1375.636    -179.400        -816.189     -25.839               9              39
   52         538.521     700.999         346.920     823.348              52              62
  191        -559.269     594.196         189.407     144.222             191             130
   74        -238.737    -922.225         358.603     110.271              74              73
  211         482.921    -266.309        -243.563     212.259             211             140
  109        1018.317     754.427         576.259     445.973             109              91
  133          67.041     394.280        -102.111    -269.835             133             101
  201       -1069.992    1413.091        -320.880     786.204             201             137
  221         109.594     722.256         718.908    1124.977             221             145
  249        1268.077    -267.638        1286.104    -115.118             249             161
  127         153.884    -101.941          78.308     -54.333             127              98
   21         656.995    1060.850         885.261     363.577              21              47
  197        -455.054    -425.078         712.263      24.059             197             133
    7        1930.483   -1259.823        1400.243    -479.451               7              40
   62          22.266    -439.243         -39.986    -991.421              62              66
   94         126.670    -344.699         582.060    -126.297              94              83
  244         138.486   -1032.333        -123.489    -789.868             244             157
  251         884.149     793.222         692.442     213.662             251             162
   84        -619.932   -1137.470         232.594   -1607.064              84              77
  248       -1628.009    -355.899        -875.382      96.955             248             160
  194         208.577    -579.671         570.947      27.377             194             132
   84         358.839   -1425.017         277.515    -677.323              84              78
  230         285.663   -1042.147        -257.643    -639.711             230             150
    9         555.104      89.223         -52.528    -317.991               9              41
  195       -1302.403     -19.389        -582.357    -658.948             195             132
  214        -997.315    -683.770        -342.826     371.666             214             143
  213         742.005   -1173.750        -129.496    -486.081             213             141
  252          54.194     832.210        -647.242     567.342             252             162
  129         887.773     760.016         699.848     179.416             129              99
  137        -255.296    -456.632         -93.124    -617.815             137             105
   88        -569.142     519.227        -613.553      23.279              88              79
  183        -953.087     697.042          -9.601     758.869             183             128
    6        1182.344    -727.821         751.696       0.993               6              38
   83          59.529     200.106          27.905    -298.938              83              78
  114         383.953    -103.932         465.544     263.860             114              92
   82         871.607    -843.441         894.509   -1077.097              82              77
  197       -1198.796   -1687.004       -1198.456    -978.560             197             133
   93         796.948    1175.658          30.761     914.600              93              83
  137         763.963   -1039.336         620.092   -1170.101             137             103
  251        -961.194     247.211       -1150.846    -611.605             251             162
  193       -1692.367    -306.364        -724.403     176.078             193             131
   34         837.716     -13.438        -544.760     475.318              34              53
  129          52.669    1921.912        -252.311     599.751             129              99
   93          16.187    1442.949         494.000     817.753              93              83
  127        -167.949    -452.574         499.036    -370.041             127              98
   99         419.127     353.978          79.014     461.155              99              86
  240         673.548    -581.026         972.182    -601.068             240             155
  144         749.943    -447.435        -570.667    -442.966             144             108
   11         -12.547    2288.640         426.338     160.001              11              40
   47        -906.819    -916.200         133.395    -535.045              47              60
   64         328.563     370.691         255.068    -456.404              64              67
  232       -1648.285   -1056.203        -325.501   -1057.775             232             152
  231       -1081.779    -606.367       -1090.572    -306.026             231             150
  137       -1039.832     734.109        -499.722     454.331             137             105
  175        -683.890    -549.864        -182.237     -82.658             175             122
  219        -171.583     103.236        -595.941     335.432             219             146
  125        -200.840    1302.506          70.241     456.011             125              97
   66        -604.502    -225.880         200.363     182.298              66              69
  211         184.150    -275.802          83.205    -331.447             211             140
   20        -971.248      16.428        -405.761     270.979              20              46
   13         854.000       0.059         467.000       0.000              13              38
   84        -971.277     -16.610        -405.764    -270.981              84              40
  100         184.100     275.795          83.204     331.448             100              38
   26        -604.564     225.681         200.363    -182.297              26              40
   43        -200.629   -1302.571          70.241    -456.010              43              38
   61        -171.609    -103.201        -595.941    -335.433              61              40
  245        -684.038     549.747        -182.237      82.658             245              38
  117       -1039.727    -734.265        -499.722    -454.332             117              40
  254       -1081.852     606.242       -1090.573     306.025             254              38
   61       -1648.321    1055.866        -325.503    1057.775              61              40
  179         328.773    -370.718         255.068     456.405             179              38
  149        -906.846     915.911         133.394     535.045             149              40
    8         -11.979   -2288.693         426.338    -160.000               8              38
  109         749.999     447.642        -570.668     442.964             109              40
   23         673.499     581.098         972.180     601.071              23              38
  128         419.182    -353.971          79.015    -461.156             128              40
  122        -168.026     452.437         499.036     370.042             122              38
  208          16.452   -1443.056         494.001    -817.752             208              40
  222          53.017   -1921.818        -252.311    -599.751             222              38
   39         837.644      13.742        -544.760    -475.320              39              40
    6       -1692.457     306.169        -724.403    -176.078               6              38
   30        -961.003    -247.282       -1150.847     611.603              30              40
   43         763.928    1039.495         620.089    1170.103              43              38
   80         797.141   -1175.443          30.764    -914.599              80              40
  184       -1199.027    1686.903       -1198.457     978.559             184              38
   41         871.568     843.527         894.506    1077.099              41              40
   65         383.951     103.921         465.545    -263.859              65              38
    1          59.590    -200.121          27.905     298.938               1              40
  219        1182.167     727.960         751.696      -0.991             219              38
   48        -953.045    -697.271          -9.598    -758.870              48              40
  173        -569.015    -519.297        -613.554     -23.279             173              38
   22        -255.278     456.589         -93.124     617.815              22              40
   80         887.945    -759.873         699.848    -179.416              80              38
   21          54.322    -832.072        -647.241    -567.344              21              40
   96         741.739    1173.992        -129.497     486.082              96              38
  103        -997.508     683.604        -342.825    -371.667             103              40
  124       -1302.322      19.172        -582.358     658.947             124              38
  210         555.234     -89.056         -52.528     317.991             210              40
   96         285.524    1042.275        -257.645     639.711              96              38
  228         358.596    1425.051         277.514     677.324             228              40
   86         208.409     579.622         570.948     -27.376              86              38
  237       -1628.058     355.570        -875.381     -96.958             237              40
  132        -619.955    1137.256         232.591    1607.065             132              38
  226         884.406    -793.146         692.443    -213.660             226              40
  117         138.366    1032.330        -123.491     789.868             117              38
   22         126.681     344.636         582.060     126.298              22              40
  250          22.311     439.181         -39.988     991.420             250              38
  146        1930.287    1260.010        1400.243     479.453             146              40
   23        -455.164     424.766         712.262     -24.058              23              38
  111         657.188   -1060.903         885.262    -363.575             111              40
   59         153.876     101.876          78.308      54.333              59              38
   51        1267.983     267.689        1286.104     115.121              51              40
   97         109.580    -722.417         718.910   -1124.976              97              38
  114       -1069.790   -1413.343        -320.878    -786.205             114              40
  101          67.171    -394.278        -102.112     269.834             101              38
  247        1018.436    -754.237         576.260    -445.972             247              40
  140         482.773     266.426        -243.562    -212.259             140              38
  172        -238.999     922.104         358.603    -110.270             172              40
  206        -559.213    -594.415         189.407    -144.222             206              38
  165         538.560    -700.945         346.922    -823.346             165              40
  199       -1375.707     179.143        -816.190      25.837             199              38
  183         666.534      31.855         847.695      35.103             183              40
  205       -1127.453    -676.008        -605.230    -731.821             205              38
  109         -94.212     410.816         295.202     447.743             109              40
   14        -745.834   -1262.135         -97.000    -810.000              14              38
  169          64.788    -112.748        -307.195     257.441             169              40
   59        -319.613     286.548         -94.225    -176.626              59              38
   79        -423.964     568.759          84.755     444.378              79              40
  143        -462.734    -659.404         336.123    -521.718             143              38
   35        -832.908     -74.828        -504.675     206.228              35              40
   16        -136.898      25.882         793.739     310.003              16              38
   68         277.796   -1978.095         347.141   -1048.408              68              40
  231       -1222.256    -400.925        -941.829    -408.668             231              38
   16        -733.072      26.114        -231.315     765.214              16              40
  255         602.878    -537.058         654.786      66.589             255              38
  164         247.171    -721.677         200.330    -328.486             164              40
  142         -22.553    -914.177         377.419    -436.504             142              38
  151           6.330   -1716.419        -431.892    -918.061             151              40
   40        -572.509     270.223        -592.050     144.060              40              38
  225        -226.995    -774.835        -257.884    -332.460             225              40
   43       -1189.552     574.331        -777.830     547.837              43              38
   16         527.063    -819.456         454.464     346.161              16              40
  212         328.777     296.775        -129.422      21.061             212              38
  167          16.051    -737.845         317.435     -60.334             167              40
  102         284.427     232.772        -393.316      76.855             102              38
  196          64.490     -33.682         733.654      77.965             196              40
  207          47.102   -1170.392        -532.639    -711.786             207              38
   87        -280.299    1268.702          38.459     451.116              87              40
  251       -1568.541   -1119.161        -368.675    -507.853             251              38
   71        -113.190     -56.514        -146.711     957.634              71              40
  194         586.442    -864.418         743.333    -270.543             194              38
  203         712.996   -1178.153         167.645    -158.118             203              40
  202         585.156   -1084.190         198.894   -1128.364             202              38
  189       -1089.759   -1034.482       -1551.220    -253.776             189              40
  104         697.493    1953.951        -218.158    1129.892             104              38
   17        -192.904     554.442         528.520     242.205              17              40
   13         124.162    -148.039         332.152    -301.416              13              38
   58       -1393.214    -694.476        -308.312    -203.811              58              40
   39         714.284    -631.247         507.483     239.359              39              38
  214         -67.113   -1917.169         120.723   -1406.591             214              40
  197        -483.953    -471.895       -1300.269     -86.362             197              38
  166        -699.149     501.373         -56.147    -180.265             166              40
   41       -2102.495   -1164.130       -1615.249     -82.985              41              38
  175        -293.102    1608.509        -204.075    1613.469             175              40
  137         117.441   -1058.551         849.045     107.880             137              38
   77         297.442   -1422.762        -139.944    -739.335              77              40
  164       -1353.370    -651.899        -873.731     264.513             164              38
  102         903.300   -1302.230         169.644     -77.098             102              40
   60        -979.054    -724.572       -1405.316     -95.766              60              38
   36         832.574     389.454        -318.484    1084.060              36              40
    4         243.400    1381.850        -509.479     786.542               4              38
   43         678.190    1310.164        1154.636     711.672              43              40
  126       -2222.901   -2186.360        -929.469   -1138.063             126              38
   88         261.437      42.132        -753.338    1651.860              88              40
  175         574.571     507.412         280.335     242.836             175              38
   35        -375.646    -453.732        -124.359     586.097              35              40
   81        -178.150   -1033.262        -683.974     180.986              81              38
   99        1433.998    1132.165         -61.093    1542.468              99              40
   97        -583.071     796.544         -93.579     388.199              97              38
   14        1007.287     -58.149         532.327    1570.200              14              40
   36         335.575    -467.614          47.104    -416.588              36              38
  135         734.281      59.926        -199.017    1917.865             135              40
  109        1870.041     856.899         673.198      47.458             109              38
  207        -134.639     373.528         -29.061    1308.347             207              40
   23        -452.610     225.109        -658.305      85.563              23              38
  207          42.874    1751.657         109.274    3697.089             207              40
  254       -1205.077    -316.033        -188.169     -73.482             254              38
  236         339.935    1279.027         -21.915   10670.999             236              40
