SINAL     NFT                         FFT                         NFT INVERSA     FFT INVERSA
-----     -----------------------     -----------------------     -----------     -----------
   63       31200.000       0.000       15808.248       0.000              63              63
  141         194.472     639.145           7.661   -9171.133             141             100
   60        -346.438     516.689        -308.729     408.622              60              62
  124        1209.725     657.920         930.094   -2747.189             124              92
   87        -656.056    -344.629         105.283    -933.416              87              75
  183        -730.037   -1199.842        -334.203   -1801.706             183             121
  178        1271.628    -326.625         190.312    -399.008             178             121
   47       -1016.997    -252.131        -787.879   -1840.480              47              53
  108        -818.355     513.990        -814.087     620.539             108              86
  230         263.415    -139.005          27.963    -379.507             230             145
   83        1315.961    1041.776         -60.325     472.180              83              73
  126        -198.751    1794.291         375.896     118.965             126              93
   16        1306.837    -209.707        1460.012     183.400              16              40
   44        1241.874   -1453.669         612.791   -1744.508              44              52
  129         905.018     190.034         108.092    -703.359             129              96
   18        -858.016    -647.338        -710.900   -1336.326              18              39
  247        1127.927    1800.649         143.262     594.757             247             155
   80       -1359.291    -628.707          25.395   -2014.800              80              70
  207       -1094.572     658.787       -1242.084     698.298             207             135
  187        -143.760    -250.224         733.448   -1131.983             187             123
  252       -1658.893     -83.996       -1901.757     -33.928             252             158
  239        -771.985    1560.521         420.645     617.054             239             149
   71        -502.054   -1318.436        -431.416    -188.394              71              67
  166         216.181     671.094         -45.459     130.174             166             113
   83        -267.977     538.247        -351.651     482.969              83              73
  134         298.916     411.294         723.278      73.946             134              97
  185         103.673    -394.235        -400.108    -148.159             185             124
   51         -87.716    1185.758         426.846     432.099              51              55
  117         558.327    -993.496         254.525     -86.743             117              90
   46        1172.661     737.719         532.820    -128.298              46              53
   10         214.874    -110.920         162.632    -296.859              10              37
  110         744.022     212.165         467.814    -600.447             110              85
   58        -911.522     216.402        -676.699    -561.668              58              61
   79        -892.600     562.036          14.008     220.417              79              69
   31          96.518    -498.131        -198.776    -133.594              31              47
   59         200.252    1074.826         467.632      33.458              59              59
   84       -1116.198   -1094.317        -519.764    -781.958              84              74
  134        -188.712    1185.992        -233.469     813.981             134              97
   90        -227.540    -421.517         487.038    -497.734              90              77
   31        -934.116    -313.154        -655.892     260.577              31              45
  198        1289.884     182.327         934.136     367.652             198             131
    8         -44.318   -1441.020          71.561   -1154.867               8              34
  160         355.726    -133.483        -878.518     169.445             160             112
  238         833.812    1723.064         425.689     336.929             238             149
   52        -617.584    -170.458        -118.211    -581.508              52              58
  251        -528.011     203.587        -528.800     123.909             251             155
   72         -75.810     890.864        -471.459     287.980              72              68
  142        -576.434    2079.004         -80.887    1286.998             142             101
   87        1459.643     791.648        1567.898     330.290              87              75
  165       -1075.810    -169.948          38.560   -1003.350             165             112
   39       -1097.077     -54.511        -179.197     714.027              39              51
   30        1384.556    -658.273        1053.966    -159.688              30              45
  239         311.282     264.631         -46.147    -410.061             239             151
   35        -584.407     206.889         477.644       2.824              35              47
  143         531.696   -1012.230          94.359    -517.432             143             103
   21        -323.660     944.920         111.692      40.505              21              40
  108           1.871    -914.049         342.477    -338.861             108              86
   98         278.570     433.513          53.349    -317.639              98              79
   62       -1064.531     211.581          54.895    -275.148              62              63
  252       -1252.908    -655.345         -51.502    -167.875             252             156
  193         -38.245   -1248.539         239.993     -16.368             193             128
   82         715.530   -1038.488         222.712    -640.867              82              71
   45        -675.716     -44.011        -563.274    -114.027              45              54
  190          78.189    -390.119         423.090     284.370             190             125
  147         941.041    -900.964         291.000    -441.000             147             105
  181         326.745    -628.663         451.233    -533.162             181             120
   65         271.285   -1955.090        -644.791   -1186.776              65              64
   38         -57.401    1643.891        -787.367     565.142              38              49
  184        -217.277      86.700         517.807    -120.767             184             124
   84        -214.945   -1120.587        -330.292    -561.325              84              72
  116           3.046    -160.460        -503.182    -127.708             116              90
  182         108.317     117.565        -298.173     200.648             182             121
   27         791.256     658.620        -234.468      -9.842              27              45
   70        -682.329    1647.355         -26.293     506.151              70              65
  124         336.499    -955.521         395.731    -561.376             124              94
  130       -1036.635     864.955       -1043.663     -34.626             130              95
  195        -285.097     435.838         173.852     778.564             195             129
   90         501.597     745.684          65.652     -46.665              90              75
   73       -1103.054     559.729         143.724     428.360              73              68
   83         851.983    -597.194         560.027    -139.220              83              71
  239        -608.958    -352.734        -116.129    -597.588             239             151
  179        -243.025    -380.350        -590.962     269.774             179             119
  222         583.422    1108.450         302.690     366.181             222             143
  251        -411.483     202.756          35.485     112.859             251             155
   96         558.646     -86.254         607.008      -4.214              96              80
  240          33.261    -144.588        -316.731    -535.471             240             150
    3       -1152.552    1128.642           1.089     405.637               3              33
  205        -426.893   -1685.305        -128.316    -315.721             205             132
   57         342.133    1256.406        -275.357     736.070              57              60
   76        -114.946     195.904         492.898     449.468              76              68
  227        1203.070     496.879        1012.664     546.020             227             145
  127        1133.480   -1904.736        1226.657   -1361.444             127              93
   78        -323.245    -574.661       -1106.064    -815.061              78              71
  105        -107.779     903.168          17.079     647.214             105              82
  241         497.791     105.588         391.914    -262.847             241             152
  195        -178.523    -354.045         -37.811    -154.415             195             127
  172         679.414     882.451         198.699     130.333             172             118
  160        -413.711     -38.377         497.002    -247.549             160             110
   12         233.903    -383.036         223.009    -314.947              12              38
   10         183.940    -964.371         473.831    -599.391              10              35
   20         377.053    -329.308        -303.187    -828.875              20              42
  243       -1337.451      -8.326        -221.735    -201.102             243             151
   70         402.626   -1053.810         -55.730    -413.920              70              67
   11          86.059    -491.932         -43.240    -634.437              11              35
   39         -15.988    -296.046        -898.228    -866.140              39              51
   49       -2017.772    1491.973        -955.812     253.885              49              54
  147       -1143.136    -663.333        -728.358    -168.999             147             105
  226       -1998.057    1884.297       -1505.989    1248.492             226             143
  110         179.160    1251.448        1108.407    1971.642             110              87
  195        1853.289   -1185.188        1481.934    -651.033             195             127
  181        -217.732    -448.227        -292.271    -686.818             181             122
  122        -409.331      58.388        -165.434     184.899             122              91
   77         257.334     -27.685          80.969      34.880              77              70
   91         175.315     736.347          31.174     407.148              91              75
   78         500.644     921.213        1176.983     147.657              78              71
   56        -692.444   -2409.447         443.892   -1512.536              56              58
   84        -469.373   -1076.724        -973.647    -460.185              84              74
   14         -23.348    -252.957         -45.722     134.159              14              37
   87         801.640    -123.162        -109.730    -348.792              87              75
   51        -818.377     277.613        -233.364    -236.155              51              55
   51        -170.963    -309.862        -382.823    -183.968              51              57
  234        -891.691     318.297        -270.869       2.316             234             147
  206        -195.492    -563.209        -390.089     -93.668             206             135
  159        -751.082     875.351        -360.613     371.865             159             109
  193         -85.188    -546.410         181.892     144.677             193             128
  147        -232.640    -156.680        -270.153    -106.070             147             103
   53         450.635    -260.499          24.913     426.687              53              58
   28         940.603     818.833         270.016    -346.980              28              44
  213       -2082.000      -0.203        -542.000       0.000             213              35
  155         940.831    -818.662         270.012     346.981             155              33
  236         450.547     260.631          24.914    -426.686             236              35
  131        -232.726     156.665        -270.154     106.069             131              33
   39         -85.337     546.365         181.892    -144.676              39              35
  205        -750.968    -875.471        -360.613    -371.865             205              33
    6        -195.599     563.210        -390.089      93.667               6              35
    1        -891.624    -318.433        -270.870      -2.316               1              33
  111        -170.974     309.856        -382.823     183.968             111              35
   23        -818.249    -277.721        -233.364     236.155              23              33
   52         801.679     123.363        -109.730     348.792              52              35
  234         -23.419     253.039         -45.721    -134.159             234              33
   45        -469.560    1076.714        -973.648     460.182              45              35
  168        -692.779    2409.190         443.888    1512.537             168              33
   59         500.868    -921.337        1176.983    -147.655              59              35
  253         175.450    -736.361          31.176    -407.148             253              33
   18         257.312      27.727          80.969     -34.881              18              35
  153        -409.326     -58.458        -165.434    -184.900             153              33
  108        -217.735     448.180        -292.273     686.818             108              35
   78        1853.043    1185.352        1481.931     651.036              78              33
  108         179.132   -1251.596        1108.411   -1971.640             108              35
   86       -1997.884   -1884.597       -1505.986   -1248.496              86              33
   59       -1143.257     663.191        -728.359     168.998              59              35
   67       -2017.409   -1492.254        -955.811    -253.886              67              33
  137         -15.858     296.190        -898.228     866.139             137              35
  215          86.085     492.040         -43.241     634.437             215              33
   17         402.475    1053.889         -55.731     413.920              17              35
   84       -1337.375       8.083        -221.735     201.101              84              33
  247         377.136     329.390        -303.188     828.875             247              35
  206         183.856     964.368         473.830     599.392             206              33
   85         233.886     382.977         223.008     314.948              85              35
  231        -413.641      38.197         497.002     247.550             231              33
  240         679.630    -882.373         198.699    -130.332             240              35
   70        -178.537     354.013         -37.811     154.414              70              33
   68         497.852    -105.552         391.913     262.848              68              35
   94        -107.601    -903.146          17.080    -647.214              94              33
   16        -323.240     574.708       -1106.066     815.060              16              35
  209        1133.249    1904.851        1226.654    1361.447             209              33
  200        1203.104    -496.831        1012.664    -546.018             200              35
  225        -114.992    -196.012         492.899    -449.466             225              33
   94         342.273   -1256.322        -275.356    -736.070              94              35
   29        -427.258    1685.206        -128.318     315.720              29              33
   38       -1152.342   -1128.923           1.090    -405.637              38              35
  225          33.325     144.590        -316.732     535.470             225              33
  222         558.650      86.298         607.009       4.215             222              35
   47        -411.436    -202.895          35.485    -112.860              47              33
  161         583.610   -1108.339         302.689    -366.180             161              35
  230        -243.126     380.365        -590.960    -269.775             230              33
  223        -608.982     352.622        -116.129     597.587             223              35
  250         851.874     597.251         560.026     139.220             250              33
  112       -1102.965    -560.021         143.725    -428.359             112              35
  208         501.750    -745.640          65.652      46.665             208              33
  131        -285.057    -435.894         173.853    -778.563             131              35
  217       -1036.440    -865.078       -1043.663      34.622             217              33
   19         336.409     955.557         395.729     561.377              19              35
  131        -681.974   -1647.497         -26.291    -506.150             131              33
  135         791.441    -658.374        -234.468       9.842             135              35
   19         108.341    -117.418        -298.172    -200.648              19              33
  116           3.025     160.586        -503.183     127.708             116              35
   86        -215.113    1120.588        -330.292     561.325              86              33
   45        -217.214     -86.777         517.807     120.768              45              35
  185         -57.056   -1643.759        -787.364    -565.144             185              33
   64         271.024    1955.296        -644.794    1186.775              64              35
   77         326.693     628.731         451.234     533.164              77              33
   92         940.877     901.109         291.000     441.000              92              35
   26          78.049     390.096         423.090    -284.371              26              33
   37        -675.727      43.912        -563.274     114.026              37              35
  152         715.347    1038.625         222.711     640.867             152              33
   35         -38.553    1248.454         239.993      16.369              35              35
  188       -1253.057     654.982         -51.502     167.875             188              33
   41       -1064.400    -211.896          54.894     275.148              41              35
  137         278.748    -433.515          53.348     317.640             137              33
   40           1.766     913.966         342.477     338.862              40              35
  250        -323.432    -945.037         111.693     -40.505             250              33
  248         531.572    1012.270          94.358     517.432             248              35
   91        -584.322    -207.100         477.644      -2.823              91              33
   78         311.426    -264.631         -46.148     410.061              78              35
  181        1384.407     658.427        1053.966     159.690             181              33
  255       -1097.155      54.193        -179.196    -714.028             255              35
  112       -1075.723     169.594          38.557    1003.350             112              33
   26        1459.836    -791.602        1567.898    -330.288              26              35
  110        -576.111   -2079.165         -80.885   -1286.999             110              33
  111         -75.639    -890.809        -471.458    -287.981             111              35
   87        -527.937    -203.616        -528.800    -123.911              87              33
  176        -617.490     170.333        -118.213     581.508             176              35
  158         834.208   -1722.871         425.690    -336.927             158              33
  124         355.730     133.712        -878.518    -169.446             124              35
   87         -44.512    1441.042          71.558    1154.868              87              33
   76        1289.877    -182.156         934.137    -367.650              76              35
  150        -934.234     312.977        -655.891    -260.579             150              33
   78        -227.592     421.393         487.038     497.735              78              35
  234        -188.514   -1186.042        -233.466    -813.982             234              33
  107       -1116.317    1094.103        -519.765     781.958             107              35
  233         200.533   -1074.842         467.633     -33.456             233              33
  128          96.463     498.129        -198.777     133.593             128              35
  173        -892.454    -562.232          14.009    -220.416             173              33
  181        -911.309    -216.562        -676.699     561.667             181              35
   98         744.236    -212.043         467.812     600.447              98              33
  159         214.987     110.932         162.631     296.860             159              35
   93        1172.863    -737.509         532.820     128.298              93              33
  217         558.150     993.556         254.524      86.743             217              35
   23         -87.518   -1185.816         426.847    -432.098              23              33
   59         103.635     394.252        -400.109     148.158              59              35
  206         298.988    -411.289         723.278     -73.944             206              33
  167        -267.884    -538.298        -351.651    -482.969             167              35
  135         216.284    -670.991         -45.459    -130.173             135              33
  118        -502.306    1318.323        -431.417     188.394             118              35
   46        -771.728   -1560.691         420.647    -617.051              46              33
  186       -1658.803      83.781       -1901.756      33.924             186              35
  241        -143.654     250.191         733.444    1131.985             241              33
  215       -1094.319    -658.963       -1242.083    -698.300             215              35
  129       -1359.107     628.448          25.390    2014.802             129              33
  105        1128.490   -1800.430         143.262    -594.757             105              35
   81        -857.880     647.298        -710.904    1336.323              81              33
   25         905.355    -189.819         108.091     703.359              25              35
   32        1241.843    1453.860         612.787    1744.508              32              33
  113        1306.907     209.757        1460.012    -183.397             113              35
  186        -198.325   -1794.400         375.896    -118.964             186              33
   43        1316.260   -1041.462         -60.324    -472.180              43              35
   21         263.435     139.141          27.961     379.508              21              33
  198        -818.151    -514.041        -814.086    -620.540             198              35
  171       -1016.743     252.067        -787.883    1840.477             171              33
  140        1271.863     326.924         190.311     399.009             140              35
   83        -729.956    1199.723        -334.207    1801.705              83              33
  168        -655.619     344.423         105.282     933.416             168              35
  196        1210.420    -657.782         930.087    2747.189             196              33
  158        -345.550    -516.742        -308.728    -408.622             158              35
  166         196.247    -639.048           7.640    9171.127             166              33
