SINAL     NFT                         FFT                         NFT INVERSA     FFT INVERSA
-----     -----------------------     -----------------------     -----------     -----------
  216       32311.000       0.000       18102.248       0.000             216             141
  116         -20.901   -1584.276         150.155  -10161.390             116              96
   69        1776.083     178.851         705.132    -221.964              69              67
  210        -917.515    -116.112        -174.424   -3841.904             210             143
  161         368.426       4.844         222.304      52.505             161             113
   18        -479.373    -320.197          21.006   -2206.991              18              47
  132        1406.191     -16.492         386.355    -223.985             132              99
  178       -1464.744     989.938        -506.016   -1838.553             178             127
  247        -171.273     222.262         287.981     476.371             247             156
    0        -839.842      19.706          52.395   -1978.777               0              38
   80       -2016.432    -273.998       -1013.027     332.706              80              73
  245        -214.917    1252.698         368.469     170.755             245             160
  159         108.776   -1066.819        1069.634    -361.770             159             112
  158        -927.288   -1105.500        -646.007   -1450.527             158             117
  218        -375.089     253.145        -124.594     908.733             218             142
  151         777.513      81.851         749.705    -842.731             151             113
  212       -1579.688    -777.960        -380.645    -508.346             212             139
   58        -937.978    -190.790        -709.210     170.104              58              67
  111         513.582     550.887         837.718    1021.457             111              88
  168         748.740   -1029.237         756.257    -651.694             168             122
   48         911.534    -524.682         693.044    -158.771              48              57
  194          49.911    -918.652         -84.773    -948.617             194             135
   54         794.471     314.178         628.313     501.719              54              60
  249         988.458   -1579.422         528.236   -1681.759             249             162
  190        -478.731    1122.509        -701.815      -9.001             190             128
   93       -1644.683    -254.915         217.262    -627.351              93              84
   79        -778.995   -1415.633        -529.482     169.232              79              72
  214         808.933    -445.719         442.621    -235.663             214             145
  216        -146.916    -516.395        -355.709    -171.253             216             141
   53         -28.033       9.963         105.748     149.386              53              64
  185         859.967    -724.972         310.922      10.283             185             125
    0         550.389    -169.355         115.330    -462.237               0              38
   94         232.971    -226.090        -197.678      29.407              94              80
   19         311.562     550.339         -63.897     -61.315              19              47
  199        -219.191     623.563        -116.962     598.599             199             132
  183         992.706     486.585         888.819     376.665             183             129
  183        1069.429    -481.807         661.729    -430.696             183             124
   80         289.980     605.858         239.969    -235.482              80              78
  140          55.620    -549.828         617.662    -400.934             140             103
  128          11.076    -802.708        -148.609    -724.001             128             102
  243          -7.026    -203.465         -20.289     -33.388             243             154
   86         504.880    -204.844         -72.073    -315.846              86              81
  224         144.607     837.853          28.515     109.781             224             145
   69        -399.572     394.999          40.047    -106.964              69              72
  168        -267.802     514.483         283.844     250.430             168             117
  183        -474.661    -301.891         547.784    -127.139             183             129
  135         533.781   -1803.366         811.594    -567.797             135             100
  109         340.748   -1718.706        -274.382   -1329.995             109              92
    4        -768.753    -545.304        -755.684    -178.612               4              35
  171         287.165    -628.608        -540.870     -42.793             171             123
  200         420.492     969.357        -225.167     567.626             200             133
   98         661.702     148.820         339.104     117.677              98              87
  186         691.511     249.832         217.617    -235.848             186             126
   28        -324.185    -207.161        -286.402    -365.377              28              52
  105          98.203     284.464        -418.587      61.697             105              85
  181        -193.965    1190.163        -374.934     596.721             181             128
  197         682.190     940.084         767.400     271.227             197             131
   36        -847.075    -291.128        -388.917    -451.734              36              56
  120         301.816     659.304         208.077     397.275             120              93
  203       -1335.146    -306.637        -672.180    -493.946             203             139
   78         -16.323     755.947        -233.798    1267.978              78              72
   25         546.363     483.256         240.676     -88.278              25              50
  206        -620.983    1192.963        -263.311     889.167             206             136
   21        -113.910     561.679         162.385     382.351              21              48
  169        -352.008    1206.956         184.000    1420.000             169             117
  113        1751.792    -143.835        1341.151     467.490             113              94
  239        1360.208    1016.292         798.801     295.373             239             152
  200         454.610     273.140        1020.546    -137.522             200             138
  184         591.371     -92.291         675.943    -163.496             184             125
  235        -101.000      29.390         368.993    -367.142             235             155
  110        -229.734     -30.590         653.614     230.804             110              88
  117         330.851   -2034.762         381.361    -914.337             117              96
  122         534.940     697.769        -324.946     648.657             122              94
   99         790.828     299.342        1182.841     145.900              99              87
   37        1187.666    -721.622         642.713    -133.119              37              51
   56        1580.166      -6.125        1024.131    -765.026              56              66
   22        -709.428    -448.951        -298.674    -785.940              22              44
   51          75.361     527.065          57.516     317.443              51              63
   43         355.282      33.480        1079.349    -174.794              43              54
  118         234.255   -2265.693         159.243   -1391.251             118              97
  139          35.643     395.684        -679.800    -166.122             139             102
   62        -792.621     559.728        -113.210     -68.518              62              69
  159        -980.308     -70.219        -136.828     365.984             159             112
  161         758.769    -845.679         429.636     169.700             161             118
  156        1316.821     274.193         617.443    -136.204             156             111
  156        -525.640    -560.535        -247.707    -689.977             156             116
  189         209.143     865.443         111.102     842.845             189             127
  156         783.182    -780.994         800.164    -797.779             156             116
  208        -556.461     332.587        -382.379     101.522             208             137
  224         331.655   -1082.965         461.211    -528.364             224             150
   24        -168.574     621.581        -748.015     247.326              24              45
  254        -156.510     534.571         521.313     257.037             254             165
   82        -471.011     -88.148        -110.815     464.723              82              74
  193        1493.494    -821.662        1141.424      32.094             193             134
   68         631.850     -71.559        -216.588    -246.018              68              67
  232         978.085     571.878         805.923     474.337             232             154
   57        1015.000     105.927         653.678    -306.593              57              61
   43         666.771    -535.602         770.198    -458.032              43              59
  136         550.338    -117.321         116.482    -489.495             136             101
   27         452.045    -719.528         753.502    -441.074              27              51
  138        1216.353   -1079.098         -89.758   -1078.884             138             102
  145           2.118     798.084        -293.618    -428.453             145             110
  254        -545.719     659.152        -441.058    -129.098             254             160
   50          25.130     877.578         315.841     188.560              50              63
  164         -91.712     285.089         393.528    -667.241             164             115
  114       -1709.411   -1033.745        -378.559   -1052.652             114              95
  169       -1461.288    -516.987       -1410.423     -67.358             169             117
   67        -554.591    1253.835        -293.893    1028.665              67              71
   41          81.306     373.933         244.440     380.835              41              53
  135          17.104     860.432         265.216     412.666             135             105
  177        -391.510     194.026         700.951      65.870             177             121
   92        -105.867   -1538.903         103.264    -529.323              92              84
  136         184.694    1018.995         116.130     452.144             136             101
  174        -142.362   -1749.662         912.889    -897.339             174             125
  171        -403.221    -792.124       -1176.928    -496.637             171             118
  208        -289.170     570.404         493.736     682.415             208             142
  188         628.695   -2111.260         -61.564   -1209.760             188             127
   25        -991.457     759.906       -1369.202     285.837              25              50
  177        -180.068    1254.112         -96.749    1059.996             177             121
  125         -79.263     414.334         212.692     449.552             125             100
   81         399.818     742.452         340.517     860.652              81              73
  141        1060.660    -126.369        1194.354    -100.517             141             108
  172        -391.237    -460.555        -186.324    -372.314             172             119
  197         809.684    -453.910         697.170     385.986             197             136
  241        1315.359    -484.654         208.322   -1030.159             241             153
   73       -1665.197     639.005        -821.741     151.110              73              74
  164         410.861     163.058         -29.266     679.991             164             115
  254         562.142    1723.123         502.265     798.642             254             165
  173         249.000      -0.092        1254.000       0.000             173              36
   51         562.408   -1723.120         502.263    -798.641              51              41
  212         410.799    -162.975         -29.264    -679.991             212              36
  168       -1665.049    -639.247        -821.743    -151.113             168              41
  160        1315.379     484.918         208.320    1030.159             160              36
  182         809.560     454.025         697.171    -385.985             182              41
  137        -391.330     460.418        -186.326     372.313             137              36
  143        1060.624     126.430        1194.353     100.521             143              41
  222         399.842    -742.473         340.519    -860.652             222              36
  220         -79.292    -414.394         212.692    -449.552             220              41
  194        -179.944   -1254.115         -96.747   -1059.996             194              36
  202        -991.334    -759.896       -1369.202    -285.840             202              41
  108         628.345    2111.429         -61.566    1209.759             108              36
  128        -289.127    -570.471         493.738    -682.413             128              41
  101        -403.363     792.110       -1176.929     496.634             101              36
   95        -142.639    1749.534         912.886     897.341              95              41
   49         184.857   -1019.054         116.130    -452.144              49              36
   32        -106.158    1538.804         103.262     529.323              32              41
  188        -391.489    -194.282         700.952     -65.869             188              36
   66          17.243    -860.540         265.217    -412.666              66              41
   88          81.313    -373.981         244.440    -380.835              88              36
   64        -554.465   -1253.900        -293.890   -1028.665              64              41
  134       -1461.393     516.816       -1410.423      67.354             134              36
  120       -1709.448    1033.396        -378.561    1052.651             120              41
   77         -91.472    -285.235         393.527     667.241              77              36
  131          25.409    -877.634         315.842    -188.558             131              41
   24        -545.455    -659.229        -441.058     129.098              24              36
  124           2.467    -797.977        -293.618     428.452             124              41
   40        1216.328    1079.391         -89.759    1078.884              40              36
  221         452.013     719.574         753.502     441.076             221              41
   34         550.414     117.368         116.482     489.495              34              36
  208         666.773     535.650         770.198     458.033             208              41
   56        1015.079    -105.844         653.678     306.593              56              36
   42         978.191    -571.739         805.923    -474.335              42              41
  162         631.835      71.693        -216.588     246.017             162              36
  172        1493.268     821.878        1141.424     -32.092             172              41
  133        -471.138      87.971        -110.815    -464.724             133              36
   13        -156.445    -534.657         521.313    -257.035              13              41
  109        -168.458    -621.569        -748.014    -247.329             109              36
  239         331.476    1083.023         461.209     528.365             239              41
   59        -556.366    -332.720        -382.379    -101.523              59              36
  201         783.098     781.067         800.162     797.781             201              41
  158         209.272    -865.446         111.105    -842.845             158              36
  195        -525.675     560.446        -247.709     689.976             195              41
    8        1316.908    -273.981         617.443     136.204               8              36
  171         758.521     845.779         429.637    -169.699             171              41
   50        -980.396      69.967        -136.826    -365.985              50              36
   22        -792.468    -559.892        -113.211      68.517              22              41
   37          35.811    -395.590        -679.800     166.122              37              36
  175         233.958    2265.708         159.239    1391.252             175              41
   36         355.343     -33.585        1079.350     174.796              36              36
  208          75.491    -527.117          57.518    -317.443             208              41
  122        -709.358     448.794        -298.675     785.939             122              36
  108        1580.314       6.339        1024.129     765.029             108              41
  151        1187.561     721.737         642.713     133.120             151              36
    9         790.847    -299.315        1182.841    -145.897               9              41
   52         535.011    -697.658        -324.945    -648.658              52              36
  178         330.457    2034.764         381.358     914.338             178              41
   45        -229.757      30.364         653.615    -230.803              45              36
   27        -100.942     -29.554         368.993     367.142              27              41
  123         591.418      92.234         675.943     163.496             123              36
  138         454.715    -273.239        1020.546     137.524             138              41
  108        1360.402   -1016.178         798.802    -295.372             108              36
   94        1751.634     144.012        1341.152    -467.487              94              41
  131        -351.977   -1207.131         184.000   -1420.000             131              36
   13        -113.912    -561.765         162.383    -382.353              13              41
   51        -620.814   -1193.095        -263.309    -889.168              51              36
   43         546.415    -483.153         240.674      88.277              43              41
   41         -16.297    -755.915        -233.796   -1267.979              41              36
   44       -1335.206     306.421        -672.183     493.943              44              41
  155         301.963    -659.266         208.078    -397.274             155              36
  173        -847.070     290.952        -388.919     451.733             173              41
  101         682.408    -940.026         767.401    -271.225             101              36
  240        -193.748   -1190.146        -374.933    -596.723             240              41
  136          98.287    -284.343        -418.587     -61.697             136              36
   12        -324.147     207.166        -286.403     365.376              12              41
   91         691.631    -249.682         217.617     235.848              91              36
  129         661.738    -148.671         339.104    -117.676             129              41
   90         420.628    -969.168        -225.165    -567.626              90              36
  121         287.004     628.820        -540.871      42.791             121              41
  148        -768.841     545.306        -755.684     178.611             148              36
   68         340.513    1718.824        -274.386    1329.994              68              41
  191         533.459    1803.343         811.593     567.799             191              36
   92        -474.735     301.618         547.783     127.140              92              41
   78        -267.686    -514.661         283.845    -250.430              78              36
  233        -399.435    -395.136          40.046     106.964             233              41
  131         144.841    -837.821          28.516    -109.781             131              36
   89         504.899     204.978         -72.074     315.846              89              41
   32          -7.025     203.493         -20.289      33.388              32              36
  135          11.003     802.695        -148.611     724.000             135              41
  248          55.613     549.739         617.661     400.936             248              36
  137         290.191    -605.874         239.969     235.482             137              41
  179        1069.419     481.933         661.729     430.697             179              36
  202         992.758    -486.495         888.820    -376.664             202              41
   42        -219.109    -623.612        -116.961    -598.600              42              36
  162         311.681    -550.231         -63.897      61.316             162              41
   64         232.963     226.200        -197.678     -29.407              64              36
  180         550.387     169.503         115.328     462.235             180              41
   16         859.809     725.135         310.922     -10.283              16              36
    1         -28.092      -9.959         105.747    -149.387               1              41
   58        -147.011     516.398        -355.710     171.252              58              36
  119         808.798     445.878         442.620     235.663             119              41
  132        -779.329    1415.450        -529.482    -169.233             132              36
  189       -1644.666     254.504         217.261     627.352             189              41
  182        -478.342   -1122.586        -701.815       9.000             182              36
   59         988.351    1579.593         528.232    1681.759              59              41
   17         794.572    -314.091         628.314    -501.717              17              36
  150          49.807     918.644         -84.774     948.617             150              41
  126         911.489     524.772         693.045     158.772             126              36
   50         748.534    1029.236         756.255     651.694              50              41
  101         513.566    -550.914         837.721   -1021.455             101              36
   72        -938.100     190.600        -709.209    -170.105              72              41
  196       -1579.733     777.612        -380.646     508.346             196              36
  241         777.626     -81.827         749.702     842.730             241              41
  164        -375.035    -253.238        -124.593    -908.733             164              36
  203        -927.386    1105.295        -646.010    1450.525             203              41
   18         108.702    1066.638        1069.634     361.772              18              36
  224        -214.675   -1252.888         368.469    -170.755             224              41
  228       -2016.345     273.592       -1013.025    -332.707             228              36
  177        -839.555     -19.959          52.390    1978.777             177              41
  236        -170.960    -222.409         287.982    -476.371             236              36
   74       -1464.191    -990.231        -506.021    1838.549              74              41
  210        1406.588      16.738         386.354     223.987             210              36
  109        -479.059     320.084          21.001    2206.990             109              41
   46         368.896      -4.834         222.304     -52.505              46              36
   45        -916.856     115.911        -174.434    3841.900              45              41
   15        1777.038    -178.561         705.132     221.966              15              36
   76         -19.495    1584.179         150.132   10161.383              76              41
