SINAL     NFT                         FFT                         NFT INVERSA     FFT INVERSA
-----     -----------------------     -----------------------     -----------     -----------
  180       32992.000       0.000       16236.248       0.000             180             122
   11         959.714    1054.525         574.165   -9777.862              11              37
  167       -1315.848     138.389        -915.329     -66.662             167             115
   85        1289.493     298.045         702.098   -2863.590              85              74
   23        -485.325     619.151        -742.225    -546.969              23              43
  196        -640.205     963.452         -39.454   -1264.718             196             129
   52         -17.846    1061.563        -328.929     359.629              52              58
  161        -138.814    1670.511        1054.604    -720.323             161             112
  106        -692.111   -1137.477         157.784    -814.698             106              85
  182        -406.903     154.359         147.787   -1098.136             182             122
    7       -1407.640    -544.443        -365.793    -344.077               7              35
  181         -43.394   -1027.346         603.378    -879.969             181             122
  239        -608.255   -2040.312       -1148.975   -1444.716             239             151
  155       -1320.037    1788.129       -1205.721     818.044             155             109
   86         638.918     136.165         613.300     303.829              86              75
  198        -852.774     828.134        -352.642    -318.708             198             130
   26        -673.379    -245.109          57.824     367.684              26              45
   27        -343.684     636.745        -120.642     184.871              27              45
   71         205.037    -188.583         999.856     633.603              71              67
  229         988.698   -1676.598         584.602   -1355.443             229             146
   31        -996.504     -56.012        -950.388      63.402              31              47
   26         259.755     452.429         560.404     633.940              26              44
  140        1184.793   -1371.179         774.164    -344.360             140             102
   63         770.928    -137.707         122.651    -723.575              63              63
  110        -705.439    -883.943        -240.185    -125.492             110              87
  143        1739.798    -226.664         173.464     -11.151             143             103
  197         305.433     752.701         244.357    -155.377             197             130
  105         249.095    -273.360         137.107    -384.662             105              84
  126        -569.911     -49.376         -57.895    -178.989             126              95
  170         536.887   -1238.068          51.126    -252.923             170             116
  226         492.472     305.404        -165.848    -128.150             226             145
  229         262.855    -600.024          -4.677     -15.772             229             146
  108        1381.689     282.402         102.426     -29.518             108              86
  122         540.226    -182.162         -33.033    -527.269             122              92
   80        -111.134    1252.921       -1019.565     276.542              80              72
  224         405.617    1699.686         536.879    1149.034             224             143
  209        1366.000     377.908         497.465    -268.872             209             136
  173         490.832    1732.487         537.165     577.902             173             118
   49         960.791    -253.690         941.830   -1284.702              49              56
   51       -2504.471     600.927       -1545.224    -232.840              51              57
   46        -165.183    1305.018         317.039    1385.646              46              55
  186         922.696     226.012         967.595     334.994             186             124
  176        1562.168     202.593        1239.771    -332.247             176             120
  156          56.617    -591.254         365.196    -826.776             156             109
   82         943.636      41.035         566.192    -788.207              82              73
  110       -1840.523    -860.444        -693.242   -1174.509             110              86
   28         252.537     163.690        -486.865     138.635              28              46
  169       -1600.066    1019.648        -525.172    -246.622             169             116
  147        -598.699     167.129        -158.034     820.360             147             105
  170         150.907     137.386         502.563    -197.369             170             116
  151          82.926    -357.981        -178.625     146.883             151             107
  105         598.566    1340.404         589.270      23.206             105              84
    7       -1264.748    -688.087          68.508    -609.331               7              35
   46        -676.065    -749.898        -387.835    -143.786              46              54
  158         207.134    -283.758        -144.474      92.341             158             111
  113        -161.922     838.806        -207.659     294.130             113              88
  236         220.719      95.840         516.857     317.557             236             150
  134         347.643     -24.140         124.389    -372.480             134              98
  122        -468.731     151.073         111.582      35.312             122              93
   76        -201.777    -672.538        -214.917    -293.806              76              69
  105         594.907     637.188         140.455     581.251             105              84
  117         652.772     117.097         461.364    -731.195             117              90
   37       -1782.749     589.242        -934.163      31.598              37              50
   50        -289.196     441.639         186.072     707.168              50              56
  194          -0.002     283.973         302.000     124.000             194             129
   10        -441.347    -510.349         230.754      -3.233              10              36
   49         468.057    -357.746        -124.175     161.494              49              56
  125         418.280    1324.028         460.653     723.046             125              94
  227        1069.065    -698.949        1271.206    -204.116             227             145
  249         786.409    -674.952         138.356   -1122.267             249             156
  202        -911.716     610.755        -381.996     137.381             202             133
  182         913.998     116.698         945.979    -159.927             182             122
  243       -1170.816   -1261.497         -56.925   -1503.883             243             153
  222       -1111.210   -1243.155       -1199.565    -250.795             222             142
   73          25.895     867.346         -80.556     190.973              73              68
  177       -1440.828   -1056.875        -697.297    -565.609             177             120
  196        -617.980     452.960        -925.283     737.351             196             130
   18         156.028     245.294         144.475     361.769              18              40
   15        -598.612     213.452        -722.212     132.347              15              39
  137        -235.983     905.197        -290.666    1138.627             137             100
  205         839.342    1151.559         361.145     711.174             205             134
   55          96.650    1028.646         557.170     627.511              55              59
  169         366.663    -409.036         546.543    -334.865             169             116
  167        -636.001     365.172        -598.576     407.019             167             115
   19         938.748    1015.314         906.092     810.769              19              41
  149         184.520    -504.180         292.787    -497.475             149             106
   66         218.332     796.704         -80.295     443.440              66              65
  208         192.147     969.556         546.217     210.583             208             135
   93        -576.700    -146.944         256.191    -298.013              93              78
  180        -497.844      55.220        -385.722     199.274             180             121
  131        -322.948    1167.345         386.310     439.518             131              97
   68       -1285.479    -379.584        -136.731     311.657              68              65
   62         919.299     197.202        1085.643     612.525              62              63
  201        -469.999   -1501.541          31.931    -853.808             201             132
  233         215.292     255.439          50.399     778.785             233             148
  218         322.765    -708.005         364.172    -433.470             218             140
   86        -309.672     266.317          17.573     722.482              86              75
  242        1455.136   -1879.185         728.731    -565.320             242             152
   41         767.409    1114.365        -666.068     212.481              41              52
    4        -144.913    1269.730         361.210     482.304               4              33
  239         -76.060     732.209         321.260     379.614             239             151
   71        -261.804    -639.603         292.479    -257.333              71              67
   95        -141.355    1105.763        -213.712     805.197              95              79
   59           7.294    -378.606         966.479       8.862              59              61
   81        -259.630     -27.195        -442.280     400.453              81              72
   55         914.893     267.787        1318.956     745.176              55              59
  147         807.715    -919.276         339.119    -631.313             147             105
   53        -271.105     293.365         115.615     550.537              53              58
  145        1367.647    -116.966         943.395     406.211             145             104
  213        1279.553    -861.049        1038.226    -448.217             213             138
  240        1201.976    -138.187         166.565    -499.244             240             152
  109        -455.679     318.626         275.225    -185.875             109              86
  107         540.753    -680.710          83.064     -77.503             107              85
   47         456.832     652.957         295.330    -112.317              47              55
  231        -503.941     471.756         -76.087     251.102             231             147
   78         170.355     272.658         873.132     247.889              78              70
  183        -220.324   -1101.020         243.808    -395.211             183             123
   81         296.085    -495.138         339.787     286.083              81              72
   20        1418.650    -809.601         811.980      56.704              20              42
   56        2053.871    -514.309         896.766    -611.106              56              59
   52         133.122     349.953         155.521    -546.532              52              58
   19         354.350   -1267.030         654.136    -782.296              19              41
  215        -407.269    -539.827        -999.656    -861.766             215             139
    4        -286.757     950.077         263.128     953.684               4              33
   67        1079.953   -1368.920         660.746   -1064.139              67              65
   45        -389.653     -91.850        -445.452    -154.555              45              54
    4         575.278    -572.007         210.571    -697.828               4              34
  109       -1117.783      -0.125        -911.447    -205.249             109              86
  161         -88.000       0.021        -116.000       0.000             161              35
   38       -1117.721       0.008        -911.450     205.247              38              35
  169         575.268     572.152         210.570     697.830             169              35
   72        -389.593      91.829        -445.452     154.553              72              35
   58        1079.765    1369.067         660.744    1064.140              58              35
  240        -286.607    -950.148         263.130    -953.684             240              35
  240        -407.280     539.832        -999.657     861.764             240              35
  241         354.250    1267.054         654.134     782.297             241              35
  103         133.329    -349.978         155.520     546.532             103              35
   28        2053.865     514.663         896.765     611.108              28              35
  106        1418.425     809.803         811.981     -56.703             106              35
   11         295.878     495.124         339.788    -286.082              11              35
  164        -220.572    1100.851         243.807     395.211             164              35
   92         170.369    -272.796         873.133    -247.887              92              35
   84        -503.844    -471.938         -76.086    -251.102              84              35
   98         456.997    -652.891         295.331     112.318              98              35
  234         540.645     680.779          83.064      77.502             234              35
  177        -455.561    -318.748         275.225     185.875             177              35
   34        1202.047     138.389         166.564     499.244              34              35
   70        1279.408     861.209        1038.225     448.219              70              35
   77        1367.522     117.090         943.396    -406.210              77              35
  102        -271.145    -293.461         115.616    -550.537             102              35
  106         807.521     919.330         339.118     631.312             106              35
  246         914.814    -267.754        1318.957    -745.174             246              35
  134        -259.762      27.070        -442.280    -400.454             134              35
  100           7.153     378.475         966.479      -8.860             100              35
   27        -141.235   -1105.871        -213.711    -805.198              27              35
  176        -261.942     639.482         292.478     257.333             176              35
  147         -75.940    -732.354         321.261    -379.614             147              35
   25        -144.661   -1269.782         361.210    -482.303              25              35
   45         767.637   -1114.103        -666.068    -212.482              45              35
  106        1454.736    1879.483         728.730     565.322             106              35
   48        -309.746    -266.424          17.574    -722.482              48              35
  151         322.575     708.017         364.170     433.470             151              35
  189         215.231    -255.435          50.401    -778.784             189              35
  190        -470.314    1501.374          31.929     853.808             190              35
  159         919.218    -197.211        1085.643    -612.524             159              35
  166       -1285.656     379.201        -136.731    -311.658             166              35
  189        -322.771   -1167.525         386.311    -439.518             189              35
  250        -497.845     -55.359        -385.723    -199.276             250              35
  115        -576.683     146.726         256.191     298.014             115              35
  125         192.364    -969.633         546.217    -210.583             125              35
  231         218.488    -796.683         -80.294    -443.440             231              35
   56         184.455     504.152         292.786     497.475              56              35
  224         938.868   -1015.234         906.092    -810.768             224              35
  100        -635.990    -365.286        -598.575    -407.020             100              35
  174         366.590     409.018         546.542     334.867             174              35
  247          96.800   -1028.737         557.171    -627.510             247              35
  235         839.456   -1151.433         361.146    -711.174             235              35
   87        -235.959    -905.177        -290.664   -1138.628              87              35
  165        -598.643    -213.480        -722.212    -132.348             165              35
  218         155.997    -245.213         144.475    -361.768             218              35
  137        -618.009    -452.965        -925.282    -737.352             137              35
   46       -1441.010    1056.674        -697.298     565.608              46              35
   44          26.059    -867.290         -80.555    -190.973              44              35
  151       -1111.408    1243.049       -1199.565     250.792             151              35
  101       -1170.886    1261.221         -56.927    1503.882             101              35
  209         914.123    -116.672         945.979     159.929             209              35
  152        -911.521    -610.937        -381.995    -137.381             152              35
  114         786.433     675.069         138.353    1122.267             114              35
  187        1068.972     698.996        1271.206     204.119             187              35
  127         418.463   -1324.031         460.655    -723.045             127              35
  171         467.925     357.833        -124.175    -161.494             171              35
  103        -441.494     510.196         230.756       3.235             103              35
   23           0.007    -284.081         302.000    -124.000              23              35
  250        -289.188    -441.761         186.071    -707.169             250              35
  134       -1782.584    -589.569        -934.162     -31.599             134              35
  223         652.924    -117.004         461.362     731.196             223              35
  173         595.021    -637.069         140.456    -581.251             173              35
   93        -201.911     672.505        -214.918     293.806              93              35
  122        -468.669    -151.202         111.583     -35.312             122              35
  132         347.682      24.155         124.389     372.479             132              35
  188         220.727     -95.863         516.857    -317.557             188              35
  194        -161.792    -838.831        -207.659    -294.131             194              35
   96         207.053     283.840        -144.473     -92.341              96              35
   36        -676.232     749.760        -387.835     143.784              36              35
  210       -1264.781     687.736          68.506     609.331             210              35
  131         598.890   -1340.386         589.270     -23.204             131              35
  167          82.883     357.979        -178.625    -146.883             167              35
  101         150.908    -137.429         502.563     197.370             101              35
  110        -598.711    -167.307        -158.033    -820.360             110              35
  167       -1599.815   -1019.933        -525.174     246.620             167              35
   81         252.667    -163.588        -486.864    -138.636              81              35
  119       -1840.492     860.126        -693.245    1174.506             119              35
   64         943.874     -40.940         566.190     788.208              64              35
  185          56.689     591.170         365.195     826.776             185              35
  246        1562.311    -202.469        1239.771     332.249             246              35
  224         922.693    -226.002         967.595    -334.993             224              35
   77        -165.055   -1305.135         317.040   -1385.646              77              35
  202       -2504.241    -601.354       -1545.224     232.836             202              35
   88         961.001     253.765         941.827    1284.703              88              35
  181         491.281   -1732.469         537.167    -577.901             181              35
   90        1366.149    -377.690         497.464     268.872              90              35
  116         405.918   -1699.597         536.882   -1149.032             116              35
  122        -110.851   -1252.783       -1019.564    -276.544             122              35
   71         540.315     182.409         -33.034     527.270              71              35
  101        1381.776    -282.046         102.427      29.518             101              35
   94         262.747     600.161          -4.677      15.770              94              35
  192         492.536    -305.228        -165.848     128.150             192              35
   66         536.656    1238.211          51.126     252.922              66              35
   21        -569.897      49.261         -57.896     178.989              21              35
   48         249.141     273.381         137.106     384.663              48              35
  165         305.664    -752.618         244.357     155.377             165              35
   13        1739.760     227.056         173.464      11.151              13              35
  240        -705.597     883.866        -240.185     125.492             240              35
  238         770.976     137.859         122.650     723.574             238              35
  183        1184.534    1371.338         774.163     344.360             183              35
  231         259.731    -452.448         560.406    -633.939             231              35
    9        -996.507      55.887        -950.389     -63.405               9              35
  235         988.447    1676.713         584.598    1355.444             235              35
  146         204.940     188.453         999.857    -633.601             146              35
  136        -343.634    -636.897        -120.642    -184.870             136              35
  239        -673.428     244.920          57.824    -367.683             239              35
  168        -852.558    -828.336        -352.643     318.705             168              35
  147         638.976    -136.085         613.301    -303.828             147              35
  208       -1319.710   -1788.230       -1205.718    -818.047             208              35
  118        -608.464    2040.337       -1148.978    1444.714             118              35
  122         -43.464    1027.262         603.377     879.971             122              35
  246       -1407.581     544.078        -365.794     344.076             246              35
  252        -406.644    -154.535         147.785    1098.138             252              35
  252        -692.036    1137.170         157.783     814.698             252              35
  233        -138.227   -1670.731        1054.603     720.323             233              35
   88         -17.359   -1061.615        -328.929    -359.630              88              35
    2        -639.663    -963.550         -39.456    1264.718               2              35
   47        -484.675    -619.185        -742.226     546.966              47              35
   14        1290.143    -297.778         702.090    2863.590              14              35
  199       -1314.927    -138.586        -915.330      66.661             199              35
  119         961.712   -1054.285         574.143    9777.859             119              35
