SINAL     NFT                         FFT                         NFT INVERSA     FFT INVERSA
-----     -----------------------     -----------------------     -----------     -----------
  203       34347.000       0.000       18469.248       0.000             203             137
  202        2364.196    -441.211         835.195  -10578.798             202             138
  107         423.934     146.160         377.093   -1212.155             107              89
  115       -1389.363    -325.655       -1322.297   -3945.059             115              94
  195        -346.960    1979.418        -214.039    1341.230             195             133
  213         550.694     388.544         917.445   -2083.655             213             143
   57       -1014.682     -12.806        -133.511     -30.051              57              64
   97         336.458    -564.780         509.583   -1311.351              97              85
  157         191.229    -696.899        -136.775    -207.559             157             114
   91        1101.173     906.316         267.186    -485.052              91              82
   91         473.401     393.578         711.789    -146.972              91              81
   23         682.767       1.455         344.154   -1022.273              23              48
  122          75.062     253.149         396.410    -691.282             122              96
  198       -1866.187    -121.619        -974.562    -979.932             198             136
  188        -597.666     600.692          43.282    1250.159             188             129
  195        1528.720    -258.134         975.860    -362.306             195             134
  159         579.078     401.364         628.849       9.626             159             115
  158         607.196    -653.542         752.230    -741.618             158             116
  149         918.770    -597.215         386.719    -397.188             149             110
  186        1082.659     582.497         529.601    -302.896             186             130
   70        1457.499    -336.591        1490.509    -923.034              70              70
   10        -561.401   -1250.167        -561.798   -2190.092              10              42
  156       -1303.280     678.707        -544.507       8.524             156             113
   42       -1119.384    -937.906        -313.705    -953.581              42              58
   99        -771.424    -241.957        -378.954     245.564              99              85
  245         -40.184   -1346.240        -255.287    -666.522             245             159
  236        1058.745    1003.883        -214.924     757.270             236             153
  147          91.580     427.195         539.607    -967.785             147             110
  196       -1917.382    -182.477       -1289.014     313.459             196             133
  224         899.145     708.750         768.511     868.621             224             149
  130        1338.829    -788.056         481.970    -293.911             130             100
  153        1158.822    1590.502         424.625       1.651             153             113
  255        -432.215    -615.332         680.666    -718.067             255             163
  171         173.451   -1037.295        -861.782    -840.406             171             122
   80        -160.880    2956.274        -264.769    1161.500              80              75
   85        -533.337     152.712        1189.003    -175.786              85              79
  185         168.621   -1745.234         -47.585    -688.433             185             128
  221           3.788     922.080        -257.962     -29.688             221             147
  113        -489.678     118.791         174.917     343.690             113              92
   37         528.196     100.969         462.124     -73.417              37              55
  212         -10.069    -668.753         254.760    -151.672             212             141
  160         867.416     234.836         213.896     131.980             160             117
  183        1508.159    -314.376        1199.844    -253.299             183             127
  172         401.454    -412.200        -282.349   -1584.178             172             123
  247       -1718.071     647.388        -679.183     522.324             247             159
   66        1617.321    -460.637         564.578    -441.625              66              70
  119       -1051.539    1008.740        -746.526    -271.816             119              95
  174        -574.452     813.816        -218.614     476.771             174             124
  196        -317.437     884.222         199.954     606.904             196             133
  207         903.587     234.232         779.715      27.618             207             140
  254        -360.523      97.541         174.718    -414.631             254             162
  242         -69.177    -107.686         -99.411    -133.267             242             158
  240        -395.795     882.046        -272.934     150.525             240             155
  236        -455.137    1785.090          70.810     888.116             236             155
   71        -265.581     413.302        1205.728     245.740              71              71
   74        -195.362    -706.483         125.805    -389.815              74              74
  132        -561.539     348.296         688.723     434.965             132             101
  108         764.666   -1684.444         428.459    -440.930             108              91
  211         856.252    1272.148         818.603     319.070             211             141
   74        -391.378   -1656.856         570.440   -1230.904              74              74
   28        -703.049     -20.758        -417.269     155.717              28              49
  169          67.439    -786.289         562.883     -42.486             169             121
  113         650.187    -268.699         502.471     152.443             113              92
   88         696.276   -1295.728         763.150    -688.432              88              81
   97         900.017    -568.968         312.000    -145.000              97              84
  189        1222.047   -1173.809         722.902   -1288.901             189             131
  176       -1009.249    -235.928       -1100.105    -521.457             176             123
  184         365.505     398.042         161.854     409.454             184             129
  248         273.515     513.152         142.176    -144.886             248             159
   57        -503.749     412.748         138.601     102.690              57              65
    7         102.690     142.166         761.755     325.006               7              39
  144         782.201   -1877.259        1015.085    -931.711             144             109
   72        1104.153   -1074.169         166.298    -809.197              72              71
  156        -144.083    -661.508        -133.406   -1468.686             156             115
   73       -2176.738    -157.225       -1400.645     188.063              73              72
  173        1244.917    -479.053         748.343     190.549             173             123
   60        -368.215    -359.098        -598.173    -703.339              60              65
   13        -322.459      33.254        -196.820     360.093              13              43
  148         407.948      -6.407         -70.750     248.422             148             109
  153        1279.349      49.019         666.545     -14.419             153             113
  233         170.950     188.843        -360.630    -338.140             233             152
    7         701.657    1323.346         584.760     493.018               7              40
   73        -330.079    -275.744         356.775    -711.993              73              72
    7         382.652    -328.038         304.780     -60.590               7              40
   20         209.596    -735.530         348.837   -1231.949              20              45
  110       -1002.147    -935.409       -1198.862    -677.215             110              92
  205        -612.071    1994.416        -617.062     696.819             205             138
   76        -877.198    -184.320         387.207     178.851              76              75
  253         239.400    -316.650        -206.194    -228.482             253             162
   92        -786.062     362.108         -87.512     187.470              92              83
   45          -6.601    -293.318         -62.103      99.106              45              58
  244         114.605      -3.568         126.824      89.556             244             159
   29         229.337     521.386        -177.203     200.632              29              50
   50         -54.480     658.235         705.124     249.187              50              62
   10        -294.576   -1179.269        -231.467    -737.027              10              40
  208        -485.982     999.515        -188.486     814.432             208             141
  109         624.281    -899.294         727.335    -310.067             109              90
  127          21.792     -13.332        -317.515     -12.114             127             100
   75         638.194     158.868         474.038      56.942              75              73
  124        -293.617     -24.160        -109.506    -372.778             124              99
    3        -557.494    -377.737        -348.760     123.978               3              37
  134         973.498     931.052         107.504     839.033             134             104
  147         959.517     741.579        1126.608    -205.560             147             109
  253        -962.189    -573.858        -504.279    -495.007             253             163
  234         533.853    1045.128         385.667     816.347             234             152
  229         519.933    -127.504         781.202    -342.538             229             151
  161         641.611      28.514         437.336    -422.828             161             116
  154       -1071.773     255.356        -208.342    -676.602             154             114
   54       -1110.723      75.827         -42.480     298.711              54              62
  189        -498.519    -650.942         303.469    -375.422             189             131
  201        -427.581   -1224.691         120.933     -86.984             201             136
   49         752.213   -1178.078         -93.539    -723.661              49              61
   94        -640.768    1209.880        -416.173     428.582              94              82
  223        -695.329    -944.408         439.782    -497.634             223             148
  209        -923.055   -1103.880        -947.305     168.025             209             140
  165        1510.130     394.830         636.024     657.704             165             119
  197         370.061      15.283         332.768    -352.448             197             134
   11        -103.102    -549.401          44.614    -434.028              11              42
  199        -797.813     188.062        -513.300     280.121             199             135
   48         873.540    -796.873         874.327     -20.796              48              61
  174        -221.551    -712.491        -917.525    -668.128             174             122
   12         230.846    1461.052         294.307    1287.878              12              43
  150         954.900   -1091.426         736.684    -895.338             150             110
  226        -330.323     490.859        -548.279      96.563             226             150
   81        -290.145      -4.911         351.939    -189.243              81              76
  129        -772.955    -818.967        -582.628     -32.795             129             101
  205         440.343     317.159         147.711     520.538             205             138
  150         409.525    -593.003         268.742     112.524             150             112
   20        1565.000       0.166         327.000       0.000              20              39
    2         409.337     593.091         268.739    -112.524               2              40
  126         440.286    -317.065         147.712    -520.538             126              39
  207        -773.163     818.844        -582.629      32.793             207              40
  100        -290.136       4.813         351.939     189.244             100              39
   27        -330.180    -490.894        -548.278     -96.565              27              40
   67         954.743    1091.552         736.682     895.339              67              39
   61         231.041   -1461.010         294.310   -1287.877              61              40
  220        -221.681     712.548        -917.526     668.127             220              39
  165         873.356     797.004         874.327      20.799             165              40
   70        -797.835    -188.215        -513.300    -280.122              70              39
  130        -103.157     549.372          44.613     434.029             130              40
  164         370.101     -15.254         332.768     352.449             164              39
   72        1510.094    -394.535         636.025    -657.702              72              40
  164        -923.388    1103.760        -947.304    -168.027             164              39
  123        -695.520     944.193         439.781     497.635             123              40
   69        -640.526   -1210.000        -416.172    -428.582              69              39
  158         752.010    1178.264         -93.541     723.661             158              40
   38        -427.855    1224.546         120.933      86.984              38              39
   89        -498.670     650.708         303.468     375.423              89              40
  215       -1110.693     -76.162         -42.480    -298.711             215              39
  174       -1071.589    -255.638        -208.344     676.603             174              40
  160         641.763     -28.488         437.336     422.828             160              39
   17         519.968     127.477         781.200     342.540              17              40
   35         534.016   -1045.095         385.669    -816.346              35              39
   48        -962.231     573.645        -504.280     495.005              48              40
  154         959.734    -741.506        1126.607     205.562             154              39
  102         973.608    -930.870         107.505    -839.033             102              40
   73        -557.607     377.676        -348.759    -123.978              73              39
  225        -293.576      24.090        -109.506     372.777             225              40
  196         638.246    -158.770         474.038     -56.941             196              39
   24          21.783      13.351        -317.514      12.113              24              40
  131         624.089     899.340         727.334     310.067             131              39
    7        -485.865    -999.628        -188.484    -814.433               7              40
  103        -294.764    1179.179        -231.468     737.026             103              39
   68         -54.343    -658.345         705.124    -249.186              68              40
  217         229.432    -521.358        -177.203    -200.632             217              39
   86         114.581       3.600         126.825     -89.556              86              40
  167          -6.699     293.290         -62.103     -99.107             167              39
  139        -786.007    -362.262         -87.512    -187.470             139              40
   46         239.342     316.669        -206.194     228.482              46              39
   76        -877.242     184.076         387.208    -178.850              76              40
  117        -611.691   -1994.482        -617.061    -696.821             117              39
  241       -1002.183     935.362       -1198.864     677.213             241              40
  252         209.624     735.552         348.836    1231.950             252              39
  117         382.683     328.038         304.780      60.591             117              40
   19        -330.023     275.578         356.773     711.994              19              39
   70         701.982   -1323.271         584.762    -493.016              70              40
   14         171.066    -188.760        -360.630     338.140              14              39
  150        1279.387     -48.762         666.545      14.420             150              40
  194         407.886       6.516         -70.750    -248.423             194              39
   29        -322.487     -33.252        -196.819    -360.093              29              40
  139        -368.229     359.095        -598.175     703.338             139              39
   98        1244.786     479.291         748.344    -190.546              98              40
   51       -2176.762     156.900       -1400.644    -188.067              51              39
   34        -143.997     661.539        -133.409    1468.686              34              40
   63        1104.094    1074.373         166.298     809.197              63              39
  219         781.891    1877.267        1015.083     931.713             219              40
  133         102.687    -142.339         761.755    -325.005             133              39
  249        -503.647    -412.939         138.602    -102.690             249              40
  250         273.669    -513.142         142.175     144.886             250              39
  235         365.590    -397.943         161.855    -409.452             235              40
   20       -1009.185     235.841       -1100.105     521.455              20              39
   43        1221.988    1174.039         722.901    1288.904              43              40
  140         899.948     569.096         312.000     145.000             140              39
  135         696.042    1295.772         763.146     688.431             135              40
  171         650.082     268.704         502.472    -152.442             171              39
  216          67.223     786.198         562.882      42.486             216              40
  211        -703.076      20.557        -417.269    -155.718             211              39
    9        -391.579    1656.628         570.436    1230.905               9              40
  207         856.519   -1272.135         818.605    -319.069             207              39
   62         764.322    1684.461         428.457     440.930              62              40
  112        -561.543    -348.582         688.724    -434.964             112              39
  112        -195.488     706.251         125.803     389.814             112              40
  133        -265.514    -413.611        1205.728    -245.738             133              39
  206        -454.817   -1785.315          70.812    -888.116             206              40
   41        -395.589    -882.123        -272.934    -150.526              41              39
  252         -69.129     107.649         -99.411     133.267             252              40
  172        -360.413     -97.683         174.717     414.632             172              39
  233         903.670    -234.189         779.715     -27.616             233              40
  135        -317.307    -884.362         199.954    -606.903             135              39
    1        -574.282    -813.943        -218.613    -476.772               1              40
  111       -1051.216   -1008.869        -746.527     271.814             111              39
   66        1617.320     460.940         564.576     441.626              66              40
   97       -1717.884    -647.659        -679.182    -522.325              97              39
   53         401.615     412.300        -282.353    1584.177              53              40
  199        1508.222     314.599        1199.844     253.301             199              39
   82         867.448    -234.709         213.896    -131.980              82              40
  218         -10.184     668.711         254.759     151.673             218              39
  183         528.206    -100.965         462.124      73.417             183              40
   42        -489.653    -118.946         174.917    -343.690              42              39
   37           3.998    -922.061        -257.962      29.687              37              40
  180         168.360    1745.208         -47.586     688.434             180              39
  102        -533.258    -153.035        1189.003     175.789             102              40
  117        -160.278   -2956.305        -264.767   -1161.500             117              39
   67         173.379    1037.435        -861.783     840.405              67              40
  254        -432.165     615.169         680.665     718.067             254              39
  219        1159.243   -1590.327         424.624      -1.652             219              40
  235        1338.719     788.299         481.969     293.911             235              39
  178         899.148    -708.622         768.512    -868.619             178              40
  228       -1917.419     182.158       -1289.013    -313.461             228              39
  201          91.807    -427.194         539.605     967.786             201              40
  211        1058.963   -1003.603        -214.923    -757.270             211              39
  216         -40.447    1346.319        -255.288     666.521             216              40
  180        -771.464     241.822        -378.954    -245.565             180              39
  147       -1119.455     937.667        -313.708     953.579             147              40
   76       -1302.956    -678.943        -544.507      -8.526              76              39
   37        -561.274    1250.060        -561.803    2190.091              37              40
  213        1457.733     336.720        1490.508     923.037             213              39
  121        1082.920    -582.366         529.600     302.896             121              40
  176         918.782     597.349         386.719     397.189             176              39
  194         607.182     653.539         752.229     741.621             194              40
  246         579.250    -401.369         628.849      -9.625             246              39
  121        1528.680     258.301         975.859     362.305             121              40
   13        -597.617    -600.865          43.284   -1250.159              13              39
  224       -1866.050     121.258        -974.564     979.928             224              40
  156          75.401    -253.197         396.409     691.283             156              39
  190         683.018      -1.403         344.151    1022.272             190              40
  153         473.695    -393.564         711.789     146.974             153              39
   50        1101.510    -906.111         267.185     485.053              50              40
  200         191.274     696.962        -136.776     207.559             200              39
  201         336.543     564.761         509.580    1311.350             201              40
  204       -1014.393      12.514        -133.511      30.051             204              39
   10         551.143    -388.587         917.440    2083.656              10              40
  155        -346.201   -1979.470        -214.037   -1341.230             155              39
  167       -1388.696     325.510       -1322.307    3945.053             167              40
  187         425.105    -146.054         377.091    1212.156             187              39
  145        2366.016     441.615         835.171   10578.793             145              40
