SINAL     NFT                         FFT                         NFT INVERSA     FFT INVERSA
-----     -----------------------     -----------------------     -----------     -----------
  137       33534.000       0.000       17968.248       0.000             137             103
  219        1015.682    -792.100         733.852  -10535.852             219             145
  100         109.617    -630.415        -273.373    -744.459             100              85
   32         271.832     480.217        -317.824   -3213.899              32              51
   72        -105.146    1306.811         326.262      75.430              72              71
   40       -1109.749   -1341.423         -62.248   -2762.223              40              55
  211        -564.606     286.375        -872.874     463.081             211             140
  246         430.573       2.122         861.521   -1080.596             246             158
  104         180.765   -1039.161        -304.824    -689.314             104              87
   60          90.289      65.404         -18.941    -767.252              60              65
   56         973.341    -420.868         -78.012    -539.540              56              63
  248        -824.844    1071.422        -667.800    -849.951             248             159
  148       -1183.578     328.721        -582.002     496.257             148             109
  232         626.437     324.765         175.700      69.157             232             151
  213         578.464     933.647          76.907     168.128             213             141
    9        -185.233     949.991         244.325     112.678               9              40
  234         592.633     502.012         574.983     155.268             234             152
  181         293.969     -70.569         802.374    -338.398             181             126
   75         850.196   -1118.518         400.624   -1213.108              75              72
  193       -1472.325    -188.647       -1083.035    -400.657             193             132
  134        1277.951     542.429         120.174     461.484             134             102
   19        -761.924    1545.453        -265.307     194.632              19              45
  237        1203.043     175.271        1039.402     569.095             237             153
  234         615.864     221.546         307.463    -769.378             234             152
    0         470.332     270.198         476.116      14.468               0              35
  136         514.023      61.548         -75.882    -815.065             136             103
   36        -205.955    2275.389          96.548     308.945              36              53
  193       -2003.350    -192.633         243.206    -604.908             193             132
   24        -126.553   -1242.630         -81.314    -178.679              24              47
  163        -378.755     240.274        -587.698    -301.455             163             117
  224        -517.167    1724.833        -100.216     990.136             224             147
  142        -636.626     180.317         633.296     276.838             142             106
  224         952.668    -721.572         944.125     -57.296             224             147
  211        -296.359   -1248.558        -432.720    -927.872             211             141
  179         710.148    2232.955         -64.301    1342.192             179             124
  226        -576.327     155.675        1056.951    -346.278             226             148
  149         376.803    -186.027         177.016     589.753             149             109
  103         988.157    -600.777        1575.874    -670.473             103              87
   98           7.984   -1256.346        -676.505    -770.591              98              84
  142        -191.014    1246.121         296.547     737.947             142             106
   91        1383.574    -304.979         781.192     -14.397              91              80
   80        -158.369     721.075         757.097    -162.238              80              75
  107         603.520   -1518.363         562.134    -431.857             107              88
  244         337.616     283.625         468.437    -168.551             244             157
   58        1166.895   -1218.432         829.770    -323.727              58              64
  164         969.830     111.047         649.029    -714.212             164             117
  157         158.218   -1022.994         369.031    -690.171             157             113
   80         632.473    -294.239         560.749    -485.050              80              75
  159        1044.353   -1802.320         619.395   -1454.572             159             114
  235        -846.758    -148.721        -861.215    -933.374             235             153
  160         257.285   -1057.804         232.012    -356.066             160             115
  131         172.015    -107.355        -853.617    -903.577             131             101
    6        -214.051    1385.600         177.275     518.102               6              38
   97        -378.656   -1185.118          82.985   -1455.266              97              84
  103       -1282.721     204.173       -1281.806      71.129             103              86
   65        -610.065    1018.509         124.060     426.967              65              68
  229        -169.037   -1267.177         253.291    -299.338             229             149
  233         191.971    -248.284        -580.395    -382.449             233             152
  226         -94.363    1221.600          69.466     782.656             226             148
   99         615.385    -457.857         769.011    -577.144              99              85
  235        -327.336    -615.256        -294.862    -635.917             235             152
  112        -506.209      13.193        -559.392    -214.585             112              91
   18         -84.293     696.304          31.711     435.899              18              44
  212         -62.509    -493.123          34.956    -717.733             212             141
  237       -1311.044     958.943        -904.000     420.000             237             153
   89        -552.678     115.009         375.377     558.965              89              80
  203         473.946    -407.499         212.412     148.417             203             136
  106         385.521    -289.824         416.614     103.047             106              88
   15        1488.725    -213.987         505.394     -56.043              15              42
  206         503.927    -200.047         399.840    -650.249             206             138
  189         480.389     -69.780        -389.874    -420.824             189             129
   93        -713.516    1383.472        -225.801     254.672              93              82
  126         784.106     213.937         500.142     182.513             126              98
  157        -461.906     923.926         222.456    -557.667             157             114
  230        -985.940   -1021.151        -141.680    -360.359             230             150
  247        -646.419     416.681        -955.018    -114.856             247             159
   19        -617.725    2303.172         134.571    1796.427              19              44
  233         805.857    -326.449        1808.521    -239.230             233             152
  192         168.679   -1290.618         128.636    -543.804             192             131
   48         471.866     368.383         776.884    -157.256              48              59
  158         350.368   -1773.522         595.460    -737.597             158             114
   57        1137.047    -436.299         330.881   -1082.570              57              64
  180        -963.867    -831.582        -381.156    -939.191             180             125
  225        -107.261      11.921        -546.819    -637.854             225             148
   33       -1985.227     688.254        -625.811      -7.268              33              51
   39        -503.687    -762.253          44.106    -108.994              39              55
   44        -440.525    -395.891        -225.363    -553.060              44              57
  226       -2094.027    -546.409       -1043.872    -491.241             226             148
   36       -1347.922    -122.365        -996.753    1280.643              36              53
   74        2208.086     882.072        1173.072     666.251              74              72
  187       -1287.068    -298.069        -105.734    -770.459             187             128
    7        -571.656    -284.749        -405.249     725.109               7              39
  191         507.757     265.360         825.188     353.603             191             130
   23         472.599   -1377.166         405.615    -223.903              23              47
   61        1106.468    -179.568         615.347    -210.546              61              65
   45         139.289   -1333.963          95.168    -549.506              45              58
  121        2037.317      -9.437         799.875     -81.297             121              95
  202         376.455   -1478.515         280.310   -2063.184             202             136
  153       -1382.628    -267.614       -1733.338    -576.734             153             111
    9        -720.574    1091.111        -532.069     323.432               9              40
   91        -904.536     409.235        -378.961     233.632              91              80
   91        -324.833    -114.894        -142.871     -82.516              91              81
  189        -574.499     735.376        -418.212     488.514             189             129
  215         335.645     -78.406         670.408    -216.609             215             143
  246       -1524.508    -264.330       -1067.864    -528.074             246             158
   36        -651.830     896.860           5.211    1181.429              36              53
  205         613.812    -795.069         730.839    -766.709             205             137
  139       -2206.915    -423.217       -1260.417    -373.662             139             105
   36        -594.065     -80.754        -200.774     919.358              36              53
  134         -60.988    -347.901        -142.137     -49.447             134             102
  115        -875.046     126.799        -355.630     883.596             115              92
  173        1384.712    -434.649         484.852     517.548             173             122
  198         756.674    1038.897         470.163     428.243             198             134
   82         320.790    -710.145         530.883    -179.123              82              76
  213         726.890     484.470         346.189     297.483             213             141
   25         534.186    -891.535         844.154    -740.133              25              48
  194        -703.197    -504.087        -509.334    -462.699             194             132
  218           5.469   -1268.774          65.447    -201.746             218             144
  228         383.225     561.955        -625.453      18.986             228             149
  109        -967.777     437.425         303.234     415.944             109              90
   71         374.921   -1211.189         118.700    -197.044              71              70
   23        -228.071   -1036.148         -57.670    -269.504              23              47
   71        1010.595    -530.367        -583.950     414.266              71              70
  110        1347.062    1485.989         830.525     493.605             110              90
   94         231.222    -823.874          41.403    -514.930              94              82
  101         767.437     743.634         397.819     263.421             101              86
  114         378.841   -1256.433         196.223   -1008.096             114              92
  197        -286.981     897.784        -794.896      21.921             197             134
  186        -988.000      -0.092         124.000       0.000             186              38
  242        -286.737    -897.760        -794.900     -21.923             242              38
  210         378.728    1256.538         196.221    1008.097             210              38
   12         767.606    -743.498         397.819    -263.420              12              38
   91         231.124     823.915          41.402     514.929              91              38
   66        1347.314   -1485.710         830.525    -493.603              66              38
   53        1010.391     530.697        -583.949    -414.266              53              38
  245        -228.356    1036.185         -57.670     269.503             245              38
  213         374.619    1211.202         118.699     197.045             213              38
    9        -967.750    -437.650         303.234    -415.943               9              38
    1         383.320    -561.818        -625.454     -18.987               1              38
  196           5.210    1268.833          65.447     201.747             196              38
   25        -703.260     503.942        -509.334     462.697              25              38
  226         534.095     891.545         844.151     740.135             226              38
   98         726.960    -484.412         346.189    -297.482              98              38
  237         320.638     710.134         530.883     179.124             237              38
   37         756.801   -1038.803         470.164    -428.242              37              38
   94        1384.461     434.904         484.852    -517.547              94              38
   28        -875.221    -126.945        -355.629    -883.597              28              38
  167         -61.183     347.895        -142.137      49.448             167              38
   23        -594.246      80.651        -200.772    -919.359              23              38
   86       -2207.001     422.841       -1260.418     373.659              86              38
   74         613.702     795.084         730.838     766.711              74              38
   67        -651.760    -897.032           5.214   -1181.429              67              38
  147       -1524.521     264.069       -1067.864     528.072             147              38
   55         335.681      78.405         670.407     216.611              55              38
  169        -574.383    -735.489        -418.212    -488.514             169              38
  249        -324.853     114.849        -142.871      82.517             249              38
   70        -904.448    -409.396        -378.960    -233.633              70              38
  255        -720.326   -1091.136        -532.068    -323.433             255              38
  186       -1382.496     267.558       -1733.339     576.731             186              38
   16         376.464    1478.644         280.307    2063.185              16              38
  170        2037.407       9.804         799.875      81.296             170              38
  156         139.062    1333.994          95.166     549.506             156              38
   43        1106.424     179.728         615.348     210.547              43              38
   72         472.288    1377.174         405.615     223.904              72              38
  246         507.678    -265.377         825.189    -353.602             246              38
  136        -571.828     284.601        -405.248    -725.110             136              38
  230       -1287.086     297.764        -105.735     770.459             230              38
  232        2208.151    -881.735        1173.074    -666.248             232              38
   27       -1348.172     122.186        -996.750   -1280.644              27              38
   72       -2094.141     546.070       -1043.873     491.238              72              38
  103        -440.530     395.798        -225.364     553.059             103              38
  192        -503.817     762.092          44.106     108.995             192              38
   41       -1985.018    -688.638        -625.810       7.266              41              38
   99        -107.094     -11.893        -546.820     637.853              99              38
  102        -963.813     831.442        -381.157     939.190             102              38
  249        1137.145     436.488         330.879    1082.571             249              38
  212         350.136    1773.481         595.459     737.597             212              38
  108         471.968    -368.433         776.883     157.258             108              38
  231         168.490    1290.511         128.635     543.804             231              38
  130         805.765     326.309        1808.519     239.234             130              38
  171        -617.404   -2303.411         134.575   -1796.426             171              38
  192        -646.349    -416.739        -955.018     114.854             192              38
   74        -986.036    1020.924        -141.680     360.359              74              38
   59        -461.598    -924.110         222.454     557.667              59              38
  213         784.237    -213.867         500.143    -182.512             213              38
  192        -713.193   -1383.581        -225.800    -254.673             192              38
  129         480.518      69.938        -389.875     420.823             129              38
  191         504.005     200.163         399.839     650.250             191              38
   34        1488.709     214.242         505.394      56.044              34              38
   35         385.407     289.873         416.615    -103.045              35              38
    4         473.783     407.519         212.413    -148.417               4              38
   90        -552.762    -115.191         375.380    -558.963              90              38
   38       -1310.868    -959.172        -904.000    -420.000              38              38
  210         -62.515     493.114          34.953     717.731             210              38
  105         -84.140    -696.324          31.711    -435.899             105              38
  221        -506.155     -13.222        -559.394     214.584             221              38
   79        -327.335     615.212        -294.863     635.916              79              38
   84         615.375     457.882         769.009     577.145              84              38
   53         -94.136   -1221.625          69.467    -782.656              53              38
   71         191.943     248.402        -580.396     382.448              71              38
   26        -169.265    1267.104         253.291     299.339              26              38
  188        -609.899   -1018.666         124.061    -426.967             188              38
  211       -1282.602    -204.319       -1281.805     -71.131             211              38
  235        -378.698    1185.028          82.982    1455.267             235              38
  170        -213.660   -1385.641         177.277    -518.102             170              38
   89         172.144     107.516        -853.619     903.574              89              38
   95         257.210    1057.915         232.011     356.066              95              38
   19        -846.611     148.634        -861.216     933.372              19              38
   72        1044.244    1802.491         619.393    1454.572              72              38
   21         632.527     294.273         560.748     485.050              21              38
  154         158.169    1022.941         369.030     690.172             154              38
  103         969.972    -110.952         649.027     714.213             103              38
  125        1166.731    1218.543         829.770     323.729             125              38
   17         337.676    -283.656         468.437     168.552              17              38
   92         603.281    1518.333         562.133     431.858              92              38
  180        -158.192    -721.264         757.097     162.240             180              38
  168        1383.542     305.096         781.192      14.399             168              38
   63        -190.831   -1246.182         296.549    -737.948              63              38
  116           7.830    1256.342        -676.507     770.590             116              38
  146         988.079     600.806        1575.873     670.477             146              38
   24         376.721     185.919         177.017    -589.753              24              38
  210        -576.292    -155.968        1056.949     346.280             210              38
  156         710.543   -2232.857         -64.298   -1342.192             156              38
  126        -296.557    1248.551        -432.721     927.872             126              38
  190         952.520     721.592         944.125      57.297             190              38
  140        -636.658    -180.623         633.295    -276.840             140              38
  155        -516.868   -1724.998        -100.214    -990.136             155              38
  182        -378.678    -240.286        -587.700     301.453             182              38
   29        -126.757    1242.545         -81.314     178.679              29              38
  160       -2003.271     192.073         243.204     604.908             160              38
  204        -205.326   -2275.522          96.549    -308.944             204              38
  246         514.234     -61.439         -75.884     815.064             246              38
   59         470.531    -270.150         476.115     -14.467              59              38
  236         616.033    -221.487         307.461     769.378             236              38
  230        1203.109    -175.153        1039.403    -569.093             230              38
  209        -761.603   -1545.598        -265.307    -194.633             209              38
   18        1278.091    -542.121         120.175    -461.483              18              38
  185       -1472.271     188.489       -1083.036     400.654             185              38
   96         850.181    1118.638         400.621    1213.110              96              38
   20         294.064      70.496         802.375     338.400              20              38
  214         592.798    -502.026         574.984    -155.268             214              38
  113        -184.979    -950.081         244.324    -112.681             113              38
  144         578.730    -933.534          76.907    -168.128             144              38
  167         626.516    -324.620         175.699     -69.157             167              38
  102       -1183.451    -328.902        -582.002    -496.257             102              38
  254        -824.421   -1071.476        -667.802     849.949             254              38
   84         973.504     421.139         -78.014     539.540              84              38
   12          90.475     -65.310         -18.942     767.253              12              38
  145         180.797    1039.215        -304.826     689.313             145              38
   39         430.764      -2.090         861.518    1080.596              39              38
  164        -564.337    -286.447        -872.873    -463.083             164              38
  170       -1109.585    1341.175         -62.254    2762.222             170              38
  246        -104.379   -1306.903         326.262     -75.429             246              38
   69         272.584    -480.095        -317.831    3213.895              69              38
  224         110.479     630.495        -273.375     744.459             224              38
  129        1017.360     792.229         733.829   10535.848             129              38
