SINAL     NFT                         FFT                         NFT INVERSA     FFT INVERSA
-----     -----------------------     -----------------------     -----------     -----------
  171       32897.000       0.000       15988.248       0.000             171             116
   14         126.199    1920.213        -199.371   -9170.521              14              39
  133        -886.188     571.150        -105.062     283.265             133              97
   21         291.861     123.240         265.940   -2858.170              21              42
  128          10.204      41.263          54.758    -179.557             128              95
  231        -115.816     147.968         -36.437   -1599.402             231             147
  121         485.411     249.799         230.950     -14.757             121              91
  116        -385.025     476.015         180.667   -1177.214             116              90
   21         -14.066   -1070.299         336.855    -386.968              21              41
  185         391.870    -604.043        -184.640   -1149.930             185             124
  222         576.095      79.160           6.253    -206.577             222             142
  124          87.236     588.381          50.288    -566.686             124              94
  137         553.805    -856.223         478.454   -1083.179             137              99
   79       -1963.070    -117.281       -1694.633    -862.608              79              71
  104         709.501     635.289         261.405     884.797             104              83
   31        -369.539     595.033        -572.191    -725.941              31              47
   38         -49.710    1286.275         353.493    1136.617              38              50
  130         473.296    -419.020         687.794    -912.995             130              97
  252         230.492    -847.173         115.083    -407.812             252             157
  163         -94.481    -176.234        -665.822    -916.913             163             113
   22        -192.890     917.494        -230.492     558.083              22              42
   30        -223.235     277.034        -230.917    -607.085              30              47
  109        -666.296     874.262        -398.161     708.333             109              85
   77         114.238     717.963         323.426     -37.479              77              70
   84        -505.741    -487.033           0.705      32.385              84              73
   75         596.693     752.688        -366.015     248.776              75              69
  156         222.810    1733.646         977.621     813.212             156             109
  165         295.760   -1177.377         568.613    -940.215             165             114
   29          73.007      59.817         107.805    -284.033              29              45
  188       -1284.807    -377.480        -779.844    -441.634             188             126
  233         883.030     946.901         796.174    1436.601             233             147
   76        1696.863   -1351.896        1188.824   -1907.693              76              70
  117       -2143.911     -14.072       -1263.135    -297.389             117              89
  235         378.034   -1034.210         242.983    -191.823             235             149
   85         -72.101    -276.992        -578.561    -341.833              85              73
  131         140.128    -116.564        -494.668    -187.735             131              97
    8        -753.273    1525.393        -779.781     532.115               8              35
   87        -264.637     155.730         120.929     550.415              87              75
  112         646.105     463.027          -6.065     138.462             112              87
   72        -517.285     328.330        -382.517     222.818              72              68
  105         358.812    1389.141        -162.747     945.657             105              83
   40         192.419    1002.831         531.722     890.953              40              52
  251        2018.677     470.501        1229.079     272.545             251             156
   26          62.512     -53.927         197.054    -739.197              26              45
  187         131.704     893.747         -84.186     427.585             187             124
  143        -456.926     479.872         226.497     246.659             143             103
  110        1703.601     211.821        1010.063     718.432             110              86
   85        1651.424    -613.706         970.236   -1271.950              85              74
  168         -13.993     725.783        -772.768    -244.720             168             115
  232        -141.988    1590.485         248.186     256.296             232             148
  156         134.506     666.985         -32.354     -67.811             156             109
  136        -892.358    2244.119         -70.591     559.139             136             100
    2          53.029     837.374        1136.470     392.934               2              32
   31       -1398.127    -470.767          13.490    -914.499              31              47
   28        -494.037     181.126         -12.605    1114.102              28              45
  212        1414.335     321.297        1510.604    -402.901             212             138
   26       -1138.870   -1024.169         -69.155    -555.600              26              44
  128         785.539    -164.015         402.039      58.499             128              96
  150         494.174     205.568         711.753    -247.016             150             106
    4        -133.512    -542.166         251.987    -821.028               4              34
  221        -311.272     123.760         226.948     -35.180             221             141
  179         -61.895   -1147.915         494.752   -1060.905             179             121
  112        -443.582    -720.136        -352.212    -459.669             112              87
   27         -92.630    -573.217          -7.746    -972.140              27              45
   28       -1563.026     -52.061       -1015.000    -307.000              28              45
  133       -1347.735    -159.453        -614.627    -334.994             133              98
  224       -2185.934     663.988       -1388.939    1129.603             224             143
  132        1164.004     552.695        1345.769    1072.674             132              98
  224          90.238   -1075.152          45.069    -844.720             224             143
  218        -407.651     852.146        -188.545     616.159             218             141
   26         152.625    -120.507         746.590     106.074              26              44
  101          38.623    -958.275         394.065    -769.765             101              82
   27       -1434.339   -1101.423        -783.497    -401.357              27              44
  192         303.416    -237.721         -71.857     521.512             192             128
  108        -101.632    -298.548         -21.349    -164.915             108              85
  193         209.660    -444.311        -103.646     389.656             193             128
  162         919.258      57.036         216.676    -147.257             162             112
  212        -422.578     315.778        -410.277     231.618             212             138
   35         489.858     688.977         319.295     473.641              35              48
  129        -166.680      47.966         271.977     154.248             129              96
   85        1075.230    -712.150         697.014    -115.659              85              73
    0         466.442    -531.469        -250.078    -789.044              -0              32
    8        -492.763    1032.804        -495.425     287.225               8              35
  145        -700.083     126.687        -237.654     194.675             145             104
  247         460.734    1012.030           6.868     904.090             247             154
  130         397.765     797.511         869.080     176.187             130              97
    9          84.608    -435.752         329.435    -178.646               9              35
  190          86.361     -58.640         310.006    -329.767             190             127
  216        -457.509    -618.537        -208.152    -209.485             216             139
  141         370.433     473.970         138.348      77.719             141             102
  168       -1117.540    -430.729         -41.093    -498.231             168             115
   75        -975.387   -1180.727        -810.910      99.082              75              69
  246         963.316     227.859         -68.447     681.781             246             154
  132         648.855    1023.276         -49.240     478.329             132              98
  174         967.653    1116.615         857.283     509.062             174             118
   73        -264.289    -225.386        -165.196    -940.914              73              68
    2       -1448.197    1679.857        -698.865    1274.611               2              32
   23        1086.821     170.333        1429.094     219.059              23              43
  218        -916.654    -469.038        -265.817    -654.390             218             140
  121        -597.533    -219.827        -115.104     263.953             121              92
  111        -759.557    -238.393        -453.709      70.056             111              86
   62           2.331     589.423        -183.169    1166.772              62              63
  125         726.820     967.926         856.952     587.579             125              93
  188          54.001    -707.341         418.787     236.154             188             126
   45        1602.388     246.631         679.143      58.811              45              53
   42        -642.722     408.400         -39.951      89.657              42              53
  172         851.466     205.183         830.044     342.393             172             117
   72       -1012.046    -446.570        -219.350    -403.177              72              68
  243         467.004      18.750         442.526    1103.052             243             152
  223        1097.558    -438.960         734.862    -334.323             223             143
  135         297.256    -104.272         485.507     601.853             135              98
  219        2285.904   -1568.795         992.620    -611.594             219             141
   53        1696.300     860.477         238.261    -214.323              53              57
    4        -339.404     243.320         -95.694    -888.900               4              34
  168        -992.461    1727.382        -678.195    1063.974             168             115
   56         119.900     695.537        1231.104     375.957              56              60
  161         245.356    -919.175         749.748     151.161             161             111
   15        2155.746   -1663.732        1183.144   -1331.948              15              39
  203       -1305.120     409.135       -1250.952    -563.288             203             132
   25        -351.297     178.988         330.835     551.028              25              44
    9         253.437     -70.375          -1.153    -147.157               9              35
   87        -620.005    -187.626         154.558      38.409              87              75
  115         362.262    -353.283         -67.634     515.785             115              88
  143        1732.290    -193.302        1171.548    -131.276             143             103
   48         225.396    -263.560        -568.708    -646.607              48              55
  246        -183.126    1729.681         234.552     790.383             246             155
  164         229.018    -651.399         506.927    -263.158             164             113
  232         307.282     668.937          96.230      49.041             232             148
   96        -691.000      -0.116         330.000       0.000              96              34
   91         307.439    -668.944          96.228     -49.041              91              35
  126         228.921     651.345         506.926     263.159             126              34
   60        -182.798   -1729.750         234.553    -790.383              60              35
  121         225.445     263.660        -568.709     646.605             121              34
  204        1732.253     193.600        1171.548     131.279             204              35
  231         362.080     353.322         -67.633    -515.787             231              34
  195        -620.090     187.475         154.557     -38.408             195              35
   17         253.410      70.363          -1.153     147.157              17              34
   47        -351.293    -179.085         330.837    -551.027              47              35
  101       -1304.919    -409.311       -1250.954     563.284             101              34
   83        2155.560    1664.076        1183.141    1331.951              83              35
  180         245.135     919.016         749.748    -151.161             180              34
  147         119.964    -695.736        1231.104    -375.954             147              35
   38        -992.138   -1727.607        -678.192   -1063.976              38              34
  161        -339.175    -243.343         -95.696     888.900             161              35
  110        1696.610    -860.101         238.261     214.323             110              34
  179        2285.601    1569.218         992.618     611.597             179              35
   57         297.133     104.253         485.509    -601.853              57              34
  188        1097.388     439.075         734.860     334.324             188              35
  152         466.844     -18.745         442.528   -1103.052             152              34
  125       -1012.185     446.309        -219.352     403.177             125              35
   88         851.475    -205.155         830.045    -342.391              88              34
   77        -642.657    -408.580         -39.951     -89.659              77              35
  100        1602.404    -246.394         679.143     -58.810             100              34
  216          53.775     707.255         418.787    -236.154             216              35
   87         726.866    -967.909         856.954    -587.578              87              34
  238           2.264    -589.424        -183.167   -1166.773             238              35
   32        -759.716     238.266        -453.709     -70.057              32              34
  138        -597.622     219.682        -115.104    -263.953             138              35
  143        -916.698     468.778        -265.818     654.389             143              34
   48        1086.823    -170.319        1429.094    -219.056              48              35
   42       -1447.948   -1680.162        -698.864   -1274.611              42              34
  120        -264.216     225.319        -165.199     940.913             120              35
  242         967.900   -1116.495         857.283    -509.061             242              34
   77         648.995   -1023.100         -49.239    -478.329              77              35
  249         963.222    -227.564         -68.445    -681.781             249              34
  154        -975.721    1180.615        -810.910     -99.084             154              35
  132       -1117.595     430.477         -41.094     498.231             132              34
  197         370.546    -473.937         138.348     -77.719             197              35
   74        -457.601     618.438        -208.152     209.485              74              34
  138          86.390      58.587         310.006     329.767             138              35
  114          84.564     435.654         329.435     178.645             114              34
  212         397.907    -797.562         869.080    -176.185             212              35
  143         460.848   -1011.968           6.869    -904.090             143              34
  249        -700.098    -126.796        -237.653    -194.676             249              35
  125        -492.525   -1032.829        -495.424    -287.227             125              34
  252         466.437     531.633        -250.081     789.043             252              35
  110        1075.096     712.309         697.014     115.660             110              34
  132        -166.717     -48.067         271.977    -154.247             132              35
   65         489.937    -688.916         319.296    -473.641              65              34
  105        -422.536    -315.807        -410.277    -231.619             105              35
  183         919.248     -56.818         216.677     147.258             183              34
  174         209.494     444.392        -103.646    -389.656             174              35
  123        -101.761     298.550         -21.348     164.915             123              34
  173         303.261     237.808         -71.856    -521.513             173              35
  146       -1434.577    1101.181        -783.497     401.356             146              34
  165          38.492     958.178         394.064     769.766             165              35
  141         152.575     120.388         746.590    -106.073             141              34
  117        -407.536    -852.261        -188.544    -616.159             117              35
   70          90.049    1075.109          45.067     844.720              70              34
  179        1163.932    -552.613        1345.772   -1072.670             179              35
  244       -2185.986    -664.365       -1388.937   -1129.605             244              34
   37       -1347.751     159.250        -614.627     334.995              37              35
  158       -1562.923      51.818       -1015.000     307.000             158              34
   27         -92.589     573.215          -7.749     972.139              27              35
   69        -443.600     720.037        -352.212     459.668              69              34
  238         -61.990    1147.795         494.749    1060.906             238              35
  175        -311.156    -123.940         226.948      35.180             175              34
  140        -133.481     542.028         251.985     821.028             140              35
  131         494.309    -205.600         711.753     247.016             131              34
  176         785.510     164.072         402.039     -58.499             176              35
  108       -1138.990    1023.827         -69.156     555.600             108              34
  172        1414.422    -321.257        1510.603     402.904             172              35
  185        -494.083    -181.358         -12.603   -1114.103             185              34
  246       -1398.154     470.319          13.487     914.498             246              35
  252          53.272    -837.637        1136.470    -392.933             252              34
  121        -891.862   -2244.399         -70.591    -559.139             121              35
  252         134.776    -667.005         -32.353      67.812             252              34
  120        -141.569   -1590.515         248.187    -256.296             120              35
  178         -13.658    -725.700        -772.769     244.719             178              34
   48        1651.486     613.997         970.232    1271.952              48              35
  137        1703.612    -211.612        1010.064    -718.431             137              34
   76        -456.881    -480.022         226.496    -246.659              76              35
  245         131.914    -893.750         -84.185    -427.584             245              34
   64          62.618      53.908         197.052     739.197              64              35
  162        2018.778    -470.246        1229.079    -272.543             162              34
  242         192.505   -1002.859         531.724    -890.952             242              35
   14         358.980   -1389.051        -162.745    -945.657              14              34
  157        -517.247    -328.349        -382.517    -222.820             157              35
  126         646.168    -462.875          -6.065    -138.463             126              34
  254        -264.667    -155.763         120.929    -550.414             254              35
   59        -752.997   -1525.434        -779.780    -532.116              59              34
  124         140.162     116.748        -494.669     187.735             124              35
   33         -72.115     277.099        -578.561     341.831              33              34
  165         377.837    1034.313         242.982     191.826             165              35
  156       -2143.795      13.721       -1263.136     297.389             156              34
  145        1696.804    1352.113        1188.818    1907.693             145              35
  196         883.134    -946.829         796.176   -1436.600             196              34
    7       -1284.867     377.255        -779.846     441.631               7              35
  202          73.127     -59.835         107.804     284.034             202              34
  245         295.641    1177.288         568.611     940.215             245              35
   94         223.158   -1733.739         977.623    -813.210              94              34
  218         596.827    -752.554        -366.014    -248.777             218              35
   14        -505.814     486.931           0.706     -32.385              14              34
  222         114.390    -718.009         323.425      37.479             222              35
  199        -666.099    -874.366        -398.159    -708.334             199              34
  188        -223.088    -277.044        -230.919     607.085             188              35
   82        -192.626    -917.457        -230.490    -558.083              82              34
  111         -94.382     176.325        -665.825     916.911             111              35
   65         230.477     847.227         115.083     407.812              65              34
  224         473.310     418.998         687.791     912.997             224              35
  195         -49.434   -1286.342         353.494   -1136.617             195              34
   26        -369.330    -595.052        -572.194     725.937              26              35
  171         709.665    -635.082         261.407    -884.796             171              34
  146       -1962.945     117.062       -1694.634     862.603             146              35
  163         553.917     856.333         478.452    1083.179             163              34
  115          87.541    -588.366          50.286     566.685             115              35
   86         576.304     -78.989           6.252     206.578              86              34
   69         391.931     604.165        -184.642    1149.930              69              35
   24         -14.071    1070.241         336.855     386.968              24              34
  248        -384.693    -476.164         180.664    1177.212             248              35
  238         485.743    -249.739         230.950      14.757             238              34
   72        -115.471    -147.996         -36.441    1599.401              72              35
   49          10.635     -41.279          54.758     179.557              49              34
  133         292.414    -123.231         265.933    2858.168             133              35
  246        -885.234    -571.345        -105.061    -283.265             246              34
  150         128.302   -1920.090        -199.392    9170.515             150              35
