SINAL     NFT                         FFT                         NFT INVERSA     FFT INVERSA
-----     -----------------------     -----------------------     -----------     -----------
   91       32751.000       0.000       17368.248       0.000              91              79
  112        -171.947    -697.056        -955.018  -10268.983             112              90
  149        -162.390    1358.591        -592.001     435.807             149             108
   40        -618.172     387.523        -438.860   -2885.234              40              54
   41         588.388     675.549        -185.667     -15.839              41              54
  111       -1516.955    1646.651       -1002.433   -1390.811             111              90
    2        -399.853    1246.913         284.735     623.012               2              35
   98       -1958.446      27.478        -691.268   -1141.685              98              83
    5         330.970      58.869         116.650     765.892               5              36
  111        -660.045    1154.961        -648.134    -278.893             111              90
  107        1270.253    1484.486        1450.116    1427.030             107              87
  181         261.916    -990.487         538.241   -1926.898             181             125
  117           2.422     715.166        -230.289     537.035             117              92
   74        -176.253     983.872         547.647    -651.501              74              71
    7        -511.110    -778.357         542.821    -310.029               7              37
  118        -855.851   -1009.071        -661.526   -1259.404             118              93
    3        -404.263     304.449        -112.111     708.006               3              35
  212          41.700    -368.425        -263.851    -706.809             212             140
    9         166.814    1298.339         281.890     895.835               9              38
  107        -533.245    -468.332        -194.561   -1209.787             107              88
  247       -1499.448    2035.869        -430.783    1731.239             247             157
  161         552.023   -1401.996        1392.262    -716.310             161             115
  241        -435.467      62.903        -630.683     576.791             241             154
   95        1598.896      32.631        1638.743      14.151              95              82
  213        -440.395    -538.505         -84.144    -708.768             213             140
  234        -161.184    -831.877         538.499     226.328             234             151
   25        2175.713    -914.574         898.825    -446.792              25              46
  183         239.049    -736.919         448.424   -1132.009             183             126
    5         366.508    -862.025        -379.704    -784.312               5              36
  241       -1247.404     595.399        -415.040    -232.184             241             155
   95          28.503   -1033.674          69.020      95.595              95              81
  101         387.433      -3.606         105.244    -330.857             101              85
  101         185.541    -729.196         176.352    -154.235             101              84
  184         287.852    -276.901        -104.988    -492.387             184             126
  111         195.826    -392.128         224.239      34.872             111              89
  107         755.573   -1026.030         -94.056   -1106.636             107              88
   19       -1291.742     838.804       -1109.198     329.226              19              43
  115         771.134     -42.842         540.713     648.516             115              92
  116        1673.550     253.784         528.002    -632.556             116              92
  151       -1797.055     250.174        -688.222    -570.277             151             110
  247        -611.072      43.141        -372.660     758.538             247             157
   16         613.366    -218.382         785.542     172.503              16              42
   83         954.463   -1841.001          93.572    -773.339              83              75
  246         601.136     767.747        -722.089     215.107             246             157
  111         651.229    1064.079         531.237     476.922             111              89
   52         713.910    -244.727          34.209     -82.215              52              60
  123        1881.923    1510.201         796.373     191.588             123              95
  172        -692.903     276.766         -62.961    -699.262             172             120
  196         798.029     958.634         446.355     308.674             196             132
  203       -1189.511     337.335         -28.497    -869.133             203             136
   36        -518.184    -111.712         214.911     529.746              36              52
  177         272.815   -1138.774         235.873   -1182.636             177             123
  155        -916.305     798.442        -656.754     855.865             155             111
   85        1644.492    -605.515        1640.900    -287.770              85              77
  106         345.222   -1326.668        -123.905   -1359.289             106              87
  140        -127.722    -427.115        -374.142    -585.408             140             104
  204         131.627     225.368        -447.151    -614.508             204             136
  126       -2294.560     454.536       -1281.826    -301.180             126              97
  202        -616.409     957.080        -489.603    1435.978             202             135
   34         862.896     446.541         953.005     166.407              34              51
  159         295.814    -521.810         194.359    -264.176             159             113
  143         312.465     113.520        -126.721    -453.608             143             106
  163        -803.076    1374.085        -217.729     576.569             163             115
   84          87.958    -822.289         808.082    -249.090              84              76
    5         558.007    -450.976        -150.000    -376.000               5              36
   39         -29.910     241.108         207.688    -223.771              39              54
  115         172.314    -182.822          75.229    -378.312             115              91
   96        -727.158    -784.049        -282.007    -907.202              96              82
  204        -887.442     406.434       -1230.074     262.647             204             136
  197        -419.637     879.984         262.173     811.237             197             133
  139        1531.443    -357.954         362.959    -143.651             139             103
   67        -653.248    1611.619         -41.834    -151.688              67              68
   77        -549.942    -608.376         179.000      29.283              77              72
  208         -11.180      62.781         -60.934    -530.914             208             138
  252       -1038.528      27.310        -420.771     215.718             252             160
  209         182.836     132.877         174.838      62.076             209             139
  210         123.382      15.408         101.861      13.156             210             139
  186        -156.247     379.425         -48.291    -318.805             186             127
  225        -480.150     540.603         111.555     391.959             225             146
   57          40.966    -678.287         551.014   -1013.953              57              63
   76       -1940.589    -668.837       -1226.019    -325.456              76              72
  198        -213.484     324.973         -48.997     418.231             198             133
  244        -811.329    -380.591        -404.560     -75.535             244             156
   43        -139.006     498.159        -216.758     555.792              43              56
   59         184.204     367.035         548.136     329.383              59              63
   50         -49.215    -892.407         100.521    -827.842              50              59
  207       -1233.387     409.053        -852.788     299.693             207             137
   98        -391.247     116.580         225.954     166.503              98              83
  246       -1339.356    -238.646        -618.349     395.651             246             157
  156         880.689     -62.296         836.976     748.687             156             112
   16         481.208   -1046.632         454.153    -697.596              16              42
  175        -450.280    -985.109        -424.940    -321.910             175             122
  148         351.528    -382.996        -254.924     341.831             148             108
    1        1017.578     231.745          55.488     -57.515               1              35
  161        -663.484    1258.001        -244.429     639.863             161             114
  128         807.255   -1020.135        1101.334    -144.764             128              98
  214         458.543   -1201.129        -570.352    -728.235             214             141
  225         954.226     827.447         119.396     176.257             225             147
  188        -675.370     -53.068        -631.302    -679.015             188             128
  109        -513.438     916.079        -726.299     493.565             109              89
  231       -1295.959    1210.451        -808.442     487.967             231             149
  243         -46.543    1679.675         172.601    1706.448             243             156
   46         226.411     508.089         890.245     -20.482              46              57
  141        -532.162    -107.327        -257.616     828.600             141             105
    6        2116.706    1439.663        1521.760     612.298               6              37
   68        -956.959    -304.152         466.676    -562.530              68              68
  160         433.828    -806.920         814.907     173.184             160             114
    9         897.795   -1675.728         525.965   -1235.845               9              39
  110        -786.211     111.472        -652.605    -189.061             110              89
   30         -92.356    -795.037         301.232     -57.264              30              49
  244         152.047    -658.268        -277.188    -424.396             244             156
  253        -290.890    -340.008        -353.103      34.547             253             161
  129           2.797     229.132        -376.226     241.877             129              98
  114         103.364     208.344        -224.854     652.728             114              91
   65        1208.385    1669.753         518.604     968.228              65              66
   24         777.043    -138.286        1138.398      63.217              24              46
  137        1670.291     201.032         688.996    -393.279             137             102
   40        -640.173    -248.770         290.194    -834.392              40              54
  152        -199.469    -153.339        -440.905       3.766             152             110
   26         111.285     228.335         679.885     -42.390              26              47
  134          73.456    -851.027        -239.105    -602.367             134             101
  234        -373.608     639.976          76.514     208.943             234             151
  215         309.536    -703.336         141.060    -246.778             215             141
  248         255.238     793.246         288.890      16.950             248             158
  191        -484.898    -693.637         369.849    -480.181             191             129
  135         388.409   -1133.456         318.340    -706.672             135             102
  237       -1011.310   -1244.727        -675.355   -1305.405             237             152
  211       -1365.383    -840.307       -1239.713     316.280             211             140
  179        1629.000       0.230         100.000       0.000             179              37
  139       -1365.605     840.228       -1239.715    -316.283             139              37
  162       -1011.437    1244.613        -675.358    1305.404             162              37
   18         388.296    1133.477         318.338     706.673              18              37
  205        -484.959     693.432         369.849     480.182             205              37
  152         255.442    -793.265         288.891     -16.950             152              37
   47         309.436     703.353         141.060     246.778              47              37
  190        -373.475    -640.064          76.514    -208.942             190              37
  141          73.368     851.017        -239.106     602.367             141              37
  185         111.359    -228.379         679.885      42.392             185              37
   97        -199.450     153.270        -440.904      -3.767              97              37
  248        -640.067     248.596         290.191     834.392             248              37
  125        1670.443    -200.826         688.995     393.280             125              37
   62         777.021     138.312        1138.397     -63.214              62              37
   20        1208.600   -1669.576         518.606    -968.227              20              37
   98         103.295    -208.246        -224.853    -652.728              98              37
   10           2.763    -229.050        -376.225    -241.877              10              37
   61        -290.982     340.044        -353.103     -34.547              61              37
  137         151.915     658.337        -277.188     424.395             137              37
  188         -92.526     795.002         301.231      57.264             188              37
  187        -786.150    -111.597        -652.605     189.060             187              37
   51         897.561    1675.841         525.962    1235.846              51              37
  199         433.639     806.818         814.907    -173.182             199              37
   20        -956.967     303.760         466.675     562.529              20              37
   50        2116.928   -1439.455        1521.760    -612.296              50              37
    8        -532.303     107.152        -257.615    -828.602               8              37
  215         226.427    -508.201         890.244      20.484             215              37
  237         -46.376   -1679.758         172.604   -1706.448             237              37
  128       -1295.802   -1210.626        -808.441    -487.968             128              37
   39        -513.236    -916.057        -726.297    -493.566              39              37
   54        -675.267      53.051        -631.304     679.014              54              37
    9         954.457    -827.156         119.397    -176.256               9              37
  223         458.352    1201.320        -570.353     728.235             223              37
  129         807.032    1020.204        1101.333     144.767             129              37
   94        -663.291   -1258.142        -244.427    -639.864              94              37
    7        1017.612    -231.472          55.487      57.516               7              37
   97         351.367     383.160        -254.923    -341.830              97              37
  193        -450.500     985.083        -424.940     321.909             193              37
  109         480.998    1046.660         454.151     697.596             109              37
  116         880.520      62.363         836.977    -748.685             116              37
  234       -1339.541     238.357        -618.348    -395.652             234              37
   39        -391.287    -116.708         225.954    -166.502              39              37
  125       -1233.323    -409.261        -852.787    -299.695             125              37
   26         -49.322     892.362         100.519     827.842              26              37
  220         184.245    -367.087         548.136    -329.382             220              37
   91        -138.994    -498.187        -216.757    -555.792              91              37
   87        -811.440     380.452        -404.560      75.534              87              37
  122        -213.483    -325.007         -48.996    -418.229             122              37
  200       -1940.669     668.512       -1226.019     325.455             200              37
  116          40.954     678.196         551.011    1013.955             116              37
   11        -479.999    -540.784         111.557    -391.959              11              37
  124        -156.110    -379.482         -48.292     318.804             124              37
   33         123.431     -15.409         101.861     -13.155              33              37
   79         182.842    -132.874         174.838     -62.076              79              37
  164       -1038.505     -27.510        -420.771    -215.720             164              37
   30         -11.111     -62.807         -60.936     530.915              30              37
  158        -549.994     608.184         178.999     -29.283             158              37
   50        -652.844   -1611.774         -41.835     151.689              50              37
   74        1531.429     358.222         362.959     143.651              74              37
  227        -419.558    -880.057         262.175    -811.237             227              37
  123        -887.360    -406.496       -1230.075    -262.649             123              37
  230        -727.187     783.972        -282.009     907.203             230              37
  206         172.393     182.821          75.229     378.312             206              37
   86         -29.783    -241.116         207.688     223.774              86              37
  151         557.980     451.071        -150.000     376.000             151              37
   72          87.812     822.195         808.079     249.091              72              37
  117        -802.794   -1374.291        -217.728    -576.569             117              37
  166         312.575    -113.430        -126.723     453.608             166              37
  239         295.775     521.827         194.359     264.177             239              37
  179         862.925    -446.470         953.005    -166.405             179              37
  140        -616.358    -957.182        -489.600   -1435.980             140              37
  110       -2294.406    -454.849       -1281.827     301.177             110              37
  197         131.856    -225.244        -447.152     614.507             197              37
  237        -127.645     427.201        -374.143     585.407             237              37
   88         345.157    1326.737        -123.907    1359.289              88              37
   33        1644.406     605.688        1640.899     287.773              33              37
   66        -916.190    -798.629        -656.753    -855.866              66              37
   70         272.666    1138.788         235.870    1182.636              70              37
  147        -518.178     111.493         214.913    -529.746             147              37
   70       -1189.305    -337.660         -28.500     869.133              70              37
  225         798.354    -958.566         446.355    -308.673             225              37
  235        -692.670    -276.925         -62.964     699.261             235              37
   88        1882.338   -1509.860         796.374    -191.585              88              37
  102         713.903     244.899          34.208      82.214             102              37
  127         651.438   -1063.923         531.238    -476.920             127              37
  110         601.289    -767.462        -722.089    -215.109             110              37
  157         954.134    1841.259          93.571     773.340             157              37
   28         613.231     218.436         785.543    -172.502              28              37
  136        -611.156     -43.273        -372.659    -758.538             136              37
   42       -1796.894    -250.480        -688.223     570.275              42              37
   62        1673.730    -253.476         528.000     632.556              62              37
   91         771.066      42.997         540.713    -648.514              91              37
   79       -1291.578    -838.924       -1109.198    -329.227              79              37
   16         755.494    1026.261         -94.058    1106.637              16              37
  219         195.792     392.183         224.239     -34.872             219              37
   83         287.835     276.982        -104.988     492.388              83              37
   71         185.443     729.233         176.352     154.235              71              37
  115         387.436       3.680         105.242     330.855             115              37
  222          28.298    1033.657          69.020     -95.595             222              37
  238       -1247.233    -595.608        -415.040     232.183             238              37
  238         366.516     862.136        -379.705     784.312             238              37
  123         239.075     736.953         448.423    1132.010             123              37
   31        2175.579     914.894         898.824     446.793              31              37
   88        -161.404     831.755         538.500    -226.326              88              37
  193        -440.437     538.298         -84.145     708.768             193              37
  207        1598.890     -32.486        1638.742     -14.147             207              37
  189        -435.531     -63.046        -630.681    -576.793             189              37
  103         551.708    1401.904        1392.259     716.313             103              37
   98       -1499.145   -2036.262        -430.780   -1731.239              98              37
  197        -533.229     468.195        -194.565    1209.787             197              37
  246         167.110   -1298.343         281.892    -895.835             246              37
  124          41.668     368.452        -263.854     706.810             124              37
  232        -404.189    -304.508        -112.110    -708.006             232              37
   19        -855.939    1008.904        -661.530    1259.400              19              37
  187        -511.095     778.107         542.821     310.030             187              37
  154        -175.920    -984.054         547.645     651.501             154              37
  113           2.717    -715.195        -230.288    -537.034             113              37
  254         261.931     990.416         538.236    1926.897             254              37
   66        1270.581   -1484.423        1450.118   -1427.027              66              37
  153        -659.797   -1155.073        -648.135     278.892             153              37
  251         331.046     -58.806         116.650    -765.891             251              37
  202       -1958.289     -27.886        -691.272    1141.681             202              37
  195        -399.357   -1247.061         284.736    -623.011             195              37
  217       -1516.274   -1646.863       -1002.437    1390.808             217              37
   54         588.995    -675.340        -185.667      15.839              54              37
    0        -617.527    -387.543        -438.867    2885.230               0              37
  120        -161.263   -1358.459        -592.001    -435.807             120              37
  121        -170.302     697.199        -955.041   10268.975             121              37
