SINAL     NFT                         FFT                         NFT INVERSA     FFT INVERSA
-----     -----------------------     -----------------------     -----------     -----------
  125       34695.000       0.000       18240.248       0.000             125              98
   67       -1432.553     -74.918        -674.572  -10821.238              67              69
  231       -1121.741     190.912        -564.313     922.408             231             151
  164         972.942     226.856         451.839   -3036.035             164             118
   87        -162.855    1221.893         165.798     337.008              87              79
   46        -700.687    -475.725         526.086   -2155.639              46              59
  175         106.766    -607.744         -86.598      67.662             175             123
  151         265.938     113.903         492.443   -1615.289             151             111
  173       -1043.607    -416.285        -634.610     -61.194             173             122
   93         504.344     919.091         616.094     -16.014              93              82
  129        1145.621    -709.628        1311.560    -645.192             129             100
  121        -761.424   -1222.841        -106.193   -1885.435             121              96
   99         215.000   -1482.750         -42.927    -437.030              99              85
  205        -360.602    -435.707        -892.344   -1700.365             205             138
   87       -1748.495     980.471       -1137.604    1250.300              87              79
  129        1464.853     297.270        1001.710    -184.774             129             100
    1        -431.675     -37.298        -126.229      43.877               1              36
   75        1635.722    -253.938         952.384    -747.369              75              73
  201       -1480.207    -111.004        -982.458    -720.494             201             136
   44         378.632     770.367         295.717     683.626              44              58
   18         127.436    -395.608         419.483    -960.842              18              44
  203       -1350.949       0.819        -946.272      84.426             203             137
   54         602.965     504.623         717.390     767.849              54              62
  103        1306.470    -751.383         623.530    -439.153             103              87
  198        1228.651     586.127         808.188    -237.198             198             134
   77         555.098   -1454.754         341.096   -1485.400              77              74
  254        -256.789     608.836        -807.816    -726.299             254             162
  128       -1564.898     234.482        -870.298     -69.092             128             100
   13         641.695    2080.521        -159.486     948.835              13              42
  212        -741.387    1479.916         784.097     129.704             212             142
   11         155.915      36.911         658.822    -191.784              11              41
  188       -1470.136    -379.246         331.061   -1054.123             188             130
  185       -1360.003   -1633.782        -639.292    -160.894             185             128
  235         867.365     308.846         363.525      47.037             235             153
  226        -901.017     209.991          60.749    -326.820             226             148
   26        -593.697   -1038.348         345.362    -439.411              26              49
   93       -1102.892   -1267.993        -747.031    -766.856              93              82
   35        -613.080     173.143        -438.251    1057.168              35              53
   42        1570.177    -153.798        1098.413    -157.913              42              56
   61        -929.383    -515.087        -455.233    -139.602              61              66
    3        2112.603     283.559        1446.401     485.584               3              37
  107         141.947   -1825.557         426.148   -1991.641             107              89
   20        -660.143    -211.366        -885.125    -197.685              20              45
  204        -286.419    -564.995         152.291    -311.472             204             138
  234         894.441    -305.578        -189.175    -268.898             234             152
  183        -724.925     816.924         -59.108    -468.757             183             127
  137       -1136.162    -546.267        -273.542     -50.953             137             104
  213         -16.093    -950.736         201.171    -419.877             213             142
   80          89.379    -779.578        -336.579    -410.323              80              75
   72         -16.495    -315.826        -121.002    -440.830              72              72
  216        -408.854    -154.892        -684.259    -389.922             216             143
  200        -935.977     250.851        -478.205      60.002             200             136
  252        -169.988      74.837        -533.715     119.671             252             161
  214        -502.686    1179.789         -44.487     506.348             214             143
  243        -172.628    -457.250         211.492    -284.004             243             157
  134        -781.278      36.629        -565.676     -72.718             134             103
    0        -457.266     684.127         -91.495     262.798              -0              35
   75       -1576.716     -76.911        -262.589     242.706              75              73
  208         564.512    -579.377         518.586     246.069             208             139
   38        -914.648    -863.960        -305.479    -591.071              38              55
   94          69.555    -336.288        -186.695     631.280              94              82
  108         374.100    -455.248         408.707    -255.304             108              90
  226         487.613    -656.109         -66.443    -143.305             226             148
  106        -550.660    -190.228        -136.933    -545.191             106              89
  131        -783.920   -1367.010        -703.000     -67.000             131             101
  156         217.421    -227.026        -664.308     257.056             156             114
  160        1382.660     783.512          84.238     858.339             160             115
  154         374.691     776.360          40.872    -676.696             154             113
  122       -1832.145     946.781       -1262.656     926.113             122              96
  255         806.113    1446.613         729.732     931.574             255             163
   14        -835.188     270.750          14.658     436.149              14              42
  252        1584.160      30.835        1127.788     444.458             252             162
   64         137.834     -29.516         247.175    -769.275              64              67
   45       -1147.874    -364.449        -292.816    -170.885              45              58
  160        -636.912     132.049        -588.543     496.914             160             115
  194         291.065     803.446         926.275     890.606             194             133
  162         235.784   -2063.171         584.401    -834.556             162             116
  176         461.907    -994.082        -338.977    -133.288             176             124
  238         764.106     -55.670        -113.104      43.916             238             154
   42         665.083     661.724         136.744     201.983              42              57
  229        -295.382     -27.785        -179.140    -350.024             229             150
  218        -473.207     808.628        -407.289     685.728             218             145
  209        -157.681     -11.826         505.724     199.174             209             140
  219         474.093   -1090.294        -135.391     192.755             219             145
   65        1442.169     971.174         349.181     186.134              65              68
  157        -759.697     308.014        -273.473     340.110             157             114
  116        1845.758     801.949         899.041     809.303             116              93
   33         661.559     208.244         775.967    -567.992              33              52
  246         -24.300      20.212          89.433    -172.343             246             158
  225          91.429    -103.527         478.413    -133.816             225             148
   83         722.317   -1007.170         408.652    -930.142              83              77
  122       -1641.382    -301.506       -1235.326    -775.773             122              97
  148        -843.984     682.175        -528.246    1192.658             148             109
   72         844.315    -318.522         628.248    -171.718              72              72
  240        -909.556    -134.635        -904.750     -84.514             240             155
   20        -299.273     940.294        -254.891    1143.718              20              46
  203         658.093     232.293         513.292     759.106             203             137
   27        1589.391     265.445         517.037     618.399              27              49
   25        2064.595    1565.370        1238.029     553.113              25              48
    5        1256.410      -3.390        1253.363    -834.521               5              38
  211        -686.905     365.426         -15.926    -774.893             211             141
  219        -740.014   -1204.359         287.502    -418.882             219             145
  243         443.446    -577.663        -456.954    -900.777             243             157
  181       -1980.429     970.345        -767.875     420.347             181             126
  243         186.280    -312.054         202.024     247.227             243             157
  183        -736.359     333.117        -213.399     299.363             183             127
  184         994.716    -133.492         519.312     336.281             184             127
  233        -123.145    1158.029         229.439      94.896             233             152
  189        -334.443    -727.001        1056.714    -326.410             189             130
  221       -1153.680   -2700.076        -639.825   -1372.305             221             146
   82        -210.364    -554.461        -928.634     487.491              82              76
   65         221.353     237.228        -304.299     509.610              65              68
   27        1461.664     486.658         509.948     600.177              27              49
   58        -453.015     365.912        -455.369    -483.659              58              65
  170        -412.093    1278.150         -60.146    1714.682             170             120
  184        1898.396    -525.028        1487.980    -455.452             184             128
  243        -627.315    -229.542        -629.551    -227.273             243             157
   14         369.885     349.412         161.966     465.207              14              43
  162         291.608     708.184         175.476     587.424             162             116
  244         738.845    -122.385         906.381     146.161             244             158
   87        1115.798    -828.716         388.883    -334.914              87              79
  151         438.708     361.786        -237.790    -334.713             151             111
  132        -110.873    1354.653          33.605    1053.848             132             101
  202        1657.689     109.400        1266.278    -381.326             202             137
   28       -1257.629     526.920        -392.169     -98.815              28              49
  163        1002.819    -682.056         994.127     131.474             163             117
   78         127.754     125.444        -107.464    -768.575              78              74
  120       -1043.801    -424.079         -85.787     183.195             120              96
  176        1205.000       0.101         182.000       0.000             176              38
  129       -1043.887     423.870         -85.789    -183.196             129              39
   73         127.863    -125.466        -107.465     768.573              73              38
   44        1002.700     682.139         994.126    -131.472              44              39
   45       -1257.481    -527.239        -392.169      98.814              45              38
  231        1657.783    -109.215        1266.276     381.329             231              39
  179        -110.650   -1354.697          33.607   -1053.849             179              38
  155         438.825    -361.632        -237.791     334.712             155              39
  207        1115.668     828.917         388.882     334.915             207              38
  213         738.765     122.429         906.381    -146.159             213              39
  217         291.661    -708.179         175.477    -587.425             217              38
   63         369.876    -349.327         161.966    -465.206              63              39
  218        -627.336     229.452        -629.551     227.273             218              38
   71        1898.268     525.269        1487.978     455.457              71              39
   46        -412.005   -1278.266         -60.142   -1714.682              46              38
   36        -452.946    -365.940        -455.370     483.658              36              39
    4        1461.706    -486.341         509.949    -600.176               4              38
  171         221.242    -237.061        -304.299    -509.611             171              39
  248        -210.601     554.590        -928.634    -487.493             248              38
   59       -1154.190    2699.868        -639.829    1372.303              59              39
  250        -334.538     726.723        1056.714     326.411             250              38
   99        -122.908   -1158.176         229.439     -94.896              99              39
   62         994.651     133.620         519.313    -336.279              62              38
   45        -736.376    -333.279        -213.398    -299.364              45              39
  181         186.160     312.032         202.024    -247.227             181              38
  166       -1980.240    -970.680        -767.875    -420.349             166              39
  190         443.449     577.784        -456.956     900.776             190              38
  190        -740.145    1204.145         287.501     418.882             190              39
  226        -686.644    -365.685         -15.927     774.893             226              38
    6        1256.626       3.462        1253.361     834.523               6              39
  225        2064.915   -1565.090        1238.031    -553.110             225              38
    2        1589.332    -265.157         517.039    -618.398               2              39
  134         657.955    -232.198         513.292    -759.106             134              38
   11        -299.272    -940.311        -254.889   -1143.719              11              39
  167        -909.616     134.551        -904.750      84.512             167              38
  215         844.207     318.663         628.246     171.719             215              39
  189        -843.972    -682.290        -528.245   -1192.658             189              38
  106       -1641.356     301.306       -1235.328     775.770             106              39
  106         722.270    1007.275         408.650     930.142             106              38
  193          91.458     103.461         478.413     133.817             193              39
  150         -24.214     -20.292          89.433     172.343             150              38
  151         661.694    -208.212         775.965     567.993             151              39
  247        1845.853    -801.674         899.043    -809.302             247              38
  150        -759.684    -308.137        -273.474    -340.111             150              39
  108        1442.323    -970.856         349.181    -186.134             108              38
  253         473.793    1090.422        -135.391    -192.756             253              39
  230        -157.785      11.736         505.724    -199.172             230              38
   97        -473.110    -808.712        -407.287    -685.729              97              39
  230        -295.348      27.767        -179.141     350.024             230              38
  225         665.230    -661.551         136.745    -201.982             225              39
  173         764.062      55.925        -113.104     -43.916             173              38
  201         461.662     994.257        -338.977     133.287             201              39
  175         235.348    2063.115         584.399     834.557             175              38
  181         291.079    -803.540         926.278    -890.603             181              39
  158        -637.001    -132.181        -588.542    -496.915             158              38
   89       -1147.920     364.211        -292.816     170.885              89              39
   42         137.923      29.460         247.174     769.275              42              38
  156        1584.115     -30.662        1127.789    -444.455             156              39
  236        -835.229    -271.009          14.659    -436.149             236              38
  131         806.268   -1446.535         729.734    -931.572             131              39
  156       -1832.009    -947.043       -1262.655    -926.115             156              38
   34         374.930    -776.209          40.869     676.697              34              39
  107        1382.761    -783.125          84.239    -858.338             107              38
  204         217.240     227.257        -664.306    -257.055             204              39
  104        -784.239    1366.969        -703.000      67.000             104              38
  245        -550.681     190.160        -136.936     545.190             245              39
  177         487.506     656.219         -66.443     143.305             177              38
   79         373.953     455.311         408.705     255.304              79              39
  127          69.381     336.306        -186.694    -631.279             127              38
   64        -914.859     863.783        -305.481     591.070              64              39
  205         564.321     579.383         518.586    -246.067             205              38
   67       -1576.813      76.537        -262.588    -242.707              67              39
   68        -457.146    -684.256         -91.494    -262.798              68              38
  242        -781.253     -36.756        -565.677      72.716             242              39
   79        -172.681     457.162         211.491     284.004              79              38
  212        -502.476   -1179.895         -44.486    -506.348             212              39
   35        -169.974     -74.807        -533.715    -119.671              35              38
   80        -935.908    -250.943        -478.205     -60.003              80              39
   47        -408.799     154.905        -684.260     389.922              47              38
   50         -16.480     315.902        -121.001     440.831              50              39
  101          89.278     779.643        -336.580     410.322             101              38
  199         -16.271     950.713         201.170     419.877             199              39
  255       -1136.227     545.988        -273.542      50.952             255              38
   31        -724.646    -817.066         -59.109     468.758              31              39
   67         894.480     305.787        -189.175     268.898              67              38
  148        -286.496     564.974         152.290     311.473             148              39
  221        -660.082     211.299        -885.124     197.683             221              38
   27         141.808    1825.534         426.144    1991.642              27              39
  136        2112.658    -283.302        1446.402    -485.582             136              38
  251        -929.503     514.887        -455.233     139.600             251              39
   30        1570.105     154.004        1098.413     157.914              30              38
  143        -613.197    -173.237        -438.249   -1057.168             143              39
  151       -1103.143    1267.799        -747.032     766.855             151              38
   67        -593.847    1038.116         345.362     439.412              67              39
  155        -900.902    -210.279          60.748     326.820             155              38
   68         867.426    -308.729         363.527     -47.034              68              39
  226       -1360.312    1633.465        -639.292     160.894             226              38
  109       -1470.074     378.780         331.058    1054.122             109              39
  252         156.064     -37.135         658.822     191.785             252              38
  134        -741.009   -1480.239         784.097    -129.703             134              39
   48         642.129   -2080.417        -159.484    -948.834              48              38
  139       -1564.745    -234.659        -870.298      69.090             139              39
  103        -256.438    -608.777        -807.818     726.297             103              38
   59         555.089    1454.866         341.093    1485.401              59              39
  128        1228.903    -585.960         808.188     237.199             128              38
  138        1306.374     751.567         623.529     439.153             138              39
   55         602.977    -504.577         717.391    -767.848              55              38
  249       -1350.932      -1.051        -946.272     -84.429             249              39
  237         127.490     395.576         419.482     960.842             237              38
  240         378.808    -770.333         295.719    -683.625             240              39
   85       -1480.076     110.779        -982.460     720.492              85              38
    3        1635.829     254.196         952.383     747.373               3              39
  205        -431.605      37.184        -126.228     -43.878             205              38
   84        1464.914    -297.059        1001.709     184.775              84              39
   14       -1748.308    -980.697       -1137.601   -1250.302              14              38
  240        -360.489     435.787        -892.348    1700.363             240              39
  213         214.912    1482.831         -42.928     437.030             213              38
  252        -761.415    1222.630        -106.197    1885.434             252              39
   29        1145.714     709.650        1311.560     645.195              29              38
   98         504.590    -919.109         616.094      16.015              98              39
   29       -1043.505     416.070        -634.611      61.192              29              38
   65         266.216    -113.910         492.438    1615.288              65              39
  129         106.903     607.697         -86.598     -67.662             129              38
   70        -700.441     475.452         526.080    2155.640              70              39
  164        -162.178   -1222.025         165.799    -337.007             164              38
  183         973.497    -226.706         451.832    3036.032             183              39
  111       -1120.933    -191.111        -564.312    -922.409             111              38
    5       -1430.725      74.663        -674.597   10821.230               5              39
