SINAL     NFT                         FFT                         NFT INVERSA     FFT INVERSA
-----     -----------------------     -----------------------     -----------     -----------
   95       32625.000       0.000       17371.248       0.000              95              78
   34        -266.483    -630.229         336.462  -10106.910              34              54
  145         403.545    -286.048        -207.487    -262.818             145             103
   41        -688.139     714.714         161.652   -3071.776              41              57
  230         237.580    -917.792         195.420    -307.276             230             146
    4         -37.570     606.562         323.952   -1922.037               4              39
   90          10.707   -2013.607         549.063   -1224.374              90              76
  152        -732.638   -1026.147       -1304.735   -2329.580             152             113
  109        -869.852     796.534        -708.155     434.256             109              85
  252        -261.949      -3.253        -193.130   -1078.528             252             163
  195        -701.133     342.636        -485.296    -253.373             195             128
  247       -1925.468     110.583        -953.263    -487.377             247             160
  234         526.070     178.627         158.053     659.694             234             148
   11        -401.024     233.652        -396.407   -1047.764              11              42
  184       -1252.663    1438.161        -666.615     892.933             184             123
  136       -1007.517     278.316         388.805     110.496             136             105
  125        1015.186    -909.287         633.172     226.519             125              93
  248         281.854    -600.522         221.654   -1377.650             248             161
  169        -952.455    -220.643       -1232.748     116.641             169             115
  117         174.336    1923.441         291.367     652.201             117              95
  173        -192.793    -423.706         382.517    -308.383             173             117
  170       -1107.380     252.867        -271.392    -343.953             170             122
   25        -961.983   -1575.711        -560.685      73.252              25              43
  131        1246.097    1750.433        -154.871    1275.094             131             102
  173        1398.185     472.108        1676.663     -12.020             173             117
   23        -267.216      80.311        -537.991    -596.708              23              48
   76         442.147    1277.678        1182.152     744.525              76              69
   12         -70.808   -1396.741         246.000   -1554.562              12              43
  105        -943.439     690.670        -390.580     493.451             105              83
  235         368.464    -168.626         868.053    -206.346             235             154
   43           4.012   -1006.201         566.380    -856.886              43              52
  195       -1307.077   -1287.870        -728.038   -1010.000             195             134
  118        -468.030    -468.851        -108.232     544.999             118              90
  108        1244.894   -1345.921         300.127    -665.788             108              91
   39         512.984     528.825         -25.359     -93.832              39              50
  189        -114.911    -855.193          62.952    -907.152             189             131
  121        -124.926     133.140        -627.251    -203.299             121              91
   92        -717.290     262.566         -91.589    -314.533              92              83
  140        -449.328    -986.196        -519.734    -462.063             140             101
  106        -589.364     763.948        -956.805     -16.147             106              90
  111       -1082.832    1064.665        -373.939     656.654             111              86
   30        -511.551     302.240        -208.956     334.212              30              52
  242        -125.724     786.186         224.568     611.629             242             152
  153        -188.223    -244.270         273.745     -30.383             153             113
   83         492.869     -60.366         273.122     -12.708              83              72
  147        -808.133     319.162        -239.608    -299.312             147             110
  191        -706.411    -356.376           7.500     302.431             191             126
   12         362.924    -113.685        -149.891     -49.037              12              43
  247        -270.111    1257.673         337.062     390.574             247             154
  137       -1498.314    -872.393         -19.187    -435.108             137             105
  239        -178.157   -1139.760          47.558     265.574             239             150
   86         198.568    -696.242        -335.980    -310.907              86              80
  219         153.571     817.504         164.227    1047.411             219             140
  235        1209.702    -736.307         903.128    -647.399             235             154
  252        -784.497    -262.032        -405.623    -275.768             252             157
    9         138.538    -657.582         -75.833     -68.648               9              41
  137         244.176     525.169          27.174     212.687             137              99
   94        -114.100    -365.758          80.944    -512.909              94              84
   89       -1673.222     462.118        -717.237     157.629              89              75
   21        -856.784   -1132.541          53.095     544.791              21              47
  189        1426.540    -959.220         294.450      24.459             189             125
  252         -63.936    -303.841        -451.770     -65.982             252             163
   64        1081.846     766.914          38.213     976.048              64              63
  194         881.727    1133.246         770.873     207.194             194             134
  238          -0.965    -788.021         596.000    -185.000             238             150
  193        1113.219    -911.747         -59.404    -594.371             193             133
    4        -591.300    1214.407        -362.851     294.511               4              33
  145         412.929     -20.941         373.161     681.072             145             109
  206        1748.446     167.241        1466.741    -620.675             206             134
  134       -1962.348   -2399.410       -1415.134   -1608.747             134             104
   15         409.815    2108.209        -844.375    1815.901              15              38
    4         223.472    1099.214         768.305     393.596               4              39
   62         790.480     986.976         881.412     809.677              62              62
   71         227.454   -1122.006        1071.081   -1123.136              71              72
    7        -312.317    -513.367        -179.242     -75.539               7              34
   57        -138.684   -1433.446         428.791    -820.900              57              65
  218         233.668    -811.174        -487.997      75.795             218             140
  170         560.791    -307.941         331.292    -418.509             170             122
  205          29.701    -234.853        -286.916     171.593             205             133
  150         565.327    -691.919         341.680    -527.565             150             112
  204         529.882     -30.998        -311.586     318.975             204             133
    7        1182.185    -286.187         754.769   -1001.993               7              40
  211       -1648.589    -419.731       -1630.418    -369.022             211             136
  134         230.445    1213.103         -87.307     817.347             134             104
   98        -544.353     435.373        -118.838     461.925              98              80
  120         893.707    -477.127         498.450      60.946             120              97
  229         412.641     609.825        -364.751     450.062             229             145
  254        1370.987    1061.979        1191.456     217.755             254             164
  120       -1020.733    -905.550        -286.771    -496.645             120              91
  241        2518.104     -21.397         814.880     559.989             241             157
   37         924.555    1068.065         647.527   -1051.280              37              49
  160       -1029.365    -800.787         -84.976    -620.284             160             117
   84         329.999    -370.826         -66.829    -756.308              84              73
   16       -1001.336    -769.077        -720.345    -923.997              16              45
  181       -1098.583     943.256       -1287.463     319.360             181             121
  230        -359.534     760.527         184.181     465.391             230             152
   74        -815.985     381.091        -519.768    -207.002              74              68
  225        -996.141     196.298          66.478     506.537             225             149
  146          33.865    -791.339         -99.867    -684.935             146             104
   56       -2184.201       7.863       -1085.863     214.998              56              65
   72         204.626    -696.981         -72.373     678.850              72              67
   14         696.556     -80.097        -258.523     -68.841              14              44
  182        -278.766    1105.544        -428.977     643.380             182             122
   89          48.524     -98.975          25.511       9.908              89              81
   78        -631.631     905.472       -1032.161     566.824              78              70
  165          71.440    1851.141          85.725    1311.442             165             119
  201        -420.834    1475.129         382.448     782.281             201             131
  112        -168.473    -611.139         588.994     484.700             112              93
  209        1116.878     542.977         275.591     539.622             209             135
   76         617.140     465.561        1105.132     331.424              76              75
  165         396.359    -728.369         302.319    -638.832             165             113
    7        -519.379    -267.658        -177.039     117.729               7              40
  127         673.011     190.003         133.352     218.921             127              94
    1        -479.654     -91.807          33.606     124.707               1              37
   70         927.616     -13.665          19.721     595.187              70              66
   12        1317.473     814.953         750.783     285.411              12              43
  175         459.041     586.060         107.969    -155.548             175             118
  219        -440.367    1150.424         159.122     535.057             219             146
  147         710.699     464.871        1058.894     260.338             147             104
   44        -403.457   -1727.344         401.332   -1351.325              44              59
  240        -907.873     -42.111       -1608.227     283.391             240             151
  106          -4.208    2055.846         676.645    1445.766             106              90
   59         431.233    -933.687         424.694     124.719              59              60
  155        1822.059    1233.656        1169.153     706.745             155             114
  156         124.314   -1029.805         701.778   -1151.002             156             109
   14        -124.674    -151.121        -353.314     169.096              14              44
  192         219.984     323.591         278.605    -137.477             192             127
  249        -535.106     360.141        -114.067     819.732             249             161
  156        2209.000       0.135        1561.000       0.000             156              34
   35        -535.132    -360.306        -114.068    -819.734              35              40
  183         220.033    -323.582         278.604     137.477             183              34
  185        -124.683     151.090        -353.314    -169.097             185              40
  197         124.221    1029.710         701.775    1151.003             197              34
  186        1822.253   -1233.448        1169.154    -706.742             186              40
   86         430.944     933.654         424.694    -124.719              86              34
  248          -3.989   -2055.907         676.648   -1445.764             248              40
  119        -907.928      42.057       -1608.226    -283.393             119              34
   47        -403.688    1727.204         401.328    1351.325              47              40
   72         710.803    -464.946        1058.894    -260.336              72              34
  166        -440.147   -1150.591         159.123    -535.057             166              40
    7         459.225    -586.007         107.969     155.548               7              34
  210        1317.617    -814.712         750.782    -285.409             210              40
  253         927.507      13.859          19.722    -595.187             253              34
  110        -479.743      91.724          33.607    -124.707             110              40
  230         672.991    -189.894         133.352    -218.921             230              34
  217        -519.462     267.568        -177.040    -117.730             217              40
  206         396.252     728.348         302.317     638.833             206              34
  154         617.199    -465.579        1105.133    -331.421             154              40
   55        1116.858    -542.847         275.591    -539.622              55              34
  212        -168.729     610.983         588.994    -484.699             212              40
  215        -420.677   -1475.356         382.449    -782.280             215              34
   52          71.670   -1851.124          85.728   -1311.441              52              40
   91        -631.536    -905.468       -1032.160    -566.826              91              34
  136          48.477      99.050          25.511      -9.909             136              40
  238        -278.605   -1105.508        -428.977    -643.381             238              34
   61         696.476      80.352        -258.524      68.842              61              40
  162         204.320     697.076         -72.372    -678.850             162              34
  141       -2184.281      -8.204       -1085.863    -215.000             141              40
  241          33.739     791.325         -99.869     684.935             241              34
   10        -996.133    -196.535          66.480    -506.536              10              40
   15        -815.886    -381.273        -519.768     207.001              15              34
   59        -359.376    -760.587         184.182    -465.390              59              40
  188       -1098.372    -943.335       -1287.462    -319.362             188              34
   19       -1001.312     769.012        -720.347     923.996              19              40
  237         330.079     370.902         -66.830     756.307             237              34
  102       -1029.315     800.552         -84.977     620.284             102              40
   67         924.981   -1067.946         647.524    1051.282              67              34
   25        2518.118      21.874         814.882    -559.986              25              40
   21       -1020.893     905.332        -286.770     496.645              21              34
  137        1371.222   -1061.809        1191.456    -217.753             137              40
  238         412.718    -609.698        -364.750    -450.063             238              34
   10         893.556     477.302         498.449     -60.944              10              40
   49        -544.346    -435.487        -118.837    -461.925              49              34
  166         230.605   -1212.977         -87.306    -817.347             166              40
   18       -1648.588     419.587       -1630.420     369.019              18              34
  234        1182.265     286.455         754.767    1001.996             234              40
  178         529.893      31.164        -311.586    -318.976             178              34
   83         565.196     692.073         341.678     527.566              83              40
  188          29.652     234.892        -286.915    -171.594             188              34
  186         560.728     308.094         331.291     418.510             186              40
  154         233.485     811.266        -487.996     -75.796             154              34
   94        -138.957    1433.384         428.788     820.901              94              40
   98        -312.382     513.214        -179.242      75.538              98              34
   30         227.319    1121.865        1071.077    1123.139              30              40
   42         790.645    -987.037         881.414    -809.675              42              34
  198         223.612   -1099.251         768.304    -393.594             198              40
   24         410.080   -2107.990        -844.371   -1815.902              24              34
  183       -1962.688    2399.182       -1415.138    1608.743             183              40
   64        1748.579    -167.036        1466.740     620.677              64              34
   68         412.868      20.951         373.163    -681.071              68              40
  234        -591.075   -1214.468        -362.850    -294.512             234              34
   87        1113.094     912.003         -59.404     594.372              87              40
  175          -1.104     787.938         596.000     185.000             175              34
  155         881.922   -1133.158         770.871    -207.194             155              40
   76        1081.888    -766.645          38.216    -976.047              76              34
   99         -64.076     303.957        -451.770      65.981              99              40
  234        1426.221     959.521         294.450     -24.460             234              34
  162        -857.193    1132.339          53.095    -544.791             162              40
  130       -1673.185    -462.459        -717.236    -157.630             130              34
   53        -114.104     365.717          80.941     512.910              53              40
   81         244.273    -525.118          27.175    -212.687              81              34
  209         138.390     657.634         -75.835      68.647             209              40
  249        -784.514     261.891        -405.624     275.768             249              34
    2        1209.586     736.452         903.126     647.401               2              40
    5         153.617    -817.490         164.229   -1047.410               5              34
  115         198.347     696.328        -335.981     310.906             115              40
   36        -178.485    1139.685          47.559    -265.573              36              34
   18       -1498.508     871.974         -19.188     435.108              18              40
   11        -269.855   -1257.826         337.062    -390.573              11              34
  157         362.880     113.742        -149.893      49.035             157              40
  181        -706.518     356.201           7.500    -302.430             181              34
  203        -808.038    -319.357        -239.609     299.311             203              40
  170         492.884      60.408         273.122      12.708             170              34
  164        -188.299     244.151         273.744      30.384             164              40
  149        -125.636    -786.282         224.569    -611.628             149              34
  121        -511.554    -302.364        -208.956    -334.212             121              40
  185       -1082.651   -1064.839        -373.938    -656.654             185              34
   43        -589.179    -763.928        -956.806      16.144              43              40
  197        -449.434     986.193        -519.735     462.063             197              34
   62        -717.155    -262.676         -91.589     314.532              62              40
   71        -124.788    -133.088        -627.252     203.298              71              34
   81        -114.936     855.207          62.949     907.153              81              40
  115         513.176    -528.682         -25.359      93.833             115              34
  248        1244.645    1346.191         300.126     665.791             248              40
  129        -468.202     468.771        -108.232    -544.998             129              34
   98       -1307.257    1287.615        -728.041    1009.996              98              40
  224           3.950    1006.067         566.378     856.888             224              34
  247         368.467     168.519         868.053     206.347             247              40
   96        -943.268    -690.903        -390.579    -493.452              96              34
   52         -70.913    1396.599         245.995    1554.562              52              40
   36         442.451   -1277.758        1182.153    -744.522              36              34
  180        -267.091     -80.422        -537.993     596.706             180              40
   74        1398.340    -471.966        1676.663      12.023              74              34
  239        1246.283   -1750.166        -154.868   -1275.096             239              40
  131        -962.366    1575.594        -560.685     -73.253             131              34
   71       -1107.309    -253.132        -271.393     343.952              71              40
  237        -192.778     423.563         382.517     308.384             237              34
   35         174.694   -1923.432         291.368    -652.200              35              40
   51        -952.420     220.583       -1232.748    -116.643              51              34
   43         281.874     600.592         221.651    1377.651              43              40
  138        1015.019     909.369         633.172    -226.518             138              34
  175       -1007.523    -278.636         388.804    -110.497             175              40
  124       -1252.342   -1438.413        -666.613    -892.934             124              34
  157        -400.837    -233.677        -396.410    1047.763             157              40
  199         526.150    -178.516         158.054    -659.694             199              34
   34       -1925.364    -110.891        -953.265     487.374              34              40
   67        -700.851    -342.725        -485.296     253.372              67              34
  219        -261.739       3.243        -193.133    1078.529             219              40
  130        -869.482    -796.574        -708.154    -434.256             130              34
  153        -732.482    1026.164       -1304.740    2329.575             153              40
  119          10.740    2013.551         549.060    1224.376             119              34
   57         -37.075    -606.663         323.948    1922.036              57              40
  166         237.864     917.762         195.419     307.276             166              34
  191        -687.418    -714.897         161.645    3071.774             191              40
   41         404.392     286.111        -207.488     262.818              41              34
   11        -264.858     630.117         336.439   10106.905              11              40
