SINAL     NFT                         FFT                         NFT INVERSA     FFT INVERSA
-----     -----------------------     -----------------------     -----------     -----------
  217       32265.000       0.000       17416.248       0.000             217             141
  140        1754.044    -236.005         908.755   -9692.909             140             106
  165         890.655      98.661         790.979    -745.136             165             115
  124        -335.634    -226.326         -32.230   -3787.705             124              98
   87        -463.588    -260.439         227.046    -131.891              87              76
  143         603.721   -1065.061         168.145   -2360.933             143             107
  186          72.467     419.919        -152.684    -104.114             186             125
  158          97.229     256.356         297.496   -1183.535             158             115
  241          71.686    -365.182         405.592    -238.591             241             153
  171         919.200    -615.078         415.822   -1222.411             171             121
  133         341.401    -361.364         282.256    -876.898             133              99
   89        -460.159    -531.097        -613.311   -1055.304              89              80
  190         402.451     361.901         268.474     -21.002             190             127
  185         200.835    -751.364        -425.396   -1136.506             185             128
   78         -15.717    2116.473        -289.455     440.956              78              71
   89        -903.685      32.163         298.318    -241.825              89              80
  153        1205.352     -45.161         480.524    -233.063             153             109
  227        -858.778     329.677        -235.231    -636.219             227             149
  243         643.892     212.334         489.684      77.864             243             154
   40       -1029.369     -81.776        -349.986   -1105.479              40              56
  115       -1163.507     295.963        -431.708     802.277             115              90
   10        1424.027    -310.763         984.697     -22.867              10              41
  148         716.502    -338.602         420.711    -932.658             148             106
  158        -869.943    -556.993        -721.673    -549.617             158             115
  232         730.708     777.873         -18.030     112.747             232             148
   36       -1472.706     850.156        -900.897      28.234              36              54
  254         729.581    1890.127         669.787    1537.152             254             159
   64         586.903     204.602        1105.668    -569.100              64              68
  155        -413.864     224.011         324.341    -214.793             155             110
  190       -1023.872   -1058.019         -38.272    -494.957             190             131
  153         690.461      74.219         217.798     493.543             153             109
  230         371.841    -329.525         377.053    -322.772             230             151
  173         931.170    1064.970         359.074     613.081             173             119
    3         635.959      -5.934        1318.990    -307.215               3              37
  207        1214.984    -897.438         736.997    -931.511             207             136
  146        -749.391    -828.724        -127.213   -1239.416             146             109
  138        -198.909    -368.220        -719.876    -106.264             138             101
  119         115.645    1178.541         274.287     392.755             119              95
  246         758.802    -744.414         585.477    -792.911             246             155
  171       -1159.876     810.036       -1177.644    -271.403             171             121
   58        -562.373    2110.073         433.474    1179.544              58              61
  118        -963.179    -713.871         566.961    -136.565             118              95
    6        1569.927    -705.021         974.551     249.272               6              35
   96         718.891    -277.462         422.194   -1007.741              96              84
    4        -287.024     780.576         248.406     121.656               4              34
  202        -710.068    -957.984         498.230    -686.790             202             137
   99         674.531    -982.787         503.801    -185.238              99              82
  229         308.448   -1394.529         336.059   -1401.854             229             150
  197        -514.889    -778.805        -660.872    -523.823             197             131
  132        -310.393    -554.848        -478.163    -374.886             132             102
  154         580.678     737.286        -205.945     444.011             154             109
   98         398.737     218.375         448.871    -514.577              98              85
   33        -419.948     329.651        -646.369    -595.502              33              49
   86       -2408.485    1586.965        -890.847     487.699              86              79
   60        -410.453     -56.379         608.293     814.190              60              62
  156          58.373    -873.480          27.748    -544.370             156             114
  226        -113.861     822.202           3.744     638.333             226             145
  156        -473.426    -337.754         130.632    -269.388             156             114
   26         -24.163     902.155          97.675    1023.599              26              45
  129         599.145    -274.801        1275.039    -181.949             129             100
  135         295.481   -1008.960         490.204    -397.957             135             100
  248         393.795   -1398.531         258.895    -955.852             248             160
  239        -294.261     448.613        -579.600      41.298             239             152
    8        -491.028       4.317         604.409     194.794               8              40
   10         781.079   -1877.972         359.000    -871.000              10              37
  196        -938.794      34.554       -1119.270    -145.753             196             134
  127         976.679     861.863         977.635    1279.609             127              96
   48        1343.255   -2007.348         738.697   -1664.091              48              60
  183          85.309    1006.659        -693.494     241.465             183             124
  249         -85.828    -225.119         544.444    -846.745             249             160
   33       -1087.619     101.815       -1117.442     -55.285              33              49
  126        -756.298     762.441         161.027     251.463             126              99
   96        -744.843    -748.615        -235.192     110.211              96              80
   32         307.456    -196.895        -131.500      -0.331              32              52
  136        -178.790    1416.832          13.745     987.729             136             100
  154         732.073    -898.441        1197.995    -525.356             154             113
  109        -618.979    -443.384        -654.827    -464.389             109              87
  179        -546.574    -517.224        -176.533     100.000             179             125
   19         574.593    1115.649        -250.893     917.069              19              42
   37         408.343      72.176        1287.716    -217.518              37              54
   47        -627.695    -775.860        -898.907    -348.793              47              56
  142          12.642    1108.320         707.178     975.996             142             107
  232         979.432   -1662.850         576.985    -606.188             232             148
   29         654.896     192.780          68.003    -375.367              29              50
  187        -776.216      65.931        -544.935    -335.971             187             126
  216       -1284.082     843.897        -528.566     667.611             216             144
  209         111.720     233.460         473.287    1084.790             209             137
    0        1654.590    -499.945        1223.152    -209.290              -0              36
  163        -202.519    -365.498        -236.671    -363.909             163             114
  145         827.268     409.390         487.168     536.685             145             108
   42         687.163     571.357         760.623    -280.728              42              53
   21        -854.481    -981.121         379.555    -650.711              21              46
   45        -174.031   -1449.014        -264.601    -464.643              45              55
   63         275.545    -566.846        -192.034    -160.717              63              67
  122         -88.529     504.850        -409.316     105.371             122              93
   96        -805.773      51.908        -203.556     387.357              96              84
  218         772.824     518.998         204.925     975.081             218             141
  145        1344.253     -36.400        1172.787    -120.971             145             108
  118         -69.277     224.456        -216.681    -124.650             118              91
   16         206.095    -153.864         882.549     238.623              16              44
  238         883.907    -768.579          48.843    -389.918             238             151
  152         464.262     477.236         821.073     -16.196             152             112
   31        -551.805   -1613.627        -448.944    -910.272              31              48
   92         801.302     359.463         167.126     833.977              92              82
  243        1451.537    -104.114         420.306    -832.333             243             154
   62       -1312.389    1270.166        -484.866     463.000              62              67
  112         650.403    -147.880         638.432     156.490             112              88
  113         127.685     750.952         586.067     147.037             113              92
  213           8.589   -1414.318         735.893   -1109.582             213             139
  229       -1604.203    -827.963        -773.335    -341.423             229             150
  136          48.226   -1947.810         254.463    -355.051             136             100
   65        -208.050   -1059.582       -1291.440     -80.322              65              68
  108        1241.243    1221.951         423.256    1189.968             108              86
   57         623.660    -668.503         264.257    -278.101              57              64
  203        1431.183     326.307         287.638     351.687             203             134
   46         298.269      89.558          -0.502    -272.809              46              59
  239        1153.367     304.545         307.036     497.141             239             152
  120        1099.917     431.062          19.104    -423.121             120              96
   10         161.822    2356.301         188.135     977.442              10              37
  208         438.660    -444.244        1080.847    -514.146             208             140
   28         801.517     113.590         130.777    -256.342              28              46
  176        -405.911    -131.701         137.327    -984.889             176             124
   22        -924.363     334.728        -874.241     210.739              22              43
  235        -460.110     224.174          76.830    -245.378             235             153
   57       -1161.062     754.302       -1318.434     852.048              57              61
   54         623.081    2403.101        1159.079    1432.754              54              63
  230          19.754    -830.430         620.241    -226.094             230             147
  241         772.217    1121.392         498.137     385.247             241             156
  237        -659.000      -0.168         822.000       0.000             237              36
  114         772.420   -1121.396         498.135    -385.247             114              39
   38          19.584     830.257         620.240     226.094              38              36
   63         623.401   -2403.135        1159.080   -1432.751              63              39
    9       -1160.998    -754.459       -1318.432    -852.049               9              36
   76        -460.046    -224.231          76.829     245.379              76              39
   47        -924.226    -334.872        -874.241    -210.741              47              36
  123        -405.765     131.625         137.324     984.889             123              39
  106         801.678    -113.495         130.777     256.342             106              36
   85         438.664     444.189        1080.845     514.148              85              39
  127         162.322   -2356.319         188.137    -977.442             127              36
  103        1100.084    -430.773          19.101     423.121             103              39
   38        1153.429    -304.269         307.038    -497.139              38              36
  205         298.298     -89.436          -0.502     272.809             205              39
   56        1431.228    -325.977         287.639    -351.687              56              36
  185         623.482     668.656         264.256     278.101             185              39
  195        1241.322   -1221.630         423.257   -1189.967             195              36
  200        -208.382    1059.742       -1291.440      80.318             200              39
   46          47.765    1947.851         254.462     355.051              46              36
  195       -1604.373     827.626        -773.336     341.421             195              39
  110           8.428    1414.164         735.892    1109.584             110              36
   95         127.861    -751.087         586.068    -147.037              95              39
  104         650.362     147.889         638.432    -156.490             104              36
  143       -1312.109   -1270.418        -484.865    -463.002             143              39
    9        1451.620     104.401         420.304     832.334               9              36
  121         801.310    -359.258         167.129    -833.976             121              39
   51        -552.085    1613.527        -448.946     910.271              51              36
   54         464.397    -477.216         821.073      16.198              54              39
   11         883.771     768.695          48.842     389.918              11              36
  247         206.031     153.810         882.551    -238.621             247              39
  165         -69.216    -224.533        -216.681     124.649             165              36
  180        1344.233      36.571        1172.787     120.973             180              39
  154         772.771    -518.896         204.926    -975.081             154              36
  176        -805.862     -52.037        -203.556    -387.358             176              39
  162         -88.452    -504.810        -409.316    -105.374             162              36
   47         275.422     566.983        -192.035     160.717              47              39
  194        -174.319    1448.973        -264.602     464.643             194              36
   93        -854.598     980.831         379.554     650.712              93              39
   29         687.340    -571.378         760.622     280.729              29              36
   95         827.323    -409.283         487.169    -536.684              95              39
  107        -202.574     365.444        -236.672     363.908             107              36
  143        1654.451     500.136        1223.152     209.293             143              39
   47         111.579    -233.553         473.289   -1084.790              47              36
  155       -1284.022    -844.147        -528.566    -667.613             155              39
  191        -776.131     -66.041        -544.936     335.970             191              36
  236         655.010    -192.619          68.003     375.368             236              39
    7         979.120    1662.954         576.983     606.188               7              36
   48          12.737   -1108.397         707.180    -975.993              48              39
  114        -627.841     775.727        -898.907     348.792             114              36
  230         408.369     -72.211        1287.715     217.521             230              39
   34         574.713   -1115.557        -250.891    -917.070              34              36
  207        -546.733     517.179        -176.533     -99.999             207              39
   67        -619.028     443.262        -654.828     464.387              67              36
   74         731.927     898.447        1197.994     525.359              74              39
  196        -178.598   -1416.929          13.748    -987.731             196              36
    5         307.356     196.987        -131.500       0.332               5              39
  178        -745.039     748.435        -235.192    -110.212             178              36
   94        -756.176    -762.623         161.027    -251.462              94              39
    4       -1087.520    -101.981       -1117.441      55.283               4              36
   57         -85.729     225.091         544.442     846.747              57              39
   11          85.619   -1006.572        -693.493    -241.466              11              36
  116        1342.989    2007.582         738.693    1664.093             116              39
  171         976.744    -861.759         977.638   -1279.607             171              36
   67        -938.821     -34.625       -1119.269     145.751              67              39
  104         780.763    1878.085         359.000     871.000             104              36
   10        -491.060      -4.515         604.408    -194.793              10              39
   92        -294.144    -448.660        -579.599     -41.300              92              36
  143         393.602    1398.591         258.892     955.852             143              39
  250         295.319    1008.870         490.203     397.958             250              36
  225         599.058     274.708        1275.038     181.951             225              39
  100         -24.091    -902.274          97.677   -1023.599             100              36
   61        -473.524     337.595         130.630     269.388              61              39
  128        -113.739    -822.270           3.745    -638.334             128              36
  241          58.174     873.433          27.745     544.370             241              39
   41        -410.565      56.142         608.296    -814.188              41              36
  146       -2408.176   -1587.443        -890.846    -487.702             146              39
   82        -419.696    -329.691        -646.370     595.501              82              36
   32         398.918    -218.293         448.869     514.579              32              39
  189         580.850    -737.111        -205.944    -444.011             189              36
  213        -310.464     554.908        -478.163     374.885             213              39
   85        -514.929     778.782        -660.873     523.823              85              36
  174         308.323    1394.565         336.056    1401.854             174              39
  234         674.390     982.797         503.801     185.239             234              36
   40        -710.198     957.684         498.228     686.790              40              39
  115        -286.765    -780.762         248.406    -121.656             115              36
  132         718.967     277.526         422.192    1007.741             132              39
  235        1569.766     705.169         974.552    -249.270             235              36
  255        -963.378     713.469         566.961     136.565             255              39
  114        -561.993   -2110.326         433.476   -1179.543             114              36
   55       -1159.609    -810.191       -1177.645     271.399              55              39
   71         758.820     744.515         585.476     792.912              71              36
  156         115.901   -1178.538         274.288    -392.755             156              39
   90        -198.901     368.249        -719.876     106.263              90              36
  220        -749.362     828.586        -127.216    1239.415             220              39
  161        1215.001     897.527         736.995     931.512             161              36
   71         636.036       5.873        1318.990     307.220              71              39
  201         931.380   -1064.887         359.075    -613.081             201              36
  159         371.784     329.565         377.052     322.770             159              39
  161         690.422     -74.143         217.799    -493.544             161              36
   56       -1024.063    1057.739         -38.274     494.955              56              39
    9        -413.715    -224.261         324.341     214.794               9              36
  211         587.035    -204.694        1105.666     569.101             211              39
   87         729.881   -1890.107         669.789   -1537.151              87              36
  173       -1472.509    -850.376        -900.898     -28.237             173              39
  111         730.944    -777.670         -18.030    -112.747             111              36
  201        -869.924     556.911        -721.674     549.614             201              39
  234         716.605     338.706         420.709     932.659             234              36
  153        1423.967     310.941         984.697      22.870             153              39
  247       -1163.485    -296.216        -431.707    -802.278             247              36
   18       -1029.233      81.554        -349.989    1105.477              18              39
  101         644.073    -212.286         489.684     -77.863             101              36
   33        -858.564    -329.857        -235.232     636.219              33              39
  236        1205.478      45.320         480.524     233.063             236              36
  186        -903.572     -32.418         298.317     241.823             186              39
   23         -15.161   -2116.445        -289.454    -440.956              23              36
  146         200.905     751.496        -425.399    1136.505             146              39
   44         402.679    -361.792         268.474      21.002              44              36
  222        -460.041     531.070        -613.314    1055.301             222              39
   20         341.610     361.429         282.255     876.898              20              36
  175         919.317     615.204         415.819    1222.412             175              39
   83          71.831     365.120         405.592     238.592              83              36
  206          97.537    -256.401         297.493    1183.533             206              39
   74          72.864    -419.885        -152.683     104.114              74              36
  169         603.895    1065.157         168.140    2360.932             169              39
  124        -463.184     260.281         227.047     131.892             124              36
  190        -334.974     226.187         -32.238    3787.700             190              39
  225         891.678     -98.583         790.977     745.137             225              36
   63        1755.741     236.229         908.733    9692.904              63              39
