SINAL     NFT                         FFT                         NFT INVERSA     FFT INVERSA
-----     -----------------------     -----------------------     -----------     -----------
    2       32673.000       0.000       16524.248       0.000               2              35
  163         -63.238     429.578         638.916   -9520.584             163             112
  196         956.493   -1780.999          72.406    -735.978             196             132
  107         154.616     909.103        -653.954   -3507.506             107              84
   29       -1042.742    1044.770        -363.715     886.595              29              48
  191        1425.680    -428.273        1050.428   -1939.159             191             126
   71         550.879    -175.950        -312.572    -550.631              71              69
  135         324.464    1403.738         249.030   -1332.736             135              98
  146       -1608.468      86.373        -360.342    -501.981             146             107
  233       -1097.078    -319.837        -220.793    -786.102             233             147
  152        -108.586    -657.884          23.536     161.812             152             110
  124         944.395    -838.718         503.496   -1085.081             124              93
   35         125.578    -546.174        -590.730    -614.916              35              51
  204        -388.316     814.555        -212.421    -347.729             204             133
   11        -356.143    -805.702        -347.675    -142.672              11              39
  223         755.743    1082.864          38.757     144.528             223             142
  129          11.606    -491.115         541.040    -455.687             129              98
  152         122.688    -844.741        -551.325    -670.008             152             107
  116         813.917     438.133          53.624     276.183             116              92
  133         956.533     457.798          13.271    -530.530             133              97
   10        -130.293    1033.818           4.039     -71.333              10              39
  124        -529.746     -82.136        -459.773    -563.115             124              93
  208        -319.141    1713.518        -304.219     921.309             208             138
  156         463.115     489.430        1086.811     -15.380             156             109
   55         -48.760    -988.392         325.233    -811.483              55              61
   91         -82.934   -1057.533        -354.849    -667.167              91              76
  174         495.775     549.829        -397.347      20.002             174             121
  232        -674.065     970.835        -238.174      81.149             232             147
   18         120.399     125.112         141.399     535.157              18              43
  109        1464.423     666.527         624.124     -20.541             109              85
   83        -366.909     909.848         390.386    -240.143              83              75
  124        -570.765   -1097.361         283.887    -185.040             124              93
  210        1931.139    -840.951         714.503    -337.295             210             139
  168         615.885    -248.750          89.514    -945.525             168             115
  176         503.909    -170.491         -66.735    -436.231             176             122
  104         202.020     828.895        -441.199    -325.585             104              83
  160          34.090    1445.935         764.937     333.812             160             114
   50         -93.360   -2447.577         171.281   -1783.412              50              56
  185         342.235    1085.121       -1023.713     262.757             185             126
   88         106.096     781.414         777.287    -572.800              88              75
   30        -954.329    -518.732        -961.511    -784.162              30              49
   85        -825.955    1209.658        -267.504     152.826              85              73
  248        -684.130    -190.842        -188.425       2.308             248             158
  198         556.214      -1.752         428.896    -489.784             198             130
  219       -1532.373    -726.700       -1180.711    -994.886             219             143
  124        -995.178    1440.847       -1063.965    1182.951             124              93
  114         822.491    1184.549         737.993     823.969             114              91
  134        1027.191     844.335         741.283    -113.953             134              98
  223        -358.239     343.806         512.083    -693.265             223             145
  161        -685.370    -410.008        -298.238    -552.719             161             111
  107        -297.387     755.059         313.953    -309.792             107              87
  211       -2002.567   -1304.849        -679.089   -1260.861             211             136
   35       -1712.770     429.924       -1262.112     727.203              35              51
  197         545.001     495.055         694.336     559.886             197             129
  240        -463.741    -159.914          91.666    -680.878             240             154
  128       -1507.859    -438.298        -686.761      43.161             128              95
  229         205.233     614.913         346.506     784.025             229             148
   31         698.080   -1168.909         818.115    -668.504              31              46
  118        -184.570     183.713        -521.209    -369.728             118              93
   39        -467.231     367.067         478.315     242.692              39              50
  135         282.913   -1197.069         488.709    -849.787             135             101
   14        -386.233   -1220.656        -220.707    -875.618              14              38
  116        -183.078    -480.095        -505.893    -634.857             116              92
  143       -1115.750      82.407        -661.315    -386.464             143             102
   74       -1792.986     -64.082        -709.000      55.000              74              71
  181        -276.600   -1343.170        -179.862     280.823             181             121
  219        1159.074      96.802         -66.002    -122.624             219             143
   74        -452.614     117.688        -215.027      69.530              74              68
  216        1010.194     173.880         270.173    -120.266             216             142
    5        -550.310     -58.445        -266.504    -614.556               5              33
   30        -436.378     593.368        -329.700      25.032              30              49
  172        -866.494    -650.090         -27.365    -526.442             172             117
  239        -476.965     -62.429        -802.193    -257.800             239             153
   69       -1346.473     274.061        -212.699      23.258              69              65
    4       -1005.674   -1123.176        -789.321    -327.108               4              36
   12        -304.914      56.762        -446.922     639.702              12              37
   60         728.585      -2.659        -124.436    -361.369              60              64
  236       -1933.437    1075.442       -1137.474     583.816             236             149
  212         452.287     355.461         474.288     824.442             212             140
   63         -54.436    -336.727         -95.443    -103.672              63              62
   34        1006.830     929.001         232.580     415.766              34              51
  147       -1170.593     355.940          59.549    -289.310             147             104
   34         289.583    -892.212          66.694      83.299              34              51
  109        -128.015     407.133        -176.121    -527.480             109              85
   50       -1662.191    -266.696        -675.435     112.185              50              59
   24        -348.718      67.662        -459.420     757.765              24              43
  226        1705.650     457.426        1333.979     728.828             226             147
   78         815.984   -1987.734         210.219   -2041.987              78              70
   14       -1598.558    1334.071       -1756.646     478.105              14              41
   92          66.912     508.897         611.049     341.956              92              77
   96       -1055.786     -55.040        -813.782    -338.801              96              82
  151        -652.969      41.501        -145.586     630.319             151             106
  176         546.982     380.448        -210.583      -7.703             176             122
   20       -1499.068     629.205        -369.951     405.633              20              41
   49         551.757     179.828        -121.376     706.390              49              58
  248          86.405    1536.653         592.790     404.070             248             155
   17        -999.080    -511.114          -2.503    -139.295              17              42
  186        -470.379    -129.951         180.320     537.919             186             124
  199         806.166   -1219.892         575.360    -259.763             199             133
  176        -174.367    -591.832        -366.906    -166.521             176             119
  118        1031.728      82.162         189.689     530.919             118              93
  203         705.412     272.424         501.095    -142.727             203             132
   94         626.152    -666.356         187.775    -321.362              94              81
   47          50.556     205.628        -374.032    -374.427              47              54
  113         -34.717     736.579        -244.637     712.602             113              90
  164        1259.671    1025.314         862.747     185.254             164             113
  140          91.764     -57.731         563.196    -523.750             140             104
  140        -184.199    -643.907         -24.338    -991.846             140             101
   55       -1356.537     -84.326        -774.732    -219.594              55              61
  124        -352.918     -49.446        -288.129      70.793             124              93
   50        -411.278     466.003        -138.839     403.659              50              59
  190         708.435    -637.650         377.002    -534.258             190             126
  249       -1532.404    1013.890       -1241.703      33.342             249             158
  245        -529.595     747.952         454.831    1063.818             245             153
   12         104.567    -601.317         202.235    -277.888              12              40
  193         358.166      -2.668         344.851     465.968             193             127
   59         978.473    -223.019         550.721    -594.299              59              63
  109        -651.323    -230.415        -211.573    -383.317             109              85
  211        -393.040     147.928        -397.819    -115.051             211             139
   90        -701.160     721.978          80.888     653.244              90              76
  101         556.426    -598.858         797.590    -249.987             101              84
   95        -133.820    -769.031         179.494    -407.632              95              78
  100         480.710    -949.595         356.999    -662.087             100              84
   34        -389.012    -819.275        -299.065    -573.143              34              48
  134         593.864    -739.848         356.789    -626.087             134             101
  107        -950.965   -1503.384        -937.936   -1534.505             107              84
   92       -1831.643     495.341       -1423.463     345.063              92              80
  103        -453.791   -1373.158        -172.255      39.470             103              82
  184        1177.000       0.213        -806.000       0.000             184              37
   37        -454.146    1373.203        -172.257     -39.470              37              34
   29       -1831.568    -495.536       -1423.462    -345.065              29              37
  167        -951.073    1503.342        -937.941    1534.503             167              34
  181         593.842     739.970         356.788     626.088             181              37
   44        -389.092     819.220        -299.066     573.142              44              34
  172         480.598     949.643         356.998     662.088             172              37
  158        -133.931     768.928         179.493     407.632             158              34
  254         556.302     598.817         797.589     249.988             254              37
  122        -701.072    -722.189          80.889    -653.244             122              34
  123        -392.988    -148.003        -397.818     115.050             123              37
  188        -651.270     230.292        -211.573     383.316             188              34
   31         978.497     223.143         550.719     594.300              31              37
  207         358.124       2.689         344.853    -465.966             207              34
  184         104.388     601.246         202.235     277.888             184              37
   71        -529.551    -748.140         454.834   -1063.816              71              34
  110       -1532.188   -1014.120       -1241.703     -33.344             110              37
   90         708.389     637.791         377.000     534.259              90              34
  133        -411.220    -466.085        -138.838    -403.659             133              37
  198        -352.935      49.408        -288.130     -70.793             198              34
  240       -1356.479      84.113        -774.732     219.593             240              37
   93        -184.153     643.839         -24.340     991.846              93              34
  248          91.908      57.640         563.195     523.751             248              37
  160        1259.908   -1025.160         862.747    -185.253             160              34
  101         -34.591    -736.540        -244.636    -712.602             101              37
  223          50.646    -205.531        -374.034     374.426             223              34
  226         626.091     666.495         187.774     321.363             226              37
  107         705.466    -272.302         501.095     142.728             107              34
  140        1031.671     -81.931         189.690    -530.918             140              37
   62        -174.546     591.859        -366.906     166.520              62              34
  149         805.861    1219.981         575.360     259.763             149              37
  177        -470.540     129.765         180.322    -537.919             177              34
  168        -999.201     510.795          -2.503     139.295             168              37
  149          86.672   -1536.732         592.790    -404.069             149              34
  162         551.695    -179.739        -121.375    -706.390             162              37
  126       -1499.006    -629.460        -369.950    -405.634             126              34
  104         547.036    -380.323        -210.583       7.703             104              37
    5        -653.036     -41.581        -145.585    -630.319               5              34
  239       -1055.783      54.856        -813.783     338.800             239              37
  254          67.011    -508.898         611.049    -341.953             254              34
  226       -1598.245   -1334.207       -1756.646    -478.107             226              37
  254         815.805    1987.939         210.214    2041.988             254              34
  150        1705.669    -457.197        1333.980    -728.825             150              37
   39        -348.880     -67.706        -459.419    -757.766              39              34
  134       -1662.265     266.412        -675.435    -112.185             134              37
  115        -127.880    -407.139        -176.122     527.480             115              34
  232         289.423     892.238          66.695     -83.299             232              37
  248       -1170.493    -356.221          59.548     289.310             248              34
  145        1007.024    -928.826         232.581    -415.765             145              37
   92         -54.545     336.736         -95.444     103.671              92              34
  243         452.233    -355.416         474.289    -824.440             243              37
   21       -1933.286   -1075.715       -1137.473    -583.819              21              34
   38         728.605       2.887        -124.436     361.370              38              37
   49        -305.000     -56.707        -446.920    -639.703              49              34
  191       -1005.931    1123.040        -789.322     327.107             191              37
   91       -1346.405    -274.301        -212.699     -23.258              91              34
  179        -476.916      62.385        -802.193     257.800             179              37
  252        -866.534     649.929         -27.366     526.442             252              34
  151        -436.181    -593.455        -329.701     -25.032             151              37
   50        -550.186      58.384        -266.504     614.556              50              34
  199        1010.293    -173.679         270.173     120.266             199              37
  127        -452.566    -117.704        -215.026     -69.529             127              34
   30        1159.064     -96.502         -66.002     122.625              30              37
   42        -276.970    1343.166        -179.860    -280.821              42              34
   29       -1793.042      63.755        -709.000     -55.000              29              37
    4       -1115.637     -82.558        -661.317     386.461               4              34
  222        -183.050     480.134        -505.894     634.856             222              37
   59        -386.344    1220.604        -220.709     875.617              59              34
   55         282.772    1197.006         488.707     849.788              55              37
   47        -467.128    -367.258         478.316    -242.691              47              34
  127        -184.458    -183.755        -521.210     369.727             127              37
    5         697.907    1168.956         818.113     668.506               5              34
   11         205.247    -614.966         346.507    -784.024              11              37
   90       -1507.962     438.000        -686.760     -43.163              90              34
  237        -463.697     159.740          91.664     680.878             237              37
  143         545.045    -495.035         694.337    -559.883             143              34
   56       -1712.758    -430.198       -1262.111    -727.205              56              37
   83       -2002.659    1304.448        -679.092    1260.860              83              34
  119        -297.077    -755.217         313.953     309.792             119              37
  121        -685.275     409.809        -298.239     552.719             121              34
  122        -357.971    -344.002         512.082     693.265             122              37
  183        1027.477    -844.270         741.283     113.954             183              34
  222         822.669   -1184.449         737.995    -823.968             222              37
  117        -994.975   -1440.918       -1063.962   -1182.953             117              34
  244       -1532.372     726.534       -1180.713     994.884             244              37
   11         556.341       1.838         428.896     489.785              11              34
  208        -684.102     190.678        -188.425      -2.309             208              37
  182        -825.636   -1209.790        -267.503    -152.826             182              34
  157        -954.219     518.592        -961.512     784.162             157              37
  216         106.451    -781.411         777.286     572.802             216              34
  237         342.582   -1084.926       -1023.713    -262.758             237              37
   51         -93.620    2447.560         171.277    1783.413              51              34
   32          34.504   -1446.040         764.937    -333.810              32              37
   54         202.340    -828.789        -441.200     325.585              54              34
   30         504.056     170.671         -66.735     436.231              30              37
  114         616.011     248.922          89.513     945.527             114              34
   18        1931.032     841.294         714.503     337.295              18              37
   96        -570.963    1097.151         283.886     185.038              96              34
  172        -366.622    -910.036         390.385     240.144             172              37
   90        1464.616    -666.302         624.123      20.542              90              34
  134         120.401    -125.109         141.400    -535.157             134              37
  168        -673.837    -970.932        -238.174     -81.150             168              34
   94         495.960    -549.630        -397.347     -20.003              94              37
   11         -83.046    1057.590        -354.850     667.166              11              34
   47         -48.828     988.290         325.232     811.484              47              37
  221         463.268    -489.505        1086.811      15.381             221              34
  137        -318.796   -1713.586        -304.217    -921.310             137              37
   42        -529.629      82.085        -459.775     563.114              42              34
  176        -129.920   -1033.808           4.038      71.334             176              37
   49         956.779    -457.543          13.270     530.530              49              34
  199         814.069    -437.864          53.625    -276.182             199              37
  184         122.608     844.853        -551.326     670.007             184              34
  185          11.628     491.093         541.039     455.688             185              37
  242         755.997   -1082.699          38.757    -144.530             242              34
  132        -356.219     805.697        -347.676     142.671             132              37
  168        -388.041    -814.565        -212.422     347.728             168              34
  217         125.668     546.303        -590.731     614.916             217              37
   47         944.367     838.909         503.493    1085.082              47              34
  131        -108.648     657.828          23.537    -161.812             131              37
   60       -1097.008     319.572        -220.794     786.103              60              34
  215       -1608.137     -86.747        -360.342     501.980             215              37
  176         325.114   -1403.687         249.026    1332.735             176              34
   95         551.242     176.112        -312.573     550.631              95              37
   39        1425.923     428.486        1050.424    1939.161              39              34
   60       -1042.163   -1044.952        -363.714    -886.596              60              37
  194         155.430    -908.929        -653.963    3507.503             194              34
  252         957.072    1781.223          72.405     735.978             252              37
  200         -61.462    -429.629         638.894    9520.580             200              34
