SINAL     NFT                         FFT                         NFT INVERSA     FFT INVERSA
-----     -----------------------     -----------------------     -----------     -----------
  159       32846.000       0.000       17312.248       0.000             159             112
  132        1337.069     578.528         953.531   -9813.128             132             101
  225        -638.635    -244.690         567.764    -667.897             225             145
  182         416.995   -1728.360         264.047   -4071.536             182             126
   49        -429.117     419.580        -380.903    -537.859              49              57
   56       -1124.862   -1058.589         -40.712   -2316.596              56              63
  119          59.045    -849.284        -704.684    -489.704             119              92
   37       -1076.923    1030.176        -753.413   -1090.808              37              54
   95       -1120.952     388.115        -469.342     802.976              95              80
  253        1034.319     748.564         578.698    -153.796             253             162
   40         345.179     408.796         754.614    -376.511              40              52
  162       -1435.492    -524.116        -771.827   -1090.866             162             116
  223        -162.069    1756.816         246.262    1404.012             223             144
   65        -102.594   -1103.360        1128.787   -1113.989              65              68
  255          42.755    -925.944        -214.312     -55.985             255             160
  171          36.110    -229.604         193.998    -709.886             171             121
  170        -440.870     303.274        -337.118     841.109             170             117
  201        1619.280      23.352        1405.925    -119.963             201             136
  239         399.393    -280.750         274.039    -385.808             239             152
  223         366.969    -161.728         694.088    -425.834             223             147
   19         218.565    -282.519         291.509    -167.220              19              42
  107         438.451    -769.457        1052.608    -638.056             107              89
  210         377.089   -2111.010           5.099   -1168.518             210             137
  119         -28.846    -284.165        -376.447    -338.033             119              95
  246        1019.938    -567.337         329.877     -21.520             246             155
  247         806.213     192.885         -50.314    -700.013             247             159
  202        -362.251     898.704           3.527     464.385             202             133
   22        1056.952    -286.826         851.318    -470.737              22              46
  189        -179.831      -3.292         271.270    -494.467             189             127
  255        -406.406   -1582.783        -134.837   -1034.232             255             163
   44        -516.771     759.037        -671.617     708.003              44              54
  185        1287.535    -718.216        1267.814     144.703             185             128
  238        2146.523    -113.652         631.236    -444.703             238             151
    1         696.544    -334.662         864.741   -1266.530               1              36
   59        -605.715     -50.046        -687.517    -699.222              59              62
  174        -560.712    -181.825         691.991    -479.689             174             122
    1        -702.442   -2066.081        -631.303   -1283.206               1              33
  133       -1016.695    -559.537        -611.033    -206.030             133             102
  161          32.667    -976.977        -623.605     141.406             161             113
  205        1123.938     222.307         410.981     140.286             205             138
   52          67.225    -617.440        -409.265    -339.105              52              58
  188        1213.616      91.999         399.660     510.170             188             129
  135        2367.291    -325.100         488.840    -727.845             135             100
   16          71.179    1201.034        -352.365    -452.877              16              43
   30         189.995    1064.891         -31.066     385.685              30              47
  177        1055.702     649.587        1159.215    -653.056             177             124
  136       -1270.350   -1006.326        -831.021   -1458.179             136             100
   73        -865.038    1051.776        -699.633     259.124              73              72
  199       -1098.924     576.378        -269.806       3.518             199             132
   75        -547.928    -152.695         209.110      16.901              75              73
  166        -668.659    -753.915        -661.760    -513.033             166             115
   56        -282.856    1280.538         -67.259     851.590              56              63
  144        -598.886    -760.010         330.514    -566.328             144             104
  144        -612.118    -865.171        -615.567     244.423             144             107
    8        1082.494     363.715         336.047     444.189               8              36
  177         653.743    -249.222         596.220    -191.532             177             124
  184         300.123    -850.989        -285.952    -626.710             184             124
  242         753.031     850.188         -46.549     522.308             242             156
  171         584.387     557.620         477.532    -506.669             171             118
  204        -811.826    -318.863        -262.388    -237.376             204             137
  122         188.268    -190.191        -323.369    -235.297             122              93
   60         249.324    1159.385          61.368     730.127              60              65
  195         500.308    -214.765         749.057    -893.482             195             130
  149       -1160.421    -802.407        -981.902     -71.257             149             110
  154        1823.934     988.093         586.000      30.000             154             109
   57       -1860.234     156.859        -745.391    -478.867              57              64
  146         586.033     247.570          56.820     362.759             146             105
   47        -975.420     601.624        -571.238    -158.398              47              59
   13          56.502    1085.185         258.732     812.250              13              39
   33        -652.399    -879.464         203.112    -501.112              33              52
   27        1166.335    -148.737        -272.159     265.463              27              46
   51        -188.151    1964.368         -65.578      74.217              51              61
   87        -960.786     865.461         260.978     712.337              87              76
  128         337.023    -909.870         895.970    -309.829             128              99
  250        1060.029    -912.094         477.332    -574.159             250             157
  193         -43.493   -1484.304        -168.901   -1760.305             193             132
  106       -1572.549     330.359       -2206.096    -235.845             106              85
   18       -1615.305    2062.943        -717.423    1040.996              18              44
   48       -1044.917     522.754        -747.353     849.223              48              56
  238        -292.414    1894.705         130.824    1367.818             238             154
  253        -118.630     581.540         427.195     942.707             253             159
   59        1142.890     418.863        1211.476     600.903              59              65
   63         464.917    -432.301         491.804    -460.879              63              64
  187         -79.371    -244.055         242.912      82.483             187             129
   79         630.875    -235.662         -72.215    -182.919              79              72
  233        -341.248     998.887          18.810     535.738             233             152
  195         413.770     329.903          41.945     382.480             195             130
   12         407.513    1756.440         974.299    1045.355              12              41
  204         723.481   -1308.612         919.847    -943.302             204             134
   47       -1000.641     895.794        -387.546     770.198              47              59
   71        2322.555   -1216.907        2051.600     -47.391              71              68
  107         417.659   -1015.078        -306.145   -1395.666             107              89
  116         637.588     670.770         220.851     728.422             116              90
   75        1436.049     -38.399        1071.584   -1039.328              75              73
  193       -1288.167    -599.965        -941.094    -734.333             193             129
    4         260.584    1539.047         124.612     871.154               4              37
  151         169.482    -621.727         902.765    -570.702             151             108
  191         551.537    -573.676        -130.283    -373.130             191             131
   11         761.684     459.477         591.367    -583.573              11              38
  218       -1171.207    -583.692        -678.546   -1051.324             218             144
  161        -817.703     495.406        -615.903      30.443             161             113
   19       -1315.836     210.691        -653.037    -140.349              19              45
  201        -689.139     646.458        -527.016     655.423             201             133
  144        -277.913     937.386          50.415     327.240             144             107
  170       -1006.743     542.753        -247.459     378.156             170             117
  214        -404.081     581.483         112.300     632.517             214             142
   53        -145.838     413.651         258.784     417.374              53              59
  178         -96.176     707.736         496.832     670.512             178             124
  217         470.893    -636.929        1170.538    -229.098             217             141
  149        -319.041   -1591.062        -290.654    -740.708             149             110
  108         560.034     844.498        -114.802     703.560             108              86
   47         187.864     719.954         749.283     169.487              47              59
   76         326.452    -663.587         655.728    -219.702              76              70
   47         284.656    -635.638         222.237    -736.977              47              59
   81        -620.019     -55.713        -306.940    -241.787              81              73
   25        -995.815     -22.607        -391.619     -29.940              25              48
  241        -430.416     500.659          18.936     961.057             241             153
  134         927.256    -662.745        1229.232    -175.018             134             102
   72          94.840   -1485.729        -179.899    -593.838              72              68
  142        1174.080     332.261         344.673      60.430             142             106
  243        -486.257    -301.985         -66.683    -638.104             243             154
   18        -156.087    -210.447        -314.483      58.310              18              44
   61        -379.439     304.510        -177.331      48.271              61              63
  217         295.704     -65.108          15.461     404.930             217             144
  204         468.040    1188.305         236.244     110.805             204             134
  179        -925.810      32.476         370.558     182.949             179             125
   64         353.152   -1184.913         194.946    -463.700              64              64
    2        -177.172     153.924        -289.695     345.428               2              36
  179        1106.000       0.087         700.000       0.000             179              36
  152        -177.197    -153.934        -289.698    -345.430             152              38
   13         352.902    1184.925         194.944     463.701              13              36
  120        -925.807     -32.776         370.557    -182.948             120              38
  169         468.277   -1188.274         236.244    -110.805             169              36
   19         295.661      65.175          15.462    -404.930              19              38
   95        -379.412    -304.559        -177.330     -48.271              95              36
  186        -156.110     210.447        -314.482     -58.310             186              38
  155        -486.234     301.897         -66.683     638.104             155              36
   79        1174.173    -332.025         344.673     -60.430              79              38
   32          94.562    1485.744        -179.901     593.837              32              36
    8         927.066     662.767        1229.231     175.021               8              38
  195        -430.457    -500.832          18.938    -961.057             195              36
   54        -995.850      22.402        -391.620      29.938              54              38
  152        -619.963      55.584        -306.939     241.786             152              36
  189         284.619     635.636         222.236     736.976             189              38
  156         326.363     663.505         655.727     219.702             156              36
   59         187.989    -720.049         749.282    -169.487              59              38
  137         560.138    -844.383        -114.801    -703.560             137              36
    8        -319.344    1590.986        -290.656     740.707               8              38
  122         470.748     636.813        1170.537     229.100             122              36
   63         -96.134    -707.931         496.833    -670.510              63              38
   53        -145.845    -413.793         258.786    -417.373              53              36
  210        -404.064    -581.650         112.301    -632.518             210              38
  163       -1006.680    -543.004        -247.459    -378.156             163              36
   75        -277.760    -937.476          50.415    -327.240              75              38
   63        -689.056    -646.561        -527.015    -655.424              63              36
   61       -1315.762    -210.894        -653.038     140.348              61              38
   33        -817.513    -495.505        -615.903     -30.444              33              36
    3       -1171.108     583.503        -678.549    1051.323               3              38
   77         761.959    -459.356         591.367     583.575              77              36
  131         551.530     573.768        -130.282     373.129             131              38
    1         169.436     621.642         902.764     570.703               1              36
  163         260.873   -1539.042         124.613    -871.155             163              38
   72       -1288.123     599.778        -941.095     734.332              72              36
  147        1436.217      38.592        1071.582    1039.330             147              38
  174         637.762    -670.641         220.851    -728.421             174              36
  234         417.580    1015.176        -306.148    1395.665             234              38
   84        2322.303    1217.162        2051.601      47.395              84              36
  159       -1000.566    -896.077        -387.544    -770.201             159              38
  162         723.287    1308.578         919.846     943.303             162              36
  215         407.780   -1756.533         974.301   -1045.354             215              38
  162         413.775    -329.877          41.946    -382.480             162              36
  225        -341.096    -998.948          18.811    -535.739             225              38
  218         630.828     235.787         -72.216     182.920             218              36
   55         -79.432     243.999         242.912     -82.483              55              38
  130         464.845     432.265         491.803     460.880             130              36
  240        1142.865    -418.824        1211.478    -600.901             240              38
  220        -118.694    -581.710         427.196    -942.707             220              36
  143        -292.246   -1894.810         130.825   -1367.818             143              38
   26       -1044.950    -522.925        -747.352    -849.224              26              36
  242       -1614.978   -2063.123        -717.420   -1040.998             242              38
  201       -1572.359    -330.393       -2206.097     235.841             201              36
  107         -43.544    1484.416        -168.906    1760.305             107              38
   53        1059.962     912.235         477.331     574.160              53              36
  254         336.835     909.774         895.970     309.831             254              38
  229        -960.626    -865.803         260.978    -712.336             229              36
  123        -187.712   -1964.395         -65.578     -74.217             123              38
   98        1166.325     149.030        -272.159    -265.463              98              36
  105        -652.577     879.306         203.111     501.113             105              38
  157          56.685   -1085.248         258.734    -812.248             157              36
  116        -975.273    -601.767        -571.237     158.396             116              38
  141         586.106    -247.444          56.820    -362.759             141              36
  176       -1860.094    -157.167        -745.391     478.867             176              38
   17        1824.198    -987.721         586.000     -30.000              17              36
  139       -1160.524     802.272        -981.903      71.253             139              38
  157         500.379     214.793         749.055     893.484             157              36
  156         249.566   -1159.336          61.369    -730.128             156              38
   87         188.255     190.290        -323.369     235.297              87              36
   79        -811.794     318.719        -262.388     237.374              79              38
  180         584.611    -557.537         477.530     506.670             180              36
   41         753.228    -849.972         -46.548    -522.308              41              38
  209         300.010     851.122        -285.952     626.710             209              36
  208         653.720     249.325         596.219     191.532             208              38
  228        1082.471    -363.497         336.047    -444.188             228              36
   40        -612.372     865.096        -615.567    -244.424              40              38
  153        -599.038     759.814         330.513     566.330             153              36
  138        -282.648   -1280.617         -67.256    -851.590             138              38
  156        -668.780     753.821        -661.761     513.032             156              36
   56        -547.929     152.525         209.111     -16.900              56              38
  242       -1098.759    -576.629        -269.806      -3.518             242              36
  182        -864.727   -1051.877        -699.632    -259.126             182              38
   56       -1270.267    1006.119        -831.025    1458.177              56              36
  130        1056.058    -649.489        1159.215     653.059             130              38
  144         190.336   -1064.855         -31.065    -385.686             144              36
   61          71.614   -1200.895        -352.366     452.876              61              38
  186        2367.382     325.645         488.838     727.845             186              36
  174        1213.598     -91.678         399.662    -510.169             174              38
  175          67.108     617.546        -409.266     339.104             175              36
   97        1123.943    -222.012         410.982    -140.284              97              38
   36          32.401     977.097        -623.605    -141.408              36              36
  168       -1016.816     559.455        -611.033     206.029             168              38
   92        -702.713    2065.945        -631.305    1283.205              92              36
   18        -560.613     181.623         691.991     479.691              18              38
  199        -605.508      49.903        -687.518     699.220             199              36
  219         696.747     334.755         864.741    1266.533             219              38
  246        2146.620     113.998         631.235     444.702             246              36
  247        1287.346     718.386        1267.813    -144.702             247              38
  214        -516.698    -759.112        -671.616    -708.005             214              36
    3        -406.612    1582.711        -134.840    1034.231               3              38
  153        -179.699       3.169         271.270     494.467             153              36
   36        1056.992     286.918         851.317     470.738              36              38
   92        -362.017    -898.793           3.528    -464.386              92              36
  166         806.368    -192.675         -50.316     700.013             166              38
  210        1019.879     567.578         329.877      21.520             210              36
  141         -28.866     284.242        -376.448     338.031             141              38
   36         376.802    2111.065           5.097    1168.518              36              36
   56         438.376     769.391        1052.607     638.058              56              38
   58         218.577     282.428         291.508     167.220              58              36
  228         367.016     161.689         694.087     425.835             228              38
  207         399.438     280.718         274.039     385.808             207              36
  125        1619.277     -23.179        1405.925     119.967             125              38
   12        -440.865    -303.397        -337.117    -841.109              12              36
    0          36.102     229.600         193.995     709.885               0              38
  178          42.633     925.890        -214.312      55.984             178              36
  253        -102.742    1103.135        1128.783    1113.991             253              38
  182        -161.743   -1756.981         246.264   -1404.012             182              36
  183       -1435.437     523.825        -771.830    1090.863             183              38
   39         345.473    -408.849         754.613     376.512              39              36
  159        1034.537    -748.445         578.697     153.798             159              38
  222       -1120.800    -388.319        -469.341    -802.977             222              36
   77       -1076.498   -1030.284        -753.415    1090.805              77              38
  180          59.199     849.389        -704.684     489.702             180              36
   62       -1124.669    1058.364         -40.717    2316.595              62              38
   69        -428.504    -419.668        -380.904     537.858              69              36
   10         417.355    1728.372         264.039    4071.534              10              38
   35        -637.709     244.402         567.762     667.897              35              36
  193        1338.978    -578.421         953.509    9813.124             193              38
