SINAL     NFT                         FFT                         NFT INVERSA     FFT INVERSA
-----     -----------------------     -----------------------     -----------     -----------
  254       31870.000       0.000       16390.248       0.000             254             156
  190         303.959     402.262         -76.272   -9363.147             190             130
   72         154.084     894.326         137.103     100.723              72              65
  128        -914.272    -585.764          72.107   -3345.108             128              99
   31         809.249    -946.218        -187.233    -208.547              31              44
   80        -389.451     662.029        -586.278   -2002.576              80              75
  120        -628.913     244.639        -705.059     594.816             120              89
   11         366.087    1439.102        -392.960    -348.018              11              41
  190         433.441    2634.460         520.897    1740.799             190             124
   14        1460.982     194.843        2068.276    -881.654              14              42
   49         635.852   -1305.575         113.380   -1242.411              49              53
   57        -887.743    1362.408        -550.392    -387.637              57              64
  111          98.068      82.408         489.518     597.536             111              84
  141        1270.500     512.587         549.829    -570.740             141             106
  115        -101.934     892.534         361.077      33.966             115              86
   80        -191.500      42.673         286.597    -408.407              80              75
  190         866.686     536.931         536.450     240.646             190             124
  146         -26.360     868.206         557.562    -551.603             146             108
  140        -523.804      36.004         499.405       7.504             140              99
  164        -258.133    -926.507         506.832    -673.829             164             117
   69        1122.713    -760.215         346.068     -13.026              69              63
  110         974.070     926.718         763.614    -728.513             110              90
  100        -986.509    -788.070         123.928    -756.204             100              79
  240        -438.399    -464.024        -286.317    -827.805             240             155
   84       -1747.259      20.282        -778.486     257.045              84              71
   53         607.778     344.379         582.850     736.520              53              62
  248         412.928    -757.446         687.911    -639.487             248             153
  238        -510.395    -385.558        -452.790      69.414             238             154
  237        1252.294      43.271         852.760     354.540             237             147
  129         441.833     -38.816         189.371    -370.499             129             100
  178         308.464       6.729         684.681     225.123             178             118
   90        1338.123   -1241.857         563.693    -574.244              90              80
  149        1176.068     279.518         334.492    -620.106             149             103
   85       -1123.590      41.208        -660.704    -246.687              85              78
  154        1233.039     619.440         622.553     636.071             154             106
  250         189.935     242.139          72.533    -396.510             250             160
   32        1188.008    1174.609         873.802     758.937              32              45
  201         730.551    -394.418         801.869   -1179.176             201             136
    0        -122.677     970.192        -193.419      90.616               0              29
  149        -643.770     880.310         757.750    -226.822             149             110
  111        -461.782   -1577.655         491.444    -624.809             111              84
  107        -276.607    -778.595        -505.473    -753.053             107              89
   19        -220.752     807.360          66.319     821.164              19              38
  106         665.823    -163.614         676.818    -537.404             106              88
   42       -1169.560     473.056          -6.519     346.987              42              50
   14         979.203   -1545.617        1120.150    -240.424              14              42
   80        1133.136    -510.912         398.919    -803.908              80              69
   15        -867.148    -677.437        -233.903    -580.253              15              43
   81         950.500      66.565         479.890     290.418              81              69
  123         -90.836   -1494.005         392.806   -1426.857             123              97
  177          53.897    -376.923        -943.754     113.619             177             117
   28         326.994     920.842         520.997    -276.476              28              49
  176       -1248.244    -623.891        -878.271     -72.708             176             117
  139         694.388    1197.878         607.365     688.584             139             105
  121        -273.016   -1274.994         250.604    -733.722             121              89
   24        -114.931     311.507        -723.885     194.310              24              47
   92        -292.173    1309.332         429.968    1033.993              92              75
  228         840.495   -1142.493         960.247     -84.104             228             149
  228        1739.574    -272.047         618.397     -13.599             228             143
  185        1120.866    -189.053         788.433    -878.922             185             128
  200        -314.048    -368.380        -512.289    -482.612             200             129
  167         408.354    1013.569         191.581     177.822             167             119
  142        -364.061     152.893         221.523    -195.480             142             100
  151        -226.196     -47.439         -35.504    -288.347             151             111
  244        -934.016     649.936        -195.000     587.000             244             151
    0        1047.061    -295.329        1195.999     140.299              -0              35
   60        -362.260    -696.298          -8.191    -738.872              60              59
  188        -146.664    -371.376         277.258     572.000             188             129
   72        2025.719   -1230.726        1200.782    -454.093              72              65
    8        1064.928   -1118.265         243.841   -1213.331               8              39
  100        -206.244    -223.465        -744.495    -616.342             100              79
  174          69.418    1019.334        -215.594     506.513             174             122
  102         374.800     418.287         571.906    -244.523             102              80
   46        -665.046    -889.355        -222.260    -495.232              46              58
  140         654.974    -106.445        -382.103     -98.287             140              99
   45        -397.112    1739.846        -407.188     600.605              45              58
   63         415.869    1125.242         708.658     556.979              63              60
  110        -613.011     549.948         505.749     -60.048             110              90
   62          52.792   -1564.379         715.903    -508.688              62              60
  212        -487.912    -555.205        -854.569    -346.119             212             141
  175        1083.487     733.216         989.989    1085.940             175             116
   27         855.297   -1426.340         389.284   -1688.373              27              49
  251       -1042.540     854.132       -1008.223     876.912             251             154
  172        1683.416     510.573        1276.673     -28.299             172             121
  187        -897.041    -313.947        -270.431    -458.266             187             122
   86         566.419    -206.467         197.033    -233.405              86              78
  252       -1429.565     594.427        -802.450     180.102             252             155
   41         436.429     450.024         607.797     968.046              41              56
    7         625.183    -600.428         537.701    -141.576               7              32
  160        1670.454     278.697         485.148     290.399             160             115
  239         740.716     855.862         800.495    -357.266             239             148
  255        -225.748    -269.271         -28.542    -538.425             255             163
  128        -891.175     909.505         -58.580     259.256             128              93
    6          83.168    -756.534         465.837      54.314               6              38
   30         147.930     295.153         152.362      37.555              30              44
  108         270.006    -435.212         486.403     322.192             108              89
  178        1475.896     215.550         853.508      21.894             178             118
   81         558.310    -629.120         752.012    -443.601              81              76
   32        1338.414    -606.363         485.701    -538.173              32              45
  198         551.733     459.173         173.583    -529.492             198             134
   85        -381.898     386.390         403.646    -188.955              85              71
  121         333.294   -1422.554         308.702    -924.615             121              96
  167        -247.752     493.754        -490.197    -200.082             167             112
   15         160.777     280.566         568.122     174.561              15              43
   91         598.529    -792.397         627.450   -1020.729              91              74
  173        -795.549    -682.700        -800.094    -926.141             173             122
  166       -1020.040    1017.638        -290.108     382.573             166             112
    1        -245.719   -1481.384          14.727    -497.808               1              36
  193         248.953    1202.580        -445.787     330.882             193             125
  103        -873.685     198.236         331.710     -16.797             103              87
  174          32.267    -329.690          34.993     204.687             174             116
  204         741.421    -210.493         635.105    -315.165             204             137
  192        -348.739     -84.510         121.670    -291.833             192             125
   24         505.503   -1944.046         444.350   -1073.589              24              47
  243        -427.986    -206.067       -1287.819    -806.543             243             150
   70       -1121.090    1003.877        -791.165     378.124              70              70
   82       -1177.723    1145.083        -526.852     707.002              82              70
   43         141.923    -337.718         288.904     445.267              43              57
  252         502.580    1728.241         -56.411     640.021             252             155
   16         -12.387      64.981        1280.733    -150.307              16              43
  254       -1218.683    -822.639        -904.880    -842.725             254             156
  161        -857.954     356.042          76.151     903.339             161             116
  137         -98.044    -678.496        -262.319    -275.591             137              97
   10          49.290     769.305         248.190    1238.934              10              40
   92         934.509    -332.517         746.726    -421.224              92              75
  132          99.146    -461.344         205.796     451.192             132             101
  141        1827.035     -64.108         519.295    -892.123             141              99
  170       -2014.896    1226.096        -812.589     758.128             170             120
  126        1750.000       0.070        1580.000       0.000             126              32
   53       -2014.661   -1226.485        -812.590    -758.131              53              38
  252        1827.109      64.445         519.294     892.125             252              32
    3          99.029     461.340         205.797    -451.193               3              38
  224         934.388     332.588         746.725     421.225             224              32
  137          49.298    -769.334         248.193   -1238.933             137              38
  177         -98.279     678.451        -262.319     275.591             177              32
  185        -857.985    -356.235          76.154    -903.338             185              38
  171       -1218.797     822.356        -904.880     842.724             171              32
   12         -12.299     -65.155        1280.732     150.310              12              38
  184         502.871   -1728.214         -56.410    -640.021             184              32
  151         141.780     337.731         288.905    -445.266             151              38
   47       -1177.587   -1145.307        -526.851    -707.003              47              32
   97       -1120.857   -1003.957        -791.164    -378.126              97              38
  209        -427.891     206.166       -1287.821     806.540             209              32
  150         505.258    1944.152         444.349    1073.591             150              38
  235        -348.690      84.362         121.670     291.832             235              32
  155         741.423     210.562         635.104     315.167             155              38
   42          32.173     329.616          34.994    -204.687              42              32
   46        -873.631    -198.476         331.710      16.797              46              38
   71         249.198   -1202.508        -445.787    -330.883              71              32
  202        -245.975    1481.341          14.726     497.808             202              38
  167       -1019.823   -1017.842        -290.107    -382.574             167              32
   26        -795.508     682.602        -800.095     926.139              26              38
   90         598.540     792.429         627.449    1020.730              90              32
   22         160.897    -280.623         568.123    -174.561              22              38
  250        -247.573    -493.779        -490.197     200.081             250              32
  211         333.156    1422.568         308.701     924.616             211              38
  147        -381.703    -386.567         403.646     188.955             147              32
   50         551.987    -459.093         173.583     529.492              50              38
  186        1338.410     606.585         485.700     538.174             186              32
  148         558.256     629.131         752.012     443.602             148              38
  131        1475.924    -215.384         853.508     -21.894             131              32
   12         269.864     435.180         486.403    -322.191              12              38
   55         147.938    -295.200         152.363     -37.555              55              32
  105          82.999     756.440         465.837     -54.313             105              38
    7        -890.996    -909.758         -58.579    -259.257               7              32
   46        -225.657     269.160         -28.544     538.425              46              38
  159         741.001    -855.802         800.495     357.268             159              32
   65        1670.522    -278.408         485.149    -290.399              65              38
  142         625.001     600.488         537.700     141.577             142              32
    5         436.385    -450.033         607.799    -968.045               5              38
   22       -1429.482    -594.676        -802.449    -180.103              22              32
    8         566.432     206.566         197.033     233.405               8              38
    7        -897.012     313.740        -270.432     458.265               7              32
  215        1683.536    -510.350        1276.673      28.301             215              38
   15       -1042.386    -854.252       -1008.221    -876.914              15              32
  223         855.145    1426.483         389.280    1688.374             223              38
  121        1083.566    -733.077         989.990   -1085.939             121              32
  175        -488.061     555.148        -854.572     346.116             175              38
  194          52.523    1564.257         715.903     508.690             194              32
   46        -612.883    -550.267         505.749      60.049              46              38
  207         416.105   -1125.295         708.659    -556.978             207              32
  193        -396.770   -1739.873        -407.186    -600.607             193              38
  210         654.991     106.675        -382.103      98.287             210              32
  114        -665.150     889.244        -222.260     495.231             114              38
  158         374.957    -418.281         571.906     244.523             158              32
   96          69.654   -1019.264        -215.593    -506.514              96              38
   23        -206.155     223.566        -744.496     616.341              23              32
   78        1064.881    1118.517         243.839    1213.331              78              38
   71        2025.481    1231.023        1200.781     454.095              71              32
  182        -146.832     371.268         277.260    -572.000             182              38
  148        -362.371     696.138          -8.192     738.872             148              32
  208        1046.976     295.357        1196.002    -140.295             208              38
   45        -933.951    -650.193        -195.000    -587.000              45              32
  238        -226.154      47.343         -35.506     288.346             238              38
  186        -363.946    -153.036         221.523     195.480             186              32
  236         408.615   -1013.506         191.581    -177.822             236              38
   92        -313.985     368.364        -512.290     482.611              92              32
   63        1120.978     189.234         788.430     878.923              63              38
   68        1739.534     272.328         618.397      13.601              68              32
  155         840.192    1142.520         960.246      84.106             155              38
  115        -292.042   -1309.477         429.969   -1033.992             115              32
  221        -114.905    -311.476        -723.885    -194.312             221              38
   77        -273.213    1274.900         250.602     733.723              77              32
    4         694.560   -1197.813         607.367    -688.582               4              38
  228       -1248.336     623.679        -878.270      72.706             228              32
  167         327.235    -920.771         520.996     276.477             167              38
  145          53.883     377.034        -943.753    -113.622             145              32
  230         -91.007    1493.980         392.803    1426.858             230              38
  246         950.537     -66.461         479.890    -290.418             246              32
  114        -867.204     677.269        -233.905     580.251             114              38
   38        1133.139     511.064         398.918     803.909              38              32
  158         978.881    1545.645        1120.150     240.426             158              38
  109       -1169.491    -473.420          -6.518    -346.987             109              32
  149         665.840     163.612         676.816     537.405             149              38
  104        -220.622    -807.442          66.321    -821.164             104              32
  194        -276.712     778.544        -505.474     753.051             194              38
  126        -461.988    1577.398         491.443     624.809             126              32
  116        -643.498    -880.645         757.750     226.823             116              38
  203        -122.325    -970.294        -193.418     -90.618             203              32
  248         730.663     394.448         801.866    1179.178             248              38
   77        1188.289   -1174.494         873.804    -758.936              77              32
  232         190.038    -242.127          72.532     396.509             232              38
  157        1233.155    -619.235         622.555    -636.070             157              32
   17       -1123.510     -41.372        -660.704     246.686              17              38
   85        1176.271    -279.270         334.491     620.106              85              32
  162        1337.942    1242.073         563.691     574.243             162              38
   53         308.457      -6.759         684.682    -225.122              53              32
  200         441.856      38.839         189.370     370.497             200              38
   23        1252.258     -43.089         852.761    -354.539              23              32
  111        -510.506     385.450        -452.791     -69.416             111              38
  191         412.806     757.425         687.909     639.489             191              32
  144         607.745    -344.373         582.853    -736.519             144              38
   28       -1747.278     -20.610        -778.486    -257.047              28              32
  137        -438.367     463.906        -286.320     827.804             137              38
  203        -986.452     787.777         123.926     756.204             203              32
  140         974.427    -926.639         763.612     728.515             140              38
   11        1122.639     760.370         346.068      13.027              11              32
   29        -258.269     926.311         506.830     673.829              29              38
  231        -523.690     -36.308         499.405      -7.503             231              32
   79         -26.043    -868.370         557.561     551.604              79              38
  183         866.900    -536.875         536.450    -240.645             183              32
  166        -191.390     -42.814         286.595     408.404             166              38
  131        -101.599    -892.651         361.077     -33.966             131              32
   14        1270.724    -512.420         549.827     570.740              14              38
   25          98.147     -82.468         489.518    -597.535              25              32
   95        -887.327   -1362.561        -550.393     387.635              95              38
  176         635.908    1305.633         113.377    1242.411             176              32
  180        1461.192    -194.832        2068.274     881.659             180              38
  236         434.000   -2634.491         520.900   -1740.798             236              32
  160         366.460   -1438.936        -392.961     348.014             160              38
  152        -628.663    -244.629        -705.058    -594.818             152              32
  150        -388.982    -661.966        -586.283    2002.573             150              38
  160         809.485     946.444        -187.234     208.547             160              32
  185        -913.829     585.562          72.100    3345.105             185              38
   75         155.128    -894.330         137.103    -100.723              75              32
  144         305.731    -402.149         -76.294    9363.142             144              38
