SINAL     NFT                         FFT                         NFT INVERSA     FFT INVERSA
-----     -----------------------     -----------------------     -----------     -----------
   42       32140.000       0.000       16998.248       0.000              42              54
   45        -398.155    -482.380        -558.674   -9772.353              45              56
  164         988.650    1276.465           8.246     972.498             164             115
   12         696.179    1290.751        1014.172   -3040.040              12              39
   76         -29.485    -922.671         573.467    -683.285              76              71
  228         -64.163    -675.120        -405.338   -2454.542             228             147
  158         488.151    1230.199         224.522     545.973             158             112
  247         -34.819    -389.051         800.333   -2122.600             247             157
  214         228.811    -934.933         -38.687    -512.268             214             140
  232          73.538    -279.686         288.078   -2275.891             232             149
  183       -1692.598   -1062.882       -1276.297    -644.331             183             125
  246         289.397     762.192         117.975    -889.249             246             156
  147       -1826.702   -1149.042        -969.576   -1255.148             147             107
   79       -1811.060    1015.014       -1347.269    -141.845              79              73
   59       -1271.216    -402.673         -94.778     214.888              59              63
   14        -681.750    -336.594        -662.603    -511.050              14              40
  149         -53.706    -925.647         124.031     100.771             149             108
   35         333.134    -103.995       -1073.043   -1247.613              35              51
  238       -2399.388    1932.122        -883.974    1126.017             238             152
   37          25.162    -991.408         -93.699    -544.969              37              52
   92       -1283.060    1449.804        -885.795     924.152              92              79
  145          72.584    -519.877         273.174    -231.947             145             106
    4        -805.160    1402.358       -1021.991     951.950               4              35
  132         469.603    1006.380        1363.855     352.497             132              99
   22       -1779.553   -1836.318       -1018.468    -967.790              22              44
   53         -42.106    1728.122        -575.995    1882.780              53              60
  202        1486.938     526.931        1771.512     216.787             202             134
   13        -980.045    -750.669        -590.223    -846.992              13              40
  249        -435.673     994.136         214.532    1442.508             249             158
  125        1446.444    -905.859        1345.941    -444.775             125              96
   42          -0.129    -756.626         333.630    -339.950              42              54
  123         907.371   -1793.176         450.874    -978.481             123              95
   75          -4.537    -566.863        -475.399    -509.630              75              71
   82         -70.190    -846.733        -446.781    -566.230              82              74
  240        -227.583     543.141        -853.898     599.728             240             153
  236        1216.968     563.918         413.148     347.468             236             151
   86         587.549    1342.470          83.760     276.869              86              76
  215        -164.835     438.521         577.700    -376.270             215             141
   23        -970.310    -266.508        -440.072      59.107              23              45
   36         830.941    -289.981         801.312    -165.648              36              51
   52        -736.327   -1001.852        -802.705    -704.997              52              59
  183         393.565    1000.680        -153.378     715.347             183             125
  159        -396.435     410.002         -18.331      29.819             159             113
   14         280.625     603.219         190.408     732.080              14              40
   76         585.516     443.418         879.201     101.100              76              71
   93         406.520    -945.223         730.466    -402.182              93              80
   74         693.552   -1507.262         233.077    -928.275              74              70
  185         583.365    -157.249        -645.665    -414.248             185             126
   48        -299.811    2121.520         -90.063     575.845              48              57
   82        -135.655    -317.766         862.208    -119.861              82              74
  154          77.679    -975.430         161.894    -864.514             154             110
   74        -635.667    -843.036        -322.696    -459.853              74              70
  244        -237.094    -557.028        -234.552    -208.481             244             155
   39         310.609   -1202.645        -315.869    -188.073              39              53
   75        1333.105    1463.513        -159.010     290.043              75              71
   66        -906.769     507.409         431.039    -220.431              66              66
   49         -42.968   -1316.566        -364.988    -499.821              49              58
  117        -129.689     571.544        -232.238     239.842             117              92
  189         721.585    -345.034         270.115    -143.448             189             128
  137        -233.736     268.416        -273.561    -447.845             137             102
    8        -582.637     -61.403        -437.467     182.636               8              37
   92         477.182     767.254         117.261     394.150              92              79
  207         256.871      90.251         696.949    -162.111             207             137
   55        -253.997   -1627.437        -203.772    -996.621              55              61
  126         505.978     162.060        -636.000      80.000             126              96
   69        -394.317    1318.271        -265.878      -9.237              69              68
  241        -806.483     383.043         127.705     571.188             241             154
  196         575.909   -1519.139         354.090    -960.473             196             131
  179        -692.135     478.951       -1144.924     400.270             179             123
  202        1027.974     355.411         900.993     271.717             202             134
  219         307.791    -435.677        -297.649    -503.907             219             143
  210         356.356     332.874         204.484    -386.863             210             138
   53       -1136.009    -178.355       -1238.538    -115.828              53              60
  120        1454.617    1744.891         663.604     904.177             120              93
  210        -584.340     247.590         -28.924    -848.470             210             138
   35        -236.926     399.444           5.747     159.551              35              51
   40        -772.193     320.625        -258.688    -692.922              40              53
  207       -1509.619    -341.721        -234.071    -167.596             207             137
  200       -1623.259    -951.862       -1369.282    -516.175             200             133
  222        -470.971    1071.497        -218.780    1693.472             222             144
  245        1483.164    -850.653         550.660    -786.946             245             156
  134       -1329.044    1464.036       -1048.629     627.697             134             100
   57         386.124     421.993         634.524     356.988              57              62
   46        -745.440      71.004          16.865    -107.615              46              56
  173        -121.259   -1567.763         -79.042    -646.079             173             120
   50        -755.263     306.683       -1169.906     264.347              50              58
  118         329.799     477.792        -106.311     602.490             118              92
  195        -110.374    1518.437        -378.129     752.832             195             131
  226         704.556     692.923         826.933     546.462             226             146
  206         -30.322     578.919         -42.130    -291.889             206             136
  199        -748.738     587.079         228.037     394.833             199             133
  202        -207.301    -742.907         199.676    -479.740             202             134
   30        -653.279    -492.317        -521.850      22.311              30              48
  225         447.402     306.282         114.556     144.586             225             146
   30       -1109.639    -622.340        -639.088    -486.417              30              48
   63        -464.032     495.017       -1072.919     967.272              63              65
  121         620.461    1865.184         121.399    1140.370             121              94
  195         -33.118    1614.753         422.012    1119.966             195             131
  161        1252.664     197.331        1270.923     392.213             161             114
  230         886.137     418.600         649.673    -190.191             230             148
  150         273.139    -172.044         778.552    -495.488             150             108
   65        -378.137    -563.656        -299.046    -751.547              65              66
    2        -570.421     344.156        -275.465      66.509               2              34
    7        -300.213     594.867        -138.824     167.005               7              37
   25        -229.320     386.965         456.058     -55.305              25              46
   70       -1413.917    -512.821        -578.134    -835.889              70              68
   16       -2730.686      41.535       -1199.093     623.353              16              41
  194         -38.115    -319.636        -163.926    1277.112             194             130
  139        1434.173    1016.607         625.986     859.031             139             103
  208        -169.269     791.542         514.348     487.577             208             137
  247         777.115    -756.499         966.472     298.284             247             157
  237        1063.818      -5.222         288.168    -269.584             237             152
  251        -233.712     637.985         735.373     549.980             251             159
  140        1209.294   -1873.821         962.099    -946.863             140             103
    1        -586.789    -629.457        -470.875    -418.961               1              34
  144        1126.057    -836.037         186.635     170.541             144             105
  207         877.460     844.494         262.890    -103.506             207             137
   33          73.528    -900.118         170.311    -209.404              33              50
  174        1677.827     644.339         219.174      97.658             174             120
  223         500.854     243.906         658.495    -574.173             223             145
   86         142.722    -212.093        -451.602    -779.249              86              76
   17        -758.414    1342.983        -347.340      -9.029              17              42
  189       -1207.008     306.593        -444.785    -165.517             189             128
  215       -1208.925    1107.117        -413.739     669.514             215             141
   65        -308.442     159.983         665.506     324.937              65              66
  208        -480.485    -935.420         -79.982    -485.207             208             137
  146        -695.759     324.415        -254.960     536.114             146             106
   28         425.316    -875.117         548.446     103.147              28              47
   36        1168.000       0.116          58.000       0.000              36              36
   73         425.057     875.152         548.443    -103.146              73              36
   49        -695.798    -324.588        -254.958    -536.114              49              36
   89        -480.675     935.253         -79.985     485.206              89              36
  251        -308.459    -160.202         665.506    -324.936             251              36
  154       -1208.751   -1107.413        -413.739    -669.515             154              36
  232       -1206.862    -306.844        -444.785     165.516             232              36
  145        -758.008   -1343.094        -347.341       9.028             145              36
  161         142.888     212.170        -451.603     779.250             161              36
  243         501.077    -243.818         658.493     574.175             243              36
  222        1678.004    -643.992         219.174     -97.657             222              36
   84          73.392     900.161         170.310     209.404              84              36
   58         877.640    -844.309         262.890     103.507              58              36
  191        1125.861     836.308         186.635    -170.540             191              36
   71        -586.914     629.387        -470.876     418.960              71              36
  164        1208.973    1873.915         962.097     946.865             164              36
   51        -233.632    -638.178         735.373    -549.980              51              36
   20        1063.800       5.344         288.166     269.584              20              36
   16         776.878     756.506         966.473    -298.282              16              36
  190        -169.225    -791.714         514.348    -487.576             190              36
   93        1434.188   -1016.384         625.987    -859.029              93              36
  101         -38.475     319.636        -163.924   -1277.112             101              36
  209       -2730.835     -42.024       -1199.091    -623.356             209              36
  175       -1413.932     512.508        -578.136     835.886             175              36
  230        -229.172    -387.109         456.058      55.306             230              36
   10        -300.071    -594.968        -138.824    -167.005              10              36
  212        -570.302    -344.250        -275.465     -66.510             212              36
   34        -378.121     563.556        -299.048     751.546              34              36
  188         273.235     171.973         778.551     495.490             188              36
  101         886.281    -418.576         649.672     190.192             101              36
   95        1252.653    -197.267        1270.924    -392.210              95              36
   59         -32.931   -1614.870         422.014   -1119.965              59              36
  166         620.674   -1865.024         121.399   -1140.370             166              36
  225        -464.075    -494.945       -1072.918    -967.274             225              36
  131       -1109.760     622.227        -639.089     486.416             131              36
  184         447.445    -306.178         114.556    -144.586             184              36
  223        -653.399     492.232        -521.850     -22.311             223              36
  252        -207.433     742.790         199.675     479.741             252              36
  102        -748.611    -587.319         228.038    -394.832             102              36
   67         -30.152    -578.990         -42.131     291.888              67              36
  209         704.678    -692.858         826.933    -546.461             209              36
   78        -110.158   -1518.421        -378.127    -752.833              78              36
  103         329.816    -477.620        -106.310    -602.489             103              36
   28        -755.265    -306.666       -1169.905    -264.351              28              36
   52        -121.542    1567.776         -79.044     646.079              52              36
  126        -745.421     -71.220          16.865     107.615             126              36
   44         386.180    -421.998         634.524    -356.986              44              36
  232       -1328.765   -1464.207       -1048.628    -627.699             232              36
  162        1483.013     850.952         550.659     786.946             162              36
    0        -470.951   -1071.532        -218.776   -1693.472              -0              36
  106       -1623.486     951.648       -1369.283     516.173             106              36
   70       -1509.606     341.410        -234.071     167.596              70              36
  192        -772.000    -320.819        -258.690     692.921             192              36
   19        -236.727    -399.521           5.748    -159.550              19              36
   12        -584.132    -247.741         -28.926     848.470              12              36
   24        1454.981   -1744.605         663.607    -904.175              24              36
  236       -1135.998     178.274       -1238.539     115.827             236              36
  146         356.534    -332.740         204.484     386.865             146              36
   34         307.801     435.775        -297.649     503.906              34              36
   34        1028.029    -355.217         900.995    -271.714              34              36
    1        -692.064    -478.964       -1144.923    -400.272               1              36
  188         575.657    1519.252         354.088     960.475             188              36
   49        -806.419    -383.270         127.706    -571.188              49              36
   77        -394.007   -1318.298        -265.877       9.238              77              36
  191         506.067    -161.819        -636.000     -80.000             191              36
   63        -254.227    1627.429        -203.776     996.620              63              36
  148         256.945     -90.290         696.949     162.113             148              36
  112         477.309    -767.173         117.262    -394.151             112              36
  204        -582.638      61.347        -437.466    -182.637             204              36
  105        -233.607    -268.411        -273.562     447.844             105              36
  118         721.571     345.186         270.115     143.449             118              36
  110        -129.594    -571.502        -232.237    -239.843             110              36
   46         -43.176    1316.570        -364.989     499.821              46              36
   44        -906.583    -507.629         431.038     220.432              44              36
   53        1333.432   -1463.181        -159.011    -290.043              53              36
   79         310.369    1202.841        -315.869     188.072              79              36
  166        -237.217     557.028        -234.552     208.480             166              36
  127        -635.772     842.935        -322.697     459.852             127              36
  162          77.581     975.366         161.891     864.515             162              36
  222        -135.652     317.578         862.209     119.864             222              36
  238        -299.354   -2121.585         -90.063    -575.845             238              36
   82         583.446     157.503        -645.666     414.246              82              36
    1         693.346    1507.417         233.075     928.275               1              36
  244         406.378     945.171         730.465     402.184             244              36
  216         585.581    -443.453         879.201    -101.098             216              36
  119         280.680    -603.229         190.409    -732.080             119              36
   89        -396.376    -410.086         -18.331     -29.819              89              36
   14         393.725   -1000.542        -153.375    -715.347              14              36
   77        -736.470    1001.793        -802.706     704.996              77              36
  147         830.903     290.082         801.313     165.650             147              36
  244        -970.345     266.270        -440.072     -59.109             244              36
   21        -164.646    -438.641         577.699     376.271              21              36
   96         587.879   -1342.369          83.760    -276.869              96              36
  130        1217.058    -563.617         413.149    -347.467             130              36
   26        -227.534    -543.023        -853.898    -599.730              26              36
  215         -70.312     846.869        -446.782     566.231             215              36
  232          -4.574     566.964        -475.399     509.630             232              36
   82         907.091    1793.338         450.871     978.481              82              36
  213          -0.250     756.531         333.630     339.950             213              36
  172        1446.229     905.943        1345.939     444.777             172              36
  208        -435.634    -994.316         214.534   -1442.508             208              36
    9        -980.150     750.425        -590.226     846.990               9              36
  171        1487.004    -526.824        1771.512    -216.783             171              36
   52         -41.987   -1728.096        -575.991   -1882.781              52              36
  236       -1779.899    1836.002       -1018.469     967.788             236              36
   76         469.782   -1006.448        1363.855    -352.494              76              36
  205        -804.954   -1402.474       -1021.989    -951.951             205              36
   87          72.462     519.902         273.173     231.949              87              36
   23       -1282.831   -1449.984        -885.793    -924.153              23              36
   53          24.978     991.426         -93.701     544.970              53              36
  226       -2398.993   -1932.487        -883.972   -1126.019             226              36
   50         333.269     104.225       -1073.046    1247.613              50              36
  201         -53.831     925.719         124.031    -100.771             201              36
  221        -681.807     336.486        -662.605     511.047             221              36
  148       -1271.250     402.427         -94.777    -214.888             148              36
  169       -1810.761   -1015.275       -1347.269     141.842             169              36
   41       -1826.612    1148.778        -969.578    1255.147              41              36
  229         289.794    -762.110         117.973     889.250             229              36
   14       -1692.485    1062.654       -1276.298     644.329              14              36
  244          73.872     279.693         288.074    2275.893             244              36
  188         228.988     934.927         -38.688     512.268             188              36
  201         -34.539     388.919         800.327    2122.600             201              36
  157         488.712   -1230.149         224.524    -545.972             157              36
  165         -63.886     675.138        -405.344    2454.540             165              36
  163         -29.128     922.543         573.467     683.286             163              36
   53         697.034   -1290.753        1014.165    3040.039              53              36
   31         989.684   -1276.238           8.249    -972.497              31              36
  138        -396.575     482.396        -558.696    9772.346             138              36
