SINAL     NFT                         FFT                         NFT INVERSA     FFT INVERSA
-----     -----------------------     -----------------------     -----------     -----------
   25       32654.000       0.000       16291.248       0.000              25              44
   87        -580.801    1187.935        -412.759   -9420.160              87              75
   43        -573.649     550.907        -221.969     413.168              43              53
  227         131.160     564.325         317.916   -2843.191             227             145
  145        -143.568      53.420         111.784    -532.308             145             104
  184       -1949.928     168.836        -754.110   -1782.621             184             124
  142        -240.206     -80.401         -38.424     514.479             142             103
   91        -435.697     238.712          24.889    -785.251              91              77
    1        1778.831    -345.094         992.030     241.933               1              32
   44         385.580      96.900         398.093   -1964.177              44              54
  121        -651.101    -950.750        -538.673    -808.789             121              92
  197       -1513.971    1640.829       -1249.866    -512.279             197             130
    4       -1127.524     857.471         335.637    1190.355               4              34
  198         811.729    -276.057         718.616    -825.098             198             131
  242        -343.643     -94.986         312.780    -434.600             242             153
   32       -1386.211    -170.341        -503.125    -887.391              32              48
  135        -557.762    -213.728         449.825     483.965             135              99
   63         -65.562   -1605.624         109.268   -1569.935              63              63
   27       -1022.231    -247.369        -722.122     310.396              27              45
  226         473.115     -91.914         312.356    -493.395             226             145
   70        -964.867     242.302        -247.650     210.425              70              67
   75         278.655    -614.829         876.480    -475.833              75              69
  129        -514.488   -1854.216        -251.371   -1034.803             129              96
   73        -426.450      69.944        -406.998     -44.126              73              68
  238         219.103   -1363.265         749.906    -355.515             238             151
  116         658.284   -1826.450        -302.050   -1524.355             116              90
  116        -981.850    -308.534        -784.883    -406.557             116              90
  127         -38.772    -851.870        -522.859    -623.908             127              95
    0       -1281.215     -63.647        -937.814    -400.856               0              32
   60       -1052.161    -697.521       -1160.144     255.548              60              62
   69         751.754    1099.869        -147.020     753.335              69              66
  224        -212.003     224.009          24.503     118.268             224             144
  214         897.695    -147.016         310.234    -193.054             214             139
   89        -820.263    -159.785        -685.319    -514.885              89              76
  227         245.355     277.272        -141.759     148.144             227             145
  211       -1283.213      88.258        -961.973    -371.253             211             137
   54          31.379     904.577        -233.819     840.339              54              59
  124       -1382.476     354.151        -666.373    -234.551             124              94
   58        -144.042     782.466        -236.295    1591.811              58              61
  239        1106.564     741.556         817.900     -33.545             239             151
  241        -360.881     409.764         105.989     401.537             241             152
   79         298.760    -150.558         654.842    -437.331              79              71
   61        -721.758    -998.730        -290.671    -365.731              61              62
   60        -273.655    -166.708        -496.414    -124.901              60              62
  137        -245.638     317.811        -113.463     763.132             137             100
   15        1142.279    -199.950         491.052    -171.779              15              39
   65          56.916     293.106          15.754    -114.135              65              64
   65        -539.181    -688.628        -389.493    -685.136              65              64
   34        -598.194     900.918       -1087.213     898.501              34              49
   53         592.212    1844.934         704.034     848.919              53              58
   97        -495.729     -28.163         286.452      28.313              97              80
   57         165.842     137.200         325.807     194.768              57              60
  203          53.508    -145.941         331.730      39.909             203             133
   47         321.356     -30.358         427.669      23.512              47              55
   37         508.241    -770.646         553.489    -483.393              37              50
    8        -319.125    -338.714        -400.834    -569.560               8              36
  212        -329.197     154.706         -47.499     233.458             212             138
  178        -393.162     178.924        -136.092     -72.619             178             121
  122        -137.433    -266.243         677.488     497.768             122              93
  170        1342.509   -2032.524         549.208   -1313.777             170             117
  118        -763.180    -140.547        -777.357    -403.234             118              91
  195         199.732   -1132.987        -215.156    -411.923             195             129
  186          76.953     678.971        -977.799    -262.542             186             125
  220       -2193.178    1688.821       -1015.884     782.792             220             142
  236         246.024     305.985         665.000    1240.000             236             150
   27         709.103    -676.296         442.180    -785.869              27              45
  203        -868.734     171.771        -505.293     476.856             203             133
  174         765.031    -452.698         400.973    -186.871             174             119
   72        -396.814     361.971        -443.186     221.295              72              68
   48          51.632     -26.855         138.118     -10.637              48              56
   37        -440.485     290.704        -330.861     498.609              37              50
   74         573.237    -308.249         304.288    -134.859              74              69
  134        -906.316    1265.885        -833.190     933.264             134              99
   98        1133.196     301.585        1713.232     813.628              98              81
  209         707.658   -1968.860           9.547   -1150.386             209             136
  115         374.316    1193.547        -303.645     778.639             115              89
  139         898.291     550.155         911.477     374.527             139             101
  177        1166.287    -454.647         864.551    -539.587             177             120
  117        -221.245    -137.782        -241.838    -603.514             117              90
  106         -21.753     275.458         294.777     244.205             106              85
  177         100.422    -753.055         174.464    -706.751             177             120
  173        -325.271     -57.684        -275.853     301.913             173             118
    5        1310.533       2.352         816.822    -182.267               5              34
  233        -461.042    -673.344          17.898    -696.327             233             148
  246         529.915    -996.448          28.725    -549.535             246             155
  120        -420.854    -437.019        -652.237    -570.434             120              92
   61         322.169     421.600        -441.965     113.452              61              62
  235       -1121.429     751.855        -541.478     -12.570             235             149
  114          75.209     248.733        -284.363     696.341             114              89
   54         370.272    1308.946         366.625     258.483              54              59
    9        -361.426      10.513         -44.887    -158.587               9              36
  192       -1527.319    1288.968        -412.827     551.314             192             128
  115          65.175    -913.276         783.881     656.287             115              89
  150         868.397    -317.474         290.300    -307.191             150             107
  131          83.141    -509.716         284.379     404.903             131              97
  229        1859.219     186.782         557.864      76.270             229             146
   59         838.235     576.975        1059.767      62.946              59              61
  210         923.511   -1174.941         755.285   -1018.384             210             137
  106         698.383    -778.768         397.548    -865.958             106              85
  106        -222.796   -1030.319        -429.946   -1259.044             106              85
  182         371.221     -66.813        -159.298    -227.238             182             123
   23        -723.847    -350.482        -814.201   -1482.186              23              43
   35       -1985.268    1140.746       -1539.803     886.202              35              49
    4        -149.060    1339.756         133.195     387.438               4              34
  211       -1474.635     702.628           1.431     886.617             211             137
  135        1139.131   -1631.808        1096.301    -696.144             135              99
  187        -436.282    -299.685        -978.062    -344.348             187             125
   52         250.034     997.111         283.621     324.823              52              58
  194        -593.048     445.220        -123.878     -39.138             194             129
   94        -888.500      26.049         429.822    -205.528              94              79
  181        -831.836   -1575.888        -423.221    -231.976             181             122
   25         496.592     255.253         323.006     -44.697              25              44
  218       -1416.350   -1099.800        -497.076    -309.289             218             141
   79         558.082    -495.106         306.307     333.822              79              71
   69         560.178   -1521.280         -49.344    -694.637              69              66
  151         135.710     871.783        -461.840     229.430             151             107
    5         -63.096    -672.485         308.771      48.982               5              34
   49        1109.166     202.944         -94.011    -140.890              49              56
   61          35.362     266.636         624.906     -15.754              61              62
  246         333.180   -1326.436        -257.823   -1380.642             246             155
  187       -1530.285    1073.140        -924.310     577.065             187             125
   40         532.820    -796.048         691.508    -554.816              40              52
  223       -1773.478    -317.196       -1372.082    -229.668             223             143
  112         283.608     383.780         631.667     792.768             112              88
   67          61.671   -2348.803          32.460   -1129.204              67              65
  185         567.408    -185.351        -788.746    -132.002             185             124
  146        -515.660     416.778        -452.820      45.646             146             105
  228          91.903     238.869        -284.174     210.753             228             146
    2        -218.000       0.007         -69.000       0.000               2              35
  214          91.937    -238.786        -284.178    -210.753             214              35
   36        -515.568    -416.737        -452.820     -45.646              36              35
  237         567.391     185.641        -788.746     132.001             237              35
   94          61.236    2348.855          32.459    1129.204              94              35
  130         283.574    -383.782         631.669    -792.766             130              35
  227       -1773.543     316.933       -1372.082     229.666             227              35
  247         532.715     796.104         691.507     554.818             247              35
  170       -1530.055   -1073.365        -924.308    -577.068             170              35
  211         333.083    1326.534        -257.828    1380.641             211              35
  125          35.497    -266.659         624.906      15.756             125              35
   10        1109.223    -202.711         -94.011     140.890              10              35
  181         -63.240     672.497         308.771     -48.982             181              35
   48         135.858    -871.678        -461.839    -229.431              48              35
  138         559.894    1521.464         -49.346     694.637             138              35
  214         557.875     495.198         306.309    -333.821             214              35
  159       -1416.595    1099.518        -497.076     309.288             159              35
  106         496.610    -255.196         323.005      44.697             106              35
   66        -832.166    1575.685        -423.222     231.976              66              35
    1        -888.481     -26.353         429.822     205.530               1              35
   40        -592.899    -445.422        -123.878      39.137              40              35
  190         250.251    -997.061         283.621    -324.822             190              35
    4        -436.287     299.686        -978.063     344.346               4              35
  141        1138.813    1631.913        1096.300     696.147             141              35
  131       -1474.581    -703.048           1.432    -886.618             131              35
  168        -148.843   -1339.823         133.194    -387.438             168              35
  136       -1985.014   -1140.974       -1539.801    -886.205             136              35
   67        -723.696     350.490        -814.204    1482.185              67              35
  186         371.388      66.979        -159.299     227.238             186              35
  187        -222.804    1030.351        -429.948    1259.044             187              35
    0         698.425     778.882         397.547     865.959              -0              35
  158         923.426    1174.999         755.283    1018.386             158              35
  158         838.412    -576.936        1059.767     -62.946             158              35
  237        1859.218    -186.474         557.863     -76.270             237              35
  209          82.967     509.719         284.379    -404.902             209              35
   81         868.251     317.572         290.299     307.192              81              35
  232          64.861     913.148         783.882    -656.285             232              35
  140       -1527.159   -1289.342        -412.826    -551.314             140              35
  201        -361.355     -10.631         -44.886     158.587             201              35
   19         370.522   -1308.905         366.626    -258.482              19              35
   91          75.214    -248.681        -284.362    -696.342              91              35
  118       -1121.271    -751.987        -541.479      12.569             118              35
  196         322.313    -421.422        -441.965    -113.451             196              35
   79        -420.861     437.078        -652.238     570.432              79              35
  107         529.809     996.587          28.724     549.535             107              35
  175        -461.076     673.233          17.897     696.327             175              35
   95        1310.571      -2.170         816.821     182.269              95              35
   88        -325.298      57.632        -275.851    -301.914              88              35
  164         100.329     753.033         174.463     706.751             164              35
  244         -21.666    -275.516         294.777    -244.205             244              35
  197        -221.166     137.728        -241.840     603.514             197              35
   60        1166.295     454.775         864.550     539.588              60              35
  133         898.371    -550.080         911.477    -374.526             133              35
  186         374.491   -1193.407        -303.643    -778.639             186              35
  170         707.303    1968.987           9.545    1150.386             170              35
   87        1133.124    -301.541        1713.234    -813.623              87              35
  244        -906.199   -1266.051        -833.188    -933.265             244              35
   74         573.138     308.378         304.287     134.860              74              35
  195        -440.499    -290.777        -330.860    -498.609             195              35
  180          51.594      26.871         138.118      10.637             180              35
  130        -396.759    -362.009        -443.186    -221.295             130              35
  116         764.910     452.844         400.973     186.873             116              35
  123        -868.741    -171.915        -505.293    -476.857             123              35
  155         708.968     676.377         442.179     785.872             155              35
   38         245.929    -306.046         665.000   -1240.000              38              35
  172       -2192.920   -1689.168       -1015.885    -782.796             172              35
   96          77.169    -678.774        -977.799     262.540              96              35
  120         199.566    1133.158        -215.157     411.923             120              35
  208        -763.132     140.513        -777.358     403.233             208              35
  150        1342.199    2032.749         549.204    1313.778             150              35
  240        -137.548     266.101         677.490    -497.766             240              35
  138        -393.155    -179.058        -136.092      72.619             138              35
   82        -329.156    -154.771         -47.497    -233.458              82              35
  164        -319.124     338.666        -400.836     569.557             164              35
  155         508.157     770.675         553.488     483.394             155              35
  142         321.340      30.321         427.670     -23.511             142              35
   98          53.462     145.863         331.731     -39.909              98              35
  203         165.829    -137.268         325.807    -194.768             203              35
   39        -495.737      27.945         286.452     -28.312              39              35
   77         592.499   -1844.890         704.036    -848.917              77              35
   69        -598.086    -900.908       -1087.212    -898.502              69              35
   93        -539.258     688.605        -389.495     685.135              93              35
  147          57.042    -293.085          15.754     114.135             147              35
   43        1142.229     200.157         491.051     171.780              43              35
   72        -245.668    -317.830        -113.462    -763.133              72              35
  202        -273.729     166.716        -496.415     124.900             202              35
   64        -721.911     998.585        -290.672     365.730              64              35
  255         298.761     150.501         654.840     437.333             255              35
   48        -360.784    -409.922         105.990    -401.536              48              35
  157        1106.657    -741.421         817.899      33.546             157              35
  212        -144.047    -782.482        -236.292   -1591.811             212              35
   80       -1382.457    -354.358        -666.375     234.550              80              35
   58          31.532    -904.511        -233.818    -840.339              58              35
  111       -1283.163     -88.383        -961.974     371.251             111              35
  196         245.465    -277.147        -141.759    -148.144             196              35
  230        -820.215     159.726        -685.320     514.886             230              35
   93         897.725     147.206         310.233     193.054              93              35
  187        -211.970    -224.019          24.502    -118.270             187              35
  179         751.876   -1099.615        -147.019    -753.334             179              35
  248       -1052.365     697.508       -1160.143    -255.551             248              35
  118       -1281.179      63.562        -937.815     400.855             118              35
  241         -38.842     851.986        -522.861     623.908             241              35
  158        -981.800     308.498        -784.883     406.557             158              35
   85         658.080    1826.643        -302.053    1524.355              85              35
  242         218.878    1363.249         749.906     355.516             242              35
   79        -426.437     -70.027        -406.998      44.124              79              35
  176        -514.745    1854.097        -251.374    1034.803             176              35
  155         278.579     614.730         876.479     475.836             155              35
  100        -964.781    -242.556        -247.649    -210.425             100              35
   19         473.139      91.969         312.354     493.395              19              35
  231       -1022.243     247.212        -722.121    -310.398             231              35
   81         -65.767    1605.545         109.264    1569.937              81              35
  185        -557.767     213.486         449.826    -483.964             185              35
   61       -1386.123     169.988        -503.127     887.387              61              35
   25        -343.460      94.814         312.779     434.601              25              35
  155         811.774     276.041         718.614     825.099             155              35
   63       -1127.332    -857.804         335.639   -1190.354              63              35
  177       -1513.498   -1641.054       -1249.867     512.275             177              35
  188        -650.944     950.690        -538.674     808.787             188              35
  174         385.929     -96.873         398.088    1964.179             174              35
  238        1778.950     345.343         992.031    -241.931             238              35
  157        -435.555    -238.842          24.887     785.248             157              35
  199        -240.058      80.312         -38.423    -514.479             199              35
   31       -1949.574    -169.219        -754.115    1782.619              31              35
  111        -143.050     -53.509         111.783     532.308             111              35
   79         131.830    -564.360         317.909    2843.189              79              35
   41        -572.714    -551.026        -221.968    -413.168              41              35
   24        -578.848   -1187.964        -412.780    9420.154              24              35
