SINAL     NFT                         FFT                         NFT INVERSA     FFT INVERSA
-----     -----------------------     -----------------------     -----------     -----------
   36       33609.000       0.000       18700.248       0.000              36              54
   40        -601.877   -1273.685        -360.240  -10838.497              40              57
  179         -22.663     -28.165         141.814     151.044             179             126
  138        -176.174    -808.554        -339.227   -3865.659             138             106
  111        -345.692    1013.373        -318.777     517.050             111              92
  200        -315.455      97.867         371.063   -1759.121             200             137
  206         323.735    -410.631         449.232    -208.005             206             139
    3        -478.364    -751.490           4.618   -1757.517               3              38
  198         654.195    -840.939         259.410    -364.190             198             135
  113        -723.988    -486.574        -536.870   -1632.709             113              93
  238         367.381    -349.939          27.780     259.982             238             155
  180         278.798    -395.199         -29.161   -1601.326             180             127
  185        -447.017    -481.952        -674.131    -166.195             185             129
   46         259.596     984.543        -462.424    -426.969              46              60
  220         131.154     947.540         494.998     160.343             220             146
  123       -1088.918    -592.017        -487.101   -1542.499             123              98
   36       -1032.455     263.400        -559.042     556.999              36              54
  121          51.899    -559.830         -28.325   -1005.685             121              97
   37        -984.186     349.014        -999.989     291.274              37              55
   59        -278.031    1046.138        -274.999     208.086              59              66
  154         -89.055    1124.977         311.903     903.008             154             113
  149         420.500    -289.687         717.880    -796.808             149             111
  168        -978.207      37.159        -509.715      21.500             168             120
  236         166.680      56.954         417.238     129.528             236             155
  210         927.123     -28.857         577.219    -199.183             210             141
   40        -858.816    -312.975          65.669    -801.912              40              57
   71         886.354    -965.057         415.251     184.686              71              72
    0        1582.404    -581.415         866.774   -1947.813               0              37
  175       -2697.914   -1062.453       -1923.894   -1385.782             175             124
   76       -1585.331     952.296       -1228.529     646.822              76              75
  235        -289.099      20.452        -191.424     506.891             235             154
  205         406.048    1030.181         -84.063     179.865             205             139
   37        -663.660     613.783          76.409      35.318              37              55
  244       -1062.050     353.406        -347.742      55.251             244             159
  154         -56.818     -86.873         606.044     411.176             154             113
   16         117.613   -1232.881          94.409   -1005.612              16              45
  198        -205.259      83.414        -451.663     122.532             198             135
  239        -269.551     276.467         135.766    -409.734             239             156
   66        -489.083    -905.430        -286.040    -364.692              66              69
  254        -843.269     567.205        -839.511    -615.248             254             164
  128       -2661.093     535.806        -896.559     905.478             128             100
  194          41.966    -621.853         243.888     226.520             194             134
  228        -593.081    -576.724        -304.424     447.241             228             150
   79        1248.882    -480.275         360.664      96.428              79              76
   72         294.230      77.506        -149.681     263.159              72              72
   81        1592.499     224.952         490.757    -196.295              81              77
  116        -861.870    1295.819        -673.439      30.160             116              94
  167        -342.045     850.894         705.639     509.863             167             120
  144        -808.144   -1647.901        -301.246    -823.518             144             108
  217         196.997     877.156        -307.599    1039.404             217             145
  220        1104.969    -291.522        1008.557    -363.515             220             146
  200        -478.332     335.716        -683.392    -204.087             200             137
  142          22.503     799.449         567.346     508.891             142             107
   77        -407.318     -87.927          81.662    -486.364              77              75
  112       -1130.906    -566.445         187.756     279.437             112              92
  213        1399.024   -1543.054         457.334    -376.206             213             143
   58         474.124      41.987         202.617    -431.527              58              65
  105         252.410    -919.592         -74.126    -520.972             105              89
  156         641.924     336.134          97.747    -630.430             156             114
  227       -2368.125    -407.779       -1271.995    -776.138             227             150
   42        -411.022     710.219        -469.461    1358.183              42              57
  191         876.522     205.042         956.911    -304.363             191             132
   31        -746.495   -1081.453        -322.954    -556.973              31              52
  200          49.016    -130.894        -338.048    -386.112             200             137
   62       -1523.002     149.943        -780.000     130.000              62              67
    9         104.382      14.208          49.941     574.880               9              41
  208         677.270    -584.508         397.300    -435.656             208             140
  205        -789.565      90.324       -1029.719    -381.061             205             139
  163        -758.190    1161.390         -38.110    1052.702             163             118
   48         470.892    -955.454         383.736    -472.259              48              61
  166        -209.209     494.870        -352.780     142.691             166             119
   52        -639.002     -81.094          28.015    -352.409              52              63
  117       -1139.158    -485.317        -621.442     128.642             117              95
   68        -304.506    -128.957        -266.498     142.025              68              71
  189        -304.499     138.298        -157.567     719.484             189             131
  250         610.941    -255.515         435.895    -236.877             250             162
  248       -1002.709    -272.766        -523.493     401.074             248             160
  201        1560.001    -542.963         945.213      83.135             201             137
   90         102.681   -1257.029        -322.310    -856.442              90              81
  138         395.856     277.292        -421.983     -90.580             138             106
   27        -800.452    -245.499        -545.235    -108.336              27              50
  115         556.433     292.460        -584.641    -157.602             115              94
    4       -2732.831    1503.252       -1492.153     679.127               4              38
  200         298.698     742.526         244.501    1717.776             200             137
   25         275.222     179.561         476.101     293.693              25              49
   53        1620.787    -198.584         473.783     598.819              53              63
  251         527.317     979.649         296.121    -420.714             251             162
  117        -889.294     138.956        -428.268     442.681             117              95
  212          26.779     561.089         130.880     365.310             212             142
  208         575.683     274.046          80.446     841.781             208             141
  119         778.011    1774.542         741.879      94.081             119              96
   39       -2073.103      43.675        -110.228     795.082              39              56
  190        2442.766    -816.243        2007.984     360.623             190             131
  210         488.591   -2013.664         392.086   -1426.360             210             142
  207         738.724   -1328.648          95.645    -576.764             207             140
   35         172.202   -1254.666       -1036.869    -697.332              35              54
  247        1293.488    2013.956        -124.410     943.318             247             160
  229        -595.880     651.936        -219.507    -228.252             229             151
  217         476.310    1623.788         359.107    1357.817             217             145
  103         715.488    -728.763        1055.384    -951.161             103              88
    1        -133.677     177.552        -614.687     301.701               1              37
  158        1231.483     859.014        1087.057    -179.895             158             116
  156       -1630.267    -570.101        -523.813    -804.816             156             114
  145        -247.185    -436.580        -401.897     466.531             145             109
  199         921.975    1245.042         520.057     369.176             199             136
   84        -898.670    -872.594         165.326    -506.033              84              79
  251         694.769       1.330          -1.197     306.596             251             162
   67        -500.507    -510.723         252.859    -541.189              67              70
  204         543.450    -669.615        -326.501     499.769             204             138
  197        1626.193     457.773         920.746    -315.941             197             135
   39        -121.049    -445.787        -236.382    -340.621              39              56
  153        1097.338    -327.940         495.963    -690.051             153             113
  102        -762.954     -30.215       -1226.477    -559.819             102              87
  250          41.739    1746.733         168.028     632.598             250             162
  197        -921.339    -845.832        -232.956   -1030.901             197             135
   64       -1752.429     274.185       -1532.784     264.560              64              69
    9        -281.306    1324.289        -326.676    1463.322               9              41
  194        1039.565    1008.970         937.661     564.012             194             134
   30        -108.975    -520.998         184.536    -542.344              30              51
  233        -547.039     415.784        -682.769     260.870             233             153
  227         243.930     856.497         411.817     784.508             227             150
   20         551.623    -515.462         126.235    -402.855              20              47
  201         482.193    1618.719        -307.414     658.419             201             137
  224        -624.534    1591.176         291.560     -24.881             224             149
  145       -1766.255     571.219        -522.265     904.069             145             109
  212        1051.121     827.279        1168.808     786.363             212             143
  122         183.431    -176.738         578.789     -89.230             122              97
  194         573.223     565.427         636.921    -138.670             194             134
    5       -1415.000      -0.215          80.000       0.000               5              40
   91         573.385    -565.482         636.917     138.672              91              40
  244         183.408     176.610         578.789      89.232             244              40
  207        1051.157    -827.273        1168.810    -786.359             207              40
   58       -1766.229    -571.663        -522.263    -904.071              58              40
  251        -624.164   -1591.378         291.558      24.882             251              40
   14         482.553   -1618.583        -307.413    -658.419              14              40
   92         551.543     515.590         126.234     402.856              92              40
  232         244.026    -856.478         411.818    -784.508             232              40
  126        -546.988    -415.840        -682.769    -260.872             126              40
  101        -109.019     520.940         184.535     542.344             101              40
  194        1039.691   -1008.871         937.662    -564.010             194              40
  104        -281.226   -1324.290        -326.673   -1463.324             104              40
   69       -1752.413    -274.367       -1532.784    -264.563              69              40
  186        -921.365     845.669        -232.958    1030.901             186              40
   61          42.142   -1746.706         168.029    -632.597              61              40
    4        -762.811      30.222       -1226.477     559.819               4              40
  205        1097.412     328.204         495.961     690.053             205              40
    5        -121.027     445.786        -236.383     340.621               5              40
   70        1626.316    -457.459         920.746     315.944              70              40
   57         543.259     669.759        -326.500    -499.770              57              40
  218        -500.617     510.621         252.858     541.189             218              40
  211         694.746      -1.233          -1.197    -306.596             211              40
  102        -898.810     872.365         165.325     506.033             102              40
   41         922.195   -1244.930         520.057    -369.176              41              40
   40        -247.326     436.570        -401.896    -466.532              40              40
  152       -1630.272     569.755        -523.814     804.814             152              40
  159        1231.746    -858.868        1087.056     179.898             159              40
   36        -133.602    -177.561        -614.687    -301.702              36              40
  226         715.416     728.798        1055.381     951.163             226              40
  111         476.571   -1623.779         359.110   -1357.816             111              40
  245        -595.712    -652.002        -219.508     228.252             245              40
   99        1293.883   -2013.551        -124.409    -943.318              99              40
   97         171.995    1254.946       -1036.872     697.329              97              40
  220         738.518    1328.873          95.645     576.764             220              40
   84         488.272    2013.688         392.082    1426.360              84              40
  206        2442.472     816.455        2007.985    -360.619             206              40
   30       -2073.223     -44.251        -110.227    -795.083              30              40
   10         778.339   -1774.518         741.879     -94.079              10              40
  231         575.659    -273.953          80.447    -841.781             231              40
  119          26.775    -561.095         130.881    -365.310             119              40
   83        -889.275    -139.124        -428.267    -442.682              83              40
  188         527.546    -979.544         296.120     420.714             188              40
  161        1620.685     198.885         473.784    -598.819             161              40
  182         275.077    -179.549         476.101    -293.692             182              40
   53         298.594    -742.506         244.505   -1717.775              53              40
   71       -2732.643   -1503.631       -1492.152    -679.129              71              40
   66         556.537    -292.205        -584.641     157.601              66              40
  197        -800.474     245.487        -545.235     108.336             197              40
  116         395.950    -277.088        -421.982      90.580             116              40
  196         102.499    1257.144        -322.312     856.441             196              40
  154        1559.825     543.223         945.213     -83.133             154              40
   87       -1002.860     272.588        -523.493    -401.075              87              40
  193         610.835     255.600         435.894     236.879             193              40
  167        -304.590    -138.351        -157.565    -719.484             167              40
  171        -304.635     128.930        -266.497    -142.025             171              40
  124       -1139.292     485.119        -621.443    -128.643             124              40
    0        -638.990      80.946          28.014     352.410              -0              40
   45        -209.086    -494.892        -352.779    -142.692              45              40
  246         470.703     955.501         383.734     472.260             246              40
   23        -758.046   -1161.543         -38.108   -1052.702              23              40
  217        -789.502     -90.376       -1029.721     381.059             217              40
  241         677.192     584.654         397.300     435.658             241              40
   60         104.290     -14.196          49.944    -574.877              60              40
  106       -1522.994    -150.170        -780.000    -130.000             106              40
  138          49.040     130.961        -338.050     386.110             138              40
   58        -746.621    1081.311        -322.955     556.971              58              40
  137         876.564    -204.969         956.908     304.365             137              40
   83        -411.001    -710.268        -469.459   -1358.182              83              40
  241       -2368.109     407.427       -1271.997     776.135             241              40
  126         642.160    -335.972          97.746     630.430             126              40
  252         252.340     919.678         -74.127     520.972             252              40
   33         474.195     -41.874         202.616     431.527              33              40
  169        1398.696    1543.276         457.333     376.207             169              40
   81       -1131.086     566.131         187.757    -279.437              81              40
   16        -407.297      87.719          81.660     486.363              16              40
   77          22.670    -799.524         567.346    -508.889              77              40
  201        -478.207    -335.797        -683.392     204.085             201              40
   27        1104.947     291.680        1008.556     363.517              27              40
  137         197.060    -877.097        -307.597   -1039.405             137              40
   75        -808.458    1647.721        -301.247     823.518              75              40
   63        -341.878    -851.094         705.640    -509.861              63              40
  226        -861.537   -1295.956        -673.439     -30.161             226              40
   96        1592.609    -224.604         490.756     196.296              96              40
   25         294.205     -77.375        -149.681    -263.158              25              40
   74        1248.681     480.545         360.665     -96.427              74              40
  217        -593.346     576.631        -304.424    -447.242             217              40
  252          41.680     621.794         243.889    -226.518             252              40
  197       -2661.078    -536.311        -896.558    -905.480             197              40
    2        -843.078    -567.302        -839.513     615.247               2              40
   41        -489.149     905.363        -286.040     364.691              41              40
   43        -269.432    -276.540         135.765     409.734              43              40
  187        -205.183     -83.409        -451.664    -122.532             187              40
  213         117.435    1232.871          94.406    1005.612             213              40
    7         -56.860      86.743         606.045    -411.175               7              40
   51       -1061.985    -353.682        -347.742     -55.249              51              40
  111        -663.467    -613.955          76.409     -35.318             111              40
    2         406.264   -1030.091         -84.063    -179.867               2              40
  250        -289.146     -20.448        -191.422    -506.892             250              40
  138       -1585.178    -952.452       -1228.528    -646.826             138              40
  144       -2697.833    1062.118       -1923.897    1385.780             144              40
  200        1582.596     581.704         866.770    1947.814             200              40
  142         886.245     965.171         415.250    -184.685             142              40
    9        -858.787     312.745          65.667     801.913               9              40
  198         927.212      28.934         577.219     199.184             198              40
  210         166.682     -56.990         417.238    -129.527             210              40
  130        -978.141     -37.379        -509.714     -21.501             130              40
  194         420.539     289.652         717.878     796.810             194              40
   14         -88.837   -1125.080         311.905    -903.007              14              40
  251        -277.833   -1046.152        -275.000    -208.087             251              40
  113        -984.048    -349.086        -999.989    -291.276             113              40
  145          51.894     559.879         -28.327    1005.687             145              40
  187       -1032.322    -263.563        -559.042    -556.999             187              40
    4       -1088.814     591.805        -487.105    1542.496               4              40
   44         131.545    -947.554         494.999    -160.342              44              40
  148         259.930    -984.398        -462.425     426.968             148              40
   68        -446.914     482.002        -674.130     166.195              68              40
  145         278.940     395.311         -29.165    1601.325             145              40
  100         367.480     350.050          27.780    -259.981             100              40
  144        -723.861     486.496        -536.874    1632.709             144              40
   33         654.284     841.054         259.410     364.191              33              40
  127        -478.253     751.354           4.614    1757.514             127              40
  105         323.949     410.588         449.232     208.006             105              40
  199        -315.122     -98.022         371.058    1759.120             199              40
   71        -345.086   -1013.426        -318.777    -517.050              71              40
  237        -175.714     808.555        -339.236    3865.655             237              40
   97         -21.796      28.152         141.814    -151.043              97              40
   48        -600.308    1273.509        -360.266   10838.490              48              40
