SINAL     NFT                         FFT                         NFT INVERSA     FFT INVERSA
-----     -----------------------     -----------------------     -----------     -----------
   22       32150.000       0.000       15744.000       0.000              22              44
  189         591.972     169.736         601.030  -10189.436             189             123
   89        -128.485    -836.249        -285.996    -567.203              89              78
   87          44.540     132.312        -435.533   -3320.806              87              72
   38         199.623    1189.651        -161.796     876.484              38              52
  199        1304.838     508.762        1331.339   -2099.529             199             128
  128        -586.991    -938.469        -166.427    -914.748             128              97
  245         109.192    -646.562         -94.771   -1909.145             245             151
  139       -1120.612     377.015       -1083.052     105.617             139             103
   74         640.588     188.312         916.820    -448.373              74              65
   77         723.858   -1477.072        -336.816   -1159.486              77              72
  231         -34.036    1852.795        -204.604    -207.152             231             144
  113        -132.401   -1102.973         329.553    -916.273             113              90
  174        -906.366     211.417       -1079.259    -934.212             174             115
  242       -1131.917      35.447        -488.650     566.185             242             154
   11        1587.236     121.759         401.267     -73.342              11              34
  196         667.356      76.223         180.627    -878.900             196             131
   22       -1652.084    1012.338       -1386.940    -407.478              22              39
  127        -895.002    1111.901         186.128    1308.819             127              97
   60        1379.381   -1166.887         601.342    -772.697              60              58
    5        -111.168    1305.500        -521.044     276.408               5              36
  215          32.928     290.078         662.938      79.426             215             136
  225        1070.866    -500.867         248.544    -182.955             225             146
   28        1233.646     645.169         755.480    -601.856              28              42
  135        -521.055    -666.400        -437.037   -1217.883             135             101
  150       -1028.314    1058.274        -815.716     -87.309             150             103
   98       -1355.293     237.423        -518.910     257.513              98              82
  211         797.719     954.177         437.103     758.725             211             134
  121         253.586    -453.618         670.362   -1175.802             121              94
   71       -2009.837    -134.853       -1391.080    -102.292              71              64
   99         462.036     170.141         443.840     546.387              99              83
   88        -182.426     -35.427        -568.410    -285.851              88              72
   66          -5.776    1206.559         218.138     811.246              66              66
  172         -27.765    -433.136         155.845    -154.880             172             114
  115         967.065     150.345         303.336     286.866             115              91
  152         181.713     467.811        -254.182    -195.078             152             104
   49         420.548    1655.560         367.737    1190.622              49              58
  245        1573.682     169.644        1399.710    -309.907             245             151
  156         448.757      24.651         378.281    -761.818             156             111
   93        -874.451     172.576        -246.603    -523.408              93              75
   94        -412.085     307.180          97.239     457.591              94              80
   78        1047.358    -493.114         818.351    -346.276              78              67
   35         560.605     146.645         178.266    -579.342              35              51
  244        -879.979     128.145          15.612    -483.967             244             150
  154        -275.724    -985.464        -122.413    -254.915             154             110
   42         536.854     228.426        -204.693     -48.464              42              49
  163         385.407    1251.535         328.372     502.164             163             115
  251         863.751     -42.690        1030.771    -346.086             251             154
  204         825.888    -207.290         354.048    -848.118             204             135
  251        -299.141     552.999         277.821    -740.305             251             154
  144        -942.044    -760.631        -229.231   -1205.015             144             105
  149       -2035.310     352.184        -910.653    -273.961             149             103
   51        -991.706    -578.462         -90.218     -46.342              51              59
  179       -1040.916    -108.286        -356.841     -71.616             179             118
  202          -8.029   -1472.115         350.499    -187.561             202             134
  247         355.966    -357.107        -593.507    -622.498             247             152
  167        -920.756     571.283        -165.044     255.381             167             117
  240        -282.216    -770.804        -313.777    -301.321             240             148
  113          59.397     641.151        -148.247     491.704             113              90
   52         -61.292     472.949         401.437     -25.455              52              54
   64        -359.798   -1447.784         266.180    -337.065              64              65
   79        1510.550    -415.898         -86.873    -352.144              79              68
  166        -333.257     793.937         147.134    -496.712             166             116
   16       -1132.098    -542.846        -775.567    -291.581              16              36
  199          93.977     318.000         459.000      51.000             199             133
   54       -1305.838   -1552.914       -1164.313    -933.320              54              55
  245         394.934    1533.026        -128.026    1508.849             245             156
   51        1023.246    -508.891         578.936    -931.130              51              54
  247        -978.757    1433.703        -814.381     415.710             247             157
  185        -619.254     472.066         226.032     -14.315             185             121
  106       -1302.488     572.508        -220.947     819.746             106              86
   17        1588.852   -1097.402        1385.441    -132.069              17              37
   74         161.547    -273.781        -124.281    -930.306              74              70
   46        -802.025    -287.929        -208.864    -119.033              46              51
    7         135.686     245.889          92.409      41.765               7              37
   46        -454.470    -618.375         290.500    -354.927              46              51
  169         460.209    -727.894         138.941    -290.691             169             118
   74         159.762    -639.830         169.513    -809.153              74              65
   20        -444.979    -437.004        -447.949    -668.991              20              43
   89       -1627.923    -429.635        -752.544    -633.041              89              73
    2       -1474.247    -611.302       -1037.161     411.515               2              34
  173         348.677      74.008         -12.398     564.082             173             115
  156         460.831    -339.183         247.610     237.527             156             111
  205        1289.452    -483.474         277.498    -327.359             205             131
  225         196.053     338.987         -48.761    -252.666             225             146
  194         184.208    -521.083         -71.668    -547.489             194             125
   77        -302.960     234.381        -518.795    -430.380              77              72
  232       -1313.544     233.272        -968.406    -100.408             232             144
   38        -511.436     854.015        -115.512     853.070              38              52
  160         213.035   -1076.467         -55.487    -724.155             160             108
   10       -1061.852    1527.609       -1100.968     812.356              10              38
  108        -131.874    -174.677         463.736     206.869             108              82
   69        -542.438     334.084        -993.815     516.341              69              68
  150         962.824    1381.001         699.266    1271.221             150             103
   96         831.812     928.620         701.773     286.310              96              81
   69         733.762     -18.592        1127.523     -58.917              69              63
  172         183.734    -219.479         329.862    -662.754             172             119
   63        -275.451   -1206.539         477.300    -448.646              63              60
   39         920.777    -936.211        -189.054    -847.479              39              53
  194        -973.399     112.105        -255.116    -274.051             194             125
   67         377.036   -1157.696        -367.762    -145.628              67              67
  212        1483.230     671.498         326.399    -117.396             212             134
    0        -309.535     523.175        -691.296    -949.417              -0              33
  121       -2184.647    2103.263        -733.118     884.424             121              89
  253          30.001    -912.507         743.437    -232.689             253             160
   49       -1303.203    -175.562        -978.839    -440.401              49              53
   37        -502.063      -0.630         -20.704     812.462              37              52
   78         634.907    -424.353         -66.947    -306.237              78              67
  252        -142.066    1212.517        -239.757     869.075             252             159
  139         876.141     304.630         903.350    -136.233             139              98
  206        -924.708    -148.939        -477.551    -165.985             206             136
  250         855.365     656.904         606.483     701.991             250             153
  207         633.003    -263.726         830.488    -659.266             207             137
  229        -159.062    -822.358         -75.959    -616.796             229             143
   25         358.933    -199.936         -85.809    -351.685              25              46
  137         175.305     845.737        -192.104      -8.975             137              97
   78         -40.917     938.120         723.171     -76.771              78              72
    3        -305.838   -1304.734         165.869   -1268.562               3              30
  115       -1180.960     316.440        -582.712    -743.263             115              91
  226       -2700.577   -1063.644        -951.745    -452.237             226             141
   86         182.390    -172.972        -115.750     581.645              86              76
  125        -342.663   -1311.602         163.266   -1354.341             125              91
    2       -1720.400    -655.352       -2002.976    -170.451               2              34
  135        -843.237    2050.805        -416.027    1249.942             135              96
   78        -588.187    -503.599         592.002     419.151              78              72
    6         805.847   -1949.885          77.521    -788.268               6              31
   55         389.339     699.083        -629.129     266.241              55              61
  170          38.354     508.246         285.083    -550.640             170             113
   63       -2462.000      -0.215       -1326.000       0.000              63              33
   46          38.575    -508.220         285.078     550.642              46              28
  137         389.507    -698.879        -629.128    -266.241             137              33
  156         805.449    1950.081          77.519     788.269             156              28
   56        -588.402     503.367         592.003    -419.150              56              33
  138        -842.988   -2050.921        -416.025   -1249.942             138              28
  210       -1720.502     655.230       -2002.977     170.448             210              33
  165        -342.817    1311.574         163.262    1354.342             165              28
  171         182.295     172.985        -115.749    -581.645             171              33
   18       -2700.750    1063.141        -951.746     452.235              18              28
  183       -1180.711    -316.689        -582.713     743.262             183              33
  244        -305.859    1304.584         165.867    1268.562             244              28
   21         -40.596    -938.258         723.170      76.772              21              33
  192         175.580    -845.695        -192.104       8.975             192              28
   70         358.989     200.053         -85.809     351.685              70              33
  150        -159.108     822.310         -75.960     616.796             150              28
   85         633.044     263.731         830.487     659.267              85              33
  106         855.455    -656.823         606.485    -701.989             106              28
   40        -924.717     148.746        -477.551     165.984              40              33
   70         876.229    -304.555         903.349     136.235              70              28
  131        -141.878   -1212.519        -239.756    -869.075             131              33
  163         634.783     424.515         -66.948     306.238             163              28
   90        -502.164       0.548         -20.702    -812.461              90              33
  215       -1303.235     175.342        -978.839     440.398             215              28
  208          29.852     912.390         743.437     232.690             208              33
  146       -2184.208   -2103.697        -733.115    -884.425             146              28
  218        -309.197    -523.135        -691.297     949.416             218              33
  164        1483.471    -671.107         326.400     117.396             164              28
  138         376.824    1157.856        -367.763     145.627             138              33
   24        -973.317    -112.224        -255.116     274.052              24              28
  177         920.699     936.412        -189.055     847.478             177              33
  144        -275.616    1206.423         477.300     448.648             144              28
  193         183.783     219.373         329.861     662.754             193              33
    3         733.817      18.566        1127.522      58.920               3              28
  184         831.961    -928.602         701.773    -286.309             184              33
  140         962.951   -1380.842         699.268   -1271.219             140              28
  215        -542.496    -334.110        -993.813    -516.343             215              33
   70        -131.978     174.653         463.736    -206.868              70              28
   43       -1061.613   -1527.718       -1100.967    -812.358              43              33
  128         212.858    1076.568         -55.489     724.155             128              28
   56        -511.337    -854.096        -115.511    -853.070              56              33
    1       -1313.459    -233.416        -968.406     100.406               1              28
  113        -302.794    -234.337        -518.795     430.379             113              33
   80         184.227     521.178         -71.669     547.489              80              28
  141         196.205    -338.892         -48.761     252.666             141              33
  229        1289.385     483.767         277.497     327.361             229              28
    5         460.684     339.294         247.611    -237.527               5              33
  234         348.533     -73.895         -12.397    -564.082             234              28
  226       -1474.471     611.114       -1037.161    -411.516             226              33
  222       -1627.944     429.390        -752.546     633.039             222              28
   97        -444.917     436.954        -447.950     668.990              97              33
   24         159.759     639.866         169.510     809.154              24              28
  230         460.113     727.942         138.940     290.691             230              33
  207        -454.559     618.220         290.499     354.928             207              28
  171         135.746    -245.924          92.409     -41.765             171              33
   66        -802.022     287.774        -208.864     119.033              66              28
   28         161.611     273.782        -124.282     930.306              28              33
  128        1588.618    1097.557        1385.441     132.074             128              28
   35       -1302.486    -572.876        -220.944    -819.746              35              33
  218        -619.147    -472.263         226.032      14.316             218              28
  212        -978.404   -1433.854        -814.381    -415.712             212              33
  246        1023.245     509.088         578.933     931.132             246              28
  205         395.125   -1532.878        -128.023   -1508.849             205              33
  153       -1306.107    1552.773       -1164.314     933.320             153              28
   41          94.069    -318.001         459.000     -51.000              41              33
  222       -1132.126     542.642        -775.570     291.577             222              28
   14        -332.956    -793.974         147.134     496.712              14              33
  147        1510.537     416.238         -86.875     352.143             147              28
   11        -360.074    1447.681         266.180     337.066              11              33
   47         -61.201    -473.056         401.437      25.455              47              28
   97          59.496    -641.117        -148.245    -491.703              97              33
  191        -282.372     770.769        -313.778     301.320             191              28
   63        -920.624    -571.426        -165.044    -255.380              63              33
  181         355.946     357.247        -593.508     622.497             181              28
   87          -8.327    1472.094         350.500     187.562              87              33
  238       -1040.977     108.028        -356.841      71.615             238              28
   12        -991.797     578.212         -90.218      46.341              12              33
  225       -2035.135    -352.590        -910.654     273.959             225              28
  218        -941.927     760.393        -229.234    1205.015             218              33
  175        -298.774    -553.138         277.820     740.306             175              28
   32         826.078     207.370         354.047     848.119              32              33
  179         863.862      42.725        1030.770     346.088             179              28
  177         385.686   -1251.510         328.374    -502.163             177              33
   59         536.924    -228.269        -204.693      48.463              59              28
   12        -275.870     985.408        -122.414     254.915              12              33
  228        -879.835    -128.368          15.610     483.966             228              28
   58         560.794    -146.585         178.265     579.343              58              33
   53        1047.320     493.224         818.351     346.278              53              28
    6        -412.025    -307.339          97.239    -457.591               6              33
   33        -874.286    -172.787        -246.604     523.408              33              28
  217         448.967     -24.657         378.281     761.820             217              33
   61        1573.802    -169.507        1399.709     309.910              61              28
  180         420.828   -1655.536         367.739   -1190.621             180              33
   55         181.829    -467.726        -254.182     195.077              55              28
  171         967.089    -150.142         303.337    -286.866             171              33
  207         -27.877     433.095         155.845     154.881             207              28
   35          -5.587   -1206.573         218.139    -811.246              35              33
  225        -182.426      35.444        -568.412     285.847             225              28
   47         462.013    -170.042         443.840    -546.386              47              33
   60       -2009.821     134.528       -1391.081     102.288              60              28
  209         253.665     453.598         670.360    1175.804             209              33
  144         797.889    -954.097         437.105    -758.725             144              28
   35       -1355.241    -237.656        -518.910    -257.513              35              33
  115       -1027.977   -1058.396        -815.716      87.307             115              28
  122        -520.911     666.351        -437.039    1217.883             122              33
  248        1233.967    -644.955         755.480     601.858             248              28
  182        1070.850     501.047         248.544     182.956             182              33
  182          33.013    -290.134         662.939     -79.424             182              28
   47        -110.849   -1305.472        -521.044    -276.409              47              33
   36        1379.200    1167.124         601.340     772.698              36              28
  190        -894.855   -1112.113         186.131   -1308.818             190              33
   74       -1651.749   -1012.549       -1386.940     407.476              74              28
  228         667.612     -76.017         180.626     878.900             228              33
   81        1587.304    -121.426         401.266      73.341              81              28
  136       -1131.899     -35.577        -488.649    -566.185             136              33
  160        -906.160    -211.489       -1079.260     934.209             160              28
  229        -132.359    1102.939         329.551     916.273             229              33
   45         -33.484   -1852.744        -204.604     207.151              45              28
   71         723.828    1477.289        -336.819    1159.486              71              33
  121         640.750    -188.224         916.820     448.376             121              28
  168       -1120.349    -377.146       -1083.052    -105.619             168              33
  125         109.387     646.640         -94.776    1909.143             125              28
  145        -586.763     938.313        -166.429     914.749             145              33
  122        1305.331    -508.640        1331.334    2099.532             122              28
   66         200.222   -1189.591        -161.794    -876.485              66              33
  239          45.124    -132.190        -435.541    3320.803             239              28
  177        -127.741     836.268        -285.997     567.202             177              33
  203         593.728    -169.645         601.007   10189.432             203              28
