SINAL     NFT                         FFT                         NFT INVERSA     FFT INVERSA
-----     -----------------------     -----------------------     -----------     -----------
  185       31166.000       0.000       17045.248       0.000             185             123
   34        -573.064   -1195.732         -87.993  -10016.644              34              54
  224         -48.255      29.106        -467.155     722.504             224             142
  199        1540.283     519.098         989.481   -2926.298             199             136
  228        -643.876      40.781        -192.685    -175.437             228             144
  135         710.438    -199.187         660.874   -1294.479             135             104
  153        1576.731    -340.054         683.138    -475.989             153             107
  216        -367.053     -60.196         -98.543   -1810.542             216             145
   45         101.993    -170.762        -352.136     544.547              45              53
   78        2177.067    1647.356         995.029    -408.450              78              76
   29         108.240     564.534         985.170    -395.841              29              45
   38         317.838   -1203.113         365.054   -1717.546              38              56
   28        -505.750     453.158        -381.619     -26.113              28              44
   99         679.105    -233.083         586.528    -531.723              99              86
  173        1099.278     849.907         447.657      -2.944             173             117
  209         561.939     105.304        1048.162   -1129.435             209             141
   81         -14.629     -90.168          41.827    -758.911              81              71
  108        -513.137      89.373         531.924   -1121.843             108              91
  236       -1194.422   -1026.605        -353.692    -845.451             236             148
   61        -681.193    -610.126          52.910    -694.591              61              67
   92         -65.142   -1125.892        -112.168    -370.850              92              76
   98         822.410    -402.054         542.755    -997.630              98              86
   93        -940.147   -1229.060        -666.898   -1188.658              93              77
   83        -296.654    -157.536        -535.437    -528.776              83              78
  239        -820.986     -23.007        -701.147    -472.142             239             150
   60       -1192.745     483.582        -728.315    -161.618              60              67
  121       -1235.777     240.052        -533.851     552.533             121              91
   82         996.803     -84.860         655.502      -9.913              82              78
   89        -702.046    -411.850        -480.254    -874.813              89              75
  117        -981.411     426.877        -719.330     335.972             117              95
  176        -300.030     224.543          59.351     187.428             176             118
  179        -336.492    -177.291        -504.624     -39.548             179             126
   40        -466.770    1756.309         -86.149    1175.866              40              50
  163        1043.744    -745.177        1362.691      44.837             163             118
   12         837.752    -264.126          57.657    -649.657              12              36
   90          73.793     187.391         436.480    -157.244              90              82
  212         -90.305    -429.165        -124.474    -804.952             212             136
   46        -736.293    -313.632        -324.304    -191.717              46              60
  232        -166.888     677.945        -647.169      -1.419             232             146
  119       -1161.590    1119.346         335.619     885.074             119              96
  128        1268.672   -1723.657         642.176    -589.750             128              94
   28         428.558    1059.683        -122.657    -110.129              28              51
   74        -738.489     168.322         136.950    -476.337              74              67
   26       -1052.094    -152.210        -381.674     170.036              26              50
    5         751.258      19.660         577.443     -93.274               5              33
  166        -800.062    -275.426          -6.827    -518.248             166             120
  202        -131.450   -1020.901         -92.179    -703.745             202             131
  201       -1692.033     177.190       -1096.250    -192.514             201             137
  117        -794.227     -51.257        -209.708     575.441             117              89
   93        -351.931    -289.465        -317.850     249.539              93              83
  210         901.526     387.589         446.455     670.934             210             135
  178         311.618    -258.276         299.332    -647.578             178             126
  234        -937.069     138.582        -710.479     223.398             234             147
  128         373.241     566.625         376.137     562.303             128             101
  114          61.782      77.057         170.074    -166.699             114              87
  144        -530.676     248.322         109.647     238.084             144             109
  198          13.085    -744.443         241.507    -203.139             198             129
   71         114.364    -216.818          37.916     157.402              71              72
  248         814.316    -556.931         374.912    -564.155             248             154
  102       -1448.551     492.903        -963.134     -51.397             102              88
  103        -255.276     -73.059         423.166     813.854             103              82
    7        1136.602   -1192.684         353.802    -551.660               7              40
  231         -13.680      78.125        -403.855    -268.137             231             146
   14        -493.229     471.446        -579.575     247.907              14              44
  187        -262.024     761.989          30.000     459.000             187             124
   15        -598.258     145.263        -375.670     333.807              15              44
   82         190.600     895.185         629.925     884.562              82              71
  148           8.736   -1767.217         175.818    -701.815             148             111
   77         197.692     632.550        -641.336     942.119              77              69
   65        1589.786     323.500        1003.722     373.500              65              69
  141         181.521     601.543        -274.326     -37.040             141             101
   85         594.571     815.653         573.599     854.660              85              79
  201        1002.458     773.022         570.565    -181.574             201             131
   48        -668.525     157.970         410.887     355.396              48              61
  136        1913.371    -615.411         659.590    -368.309             136              98
  151        -309.642    1441.567         163.156      33.697             151             112
  205          98.024    -991.463         447.673    -600.252             205             133
  229        -590.555    1255.744        -585.245     319.156             229             151
  151        -250.654    -148.062        1191.121      58.539             151             106
  163        -135.545   -1849.944        -551.747    -747.175             163             118
   75        1068.269    1039.243         537.109     389.857              75              68
  199       -1078.979    -914.042        -718.542   -1105.811             199             136
   50        -701.190    1947.056        -659.155    1561.392              50              55
  131         379.921     242.027         990.132     151.622             131             102
  176         -91.238     306.608         -59.437     329.771             176             118
  253         528.739     897.486         847.450     435.928             253             163
  253        -204.489    -175.249         788.923    -368.079             253             157
  120        -448.270   -1007.861          86.135    -239.294             120              97
  147         922.081      29.262        1073.287    -231.359             147             104
  116       -1967.152   -2291.983        -592.846   -1684.238             116              95
  157        -872.156    -563.078        -829.179     872.759             157             109
   17         831.526   -1207.489         218.326    -316.913              17              45
  206         642.984    1017.262        -237.933     847.021             206             133
  242         284.372    -384.304         793.265    -813.555             242             158
   62       -1749.408    -512.312       -1248.356     354.259              62              61
  147        1510.099    -470.476         859.022     401.248             147             110
  199         118.757     -19.633        -593.852    -108.135             199             130
  177         789.777     705.231         473.110     433.343             177             125
   39        -937.725     311.703        -575.619      11.995              39              50
  148         565.477     391.164         524.394    1043.026             148             111
   93         703.186     118.624         482.789    -164.812              93              77
  160         163.576    -362.851         281.610     166.329             160             117
  249         549.029     156.219         147.703      13.022             249             155
   50         465.111    -323.250         459.978      28.521              50              62
  117          90.470     -31.927        -257.475    -406.999             117              89
  234        -794.503      45.425        -388.966     456.965             234             154
   47         320.067     579.350        -190.299     852.935              47              54
   72        1692.978     872.880        1085.070    1116.214              72              73
  231        1602.138     534.262        1158.787    -578.070             231             146
    5        -911.782    -628.656        -105.134    -404.859               5              39
  132         397.106     498.236         114.303     296.087             132              96
  250        -181.252   -1047.575         483.022    -270.612             250             162
  100         588.566    -303.658        -789.228     -92.496             100              80
    6          30.878    1998.994         174.114    1446.485               6              40
   48        1482.884     282.001        1092.236     249.950              48              54
  146         689.520     445.665         550.680     264.319             146             110
  201        1549.257     882.566        1122.439      -2.078             201             131
   38        -372.435    -336.930         568.892    -755.331              38              56
  177        -615.695      79.640        -197.709    -174.608             177             119
  161        -637.121    -842.132         584.203     351.731             161             117
   14        2526.316   -1247.021         687.227    -583.136              14              37
  181        -439.064     608.834         -41.961    -595.436             181             127
  194        -451.058    -344.295        -514.577     -68.839             194             127
   72        -439.181    1356.536         296.097     795.527              72              73
  233         626.097   -1487.277         856.093    -487.193             233             147
   21        -334.855    -396.456        -415.111    -442.177              21              47
   10        -458.614    -471.441        -395.150     400.958              10              35
   77        1190.592     958.901         337.112    1130.819              77              75
  193        1926.000       0.120        1643.000       0.000             193              33
    0        1190.604    -958.696         337.111   -1130.819              -0              40
  158        -458.822     471.419        -395.149    -400.959             158              33
   43        -334.939     396.413        -415.113     442.175              43              40
  114         625.816    1487.267         856.092     487.194             114              33
  133        -439.000   -1356.710         296.099    -795.527             133              40
  133        -451.084     344.212        -514.577      68.838             133              33
  251        -438.821    -608.885         -41.962     595.435             251              40
   25        2526.112    1247.455         687.227     583.137              25              33
  111        -637.378     841.904         584.204    -351.730             111              40
    1        -615.655     -79.881        -197.708     174.607               1              33
  182        -372.350     336.714         568.890     755.330             182              40
   83        1549.508    -882.444        1122.438       2.080              83              33
  162         689.612    -445.624         550.681    -264.318             162              40
  224        1482.880    -281.852        1092.237    -249.949             224              33
  253          31.132   -1998.969         174.117   -1446.485             253              40
   27         588.456     303.877        -789.228      92.495              27              33
  183        -181.471    1047.522         483.021     270.614             183              40
  120         397.161    -498.226         114.303    -296.087             120              33
  125        -911.821     628.436        -105.135     404.858             125              40
   51        1602.322    -534.103        1158.786     578.071              51              33
  186        1693.033    -872.632        1085.072   -1116.212             186              40
   95         319.990    -579.265        -190.298    -852.935              95              33
   92        -794.573     -45.516        -388.965    -456.966              92              40
    9          90.477      31.968        -257.476     406.999               9              33
  111         465.055     323.321         459.977     -28.519             111              40
   15         549.017    -156.142         147.704     -13.021              15              33
   79         163.479     362.850         281.610    -166.329              79              40
  255         703.158    -118.566         482.788     164.812             255              33
   33         565.426    -391.104         524.396   -1043.024              33              40
   82        -937.718    -311.871        -575.619     -11.997              82              33
  140         789.894    -705.057         473.112    -433.341             140              40
  215         118.718      19.739        -593.851     108.134             215              33
   50        1509.876     470.785         859.022    -401.246              50              40
  237       -1749.601     512.026       -1248.355    -354.261             237              33
  225         284.341     384.310         793.262     813.557             225              40
   74         643.118   -1017.100        -237.933    -847.022              74              33
  139         831.174    1207.722         218.324     316.914             139              40
  201        -872.425     562.973        -829.177    -872.761             201              33
  192       -1967.509    2291.572        -592.850    1684.236             192              40
  182         922.145     -29.266        1073.286     231.360             182              33
  244        -448.460    1007.637          86.134     239.294             244              40
  111        -204.483     174.994         788.923     368.081             111              33
   64         528.893    -897.557         847.451    -435.927              64              40
  150         -91.213    -306.718         -59.438    -329.771             150              33
  219         379.907    -242.088         990.132    -151.619             219              40
  178        -700.920   -1947.169        -659.151   -1561.393             178              33
  119       -1079.055     913.898        -718.545    1105.810             119              40
   64        1068.500   -1039.030         537.110    -389.857              64              33
   82        -135.888    1849.911        -551.750     747.173              82              40
   18        -250.683     147.844        1191.122     -58.537              18              33
  126        -590.294   -1255.908        -585.244    -319.158             126              40
  212          97.940     991.405         447.672     600.252             212              33
  205        -309.272   -1441.689         163.156     -33.697             205              40
   54        1913.305     615.707         659.589     368.311              54              33
   50        -668.501    -158.195         410.888    -355.396              50              40
   35        1002.638    -772.940         570.564     181.574              35              33
   35         594.689    -815.577         573.600    -854.659              35              40
  117         181.633    -601.493        -274.326      37.039             117              33
   12        1589.787    -323.201        1003.723    -373.498              12              40
   91         197.663    -632.423        -641.334    -942.120              91              33
  198           8.342    1767.204         175.815     701.816             198              40
   69         190.645    -895.251         629.927    -884.560              69              33
   17        -598.314    -145.391        -375.668    -333.806              17              40
  209        -261.929    -762.034          30.000    -459.000             209              33
   22        -493.145    -471.465        -579.577    -247.909              22              40
  255         -13.620     -78.025        -403.855     268.137             255              33
   81        1136.359    1192.897         353.800     551.660              81              40
   17        -255.415      72.954         423.167    -813.853              17              33
  102       -1448.455    -493.142        -963.135      51.394             102              40
  159         814.273     557.087         374.911     564.157             159              33
  145         114.287     216.822          37.917    -157.403             145              40
  107          12.909     744.381         241.506     203.139             107              33
  140        -530.653    -248.500         109.648    -238.084             140              40
   49          61.806     -77.110         170.073     166.699              49              33
  173         373.288    -566.591         376.138    -562.302             173              40
   24        -937.057    -138.724        -710.479    -223.399              24              33
  186         311.618     258.316         299.330     647.579             186              40
   86         901.522    -387.441         446.456    -670.933              86              33
   73        -352.115     289.417        -317.850    -249.539              73              40
  135        -794.336      51.112        -209.708    -575.441             135              33
   10       -1691.983    -177.445       -1096.251     192.510              10              40
   30        -131.544    1020.870         -92.180     703.745              30              33
  254        -800.024     275.209          -6.828     518.247             254              40
   32         751.296     -19.605         577.442      93.275              32              33
   11       -1052.115     151.962        -381.673    -170.038              11              40
   72        -738.337    -168.530         136.948     476.337              72              33
  108         428.868   -1059.588        -122.657     110.129             108              40
  120        1268.362    1723.823         642.174     589.750             120              33
   55       -1161.441   -1119.661         335.621    -885.073              55              40
  215        -166.729    -677.948        -647.168       1.418             215              33
  161        -736.271     313.545        -324.305     191.716             161              40
  244         -90.259     429.119        -124.476     804.952             244              33
   67          73.944    -187.415         436.480     157.245              67              40
  236         837.786     264.241          57.656     649.658             236              33
   59        1043.574     745.225        1362.692     -44.832              59              40
  140        -466.551   -1756.451         -86.148   -1175.865             140              33
   85        -336.542     177.270        -504.624      39.545              85              40
  119        -300.013    -224.601          59.352    -187.427             119              33
   89        -981.317    -427.009        -719.329    -335.974              89              40
   47        -702.004     411.758        -480.257     874.812              47              33
   36         996.808      85.004         655.502       9.915              36              40
  110       -1235.773    -240.274        -533.851    -552.534             110              33
  210       -1192.581    -483.744        -728.314     161.617             210              40
   86        -820.841      22.946        -701.148     472.140              86              33
   70        -296.531     157.583        -535.438     528.775              70              40
  217        -940.156    1228.945        -666.899    1188.656             217              33
  110         822.515     402.188         542.754     997.631             110              40
  106         -65.258    1125.851        -112.169     370.849             106              33
  126        -681.203     609.936          52.909     694.591             126              40
   78       -1194.406    1026.276        -353.693     845.450              78              33
   14        -512.846     -89.610         531.922    1121.846              14              40
  131         -14.344      90.044          41.826     758.911             131              33
   46         562.243    -105.338        1048.160    1129.436              46              40
  145        1099.633    -849.786         447.657       2.944             145              33
   56         679.199     233.164         586.527     531.723              56              40
   56        -505.489    -453.262        -381.619      26.111              56              33
  109         317.896    1203.080         365.050    1717.546             109              40
  138         108.645    -564.689         985.169     395.842             138              33
   62        2177.568   -1647.011         995.029     408.452              62              40
  233         102.106     170.837        -352.136    -544.549             233              33
  199        -366.768      60.147         -98.548    1810.540             199              40
   44        1576.988     340.303         683.137     475.990              44              33
  201         710.650     199.255         660.871    1294.479             201              40
  189        -643.461     -40.952        -192.685     175.436             189              33
  154        1540.900    -518.860         989.474    2926.297             154              40
  182         -47.538     -29.076        -467.154    -722.505             182              33
   46        -571.643    1195.590         -88.017   10016.638              46              40
