SINAL     NFT                         FFT                         NFT INVERSA     FFT INVERSA
-----     -----------------------     -----------------------     -----------     -----------
   31       33145.000       0.000       16852.248       0.000              31              47
  198        1110.248    1096.095         692.682   -9230.010             198             134
  201        1209.280      74.063        1036.649    -693.792             201             132
  101       -1262.653     -38.438        -462.701   -3790.173             101              85
  147         158.993     191.516         422.565     697.066             147             105
  139        1249.073    -384.964         972.735   -2399.569             139             104
  191         414.283    -153.719         520.940    -398.960             191             127
  167         742.156   -1040.241         750.508   -2497.889             167             118
  235        -762.091    -663.946        -543.036   -1229.620             235             149
  104       -1500.658    -557.466        -632.220   -1410.461             104              87
  220        -415.937    -496.334        -471.320     -34.955             220             141
  178           8.779    -183.607         131.335    -851.778             178             124
  249          86.737    -823.984        -204.876    -681.906             249             156
   61        -861.656     -10.197        -590.041    -726.318              61              65
  252         247.660    -715.705        -191.286    -248.270             252             157
  218        -625.302     483.719        -903.961    -546.861             218             144
   64        -224.927     669.901        -328.526     683.287              64              63
  177         345.685    1240.735           7.682     306.763             177             123
   58         908.674     896.384        1025.827     173.431              58              60
   13       -1186.164    -331.053        -388.094    -865.600              13              41
   91        1120.014     813.225         655.468     969.659              91              77
  112          16.776     170.234         906.713   -1322.117             112              91
   69        -732.573   -1988.102          48.557    -469.067              69              66
  118        1005.629    -871.721        -319.424   -1341.287             118              94
   73        -964.032    1057.247        -662.527     439.887              73              68
   95         345.458     102.325         282.598    -625.825              95              82
  220       -1356.969     469.803        -550.474     139.659             220             141
  141         134.061    -179.319         186.979    -256.634             141             105
  215        -766.680     742.084        -270.213     234.935             215             139
   52        -411.066    -139.748         363.642     -81.118              52              61
  132          21.734    -261.121         374.401     150.687             132              97
   39         248.417   -1403.032         570.334   -1116.229              39              54
   13        -742.558   -1224.432        -939.947    -291.719              13              38
   64        1270.968     578.417         118.205     177.430              64              67
  189        -632.415     938.912         -64.981      41.732             189             126
  213         111.328    -374.194         316.886    -123.650             213             141
   84        -500.169     533.284          -2.093      37.771              84              73
  156         -44.640   -1194.880         491.851    -196.629             156             113
   21         759.284     279.648         213.691      84.356              21              42
  223         432.999   -1433.903        1395.287    -932.870             223             146
  173        -404.270   -2854.666       -1114.905   -1819.404             173             118
  221        -226.007      77.835        -727.858     637.906             221             145
  200        1788.201    -661.783         -93.239    -592.435             200             131
   87        -433.645    2373.494        -791.846     861.031              87              78
  117        1357.451     504.083        1289.202     135.470             117              90
  254        -490.768     135.263        -287.560    -743.336             254             162
  194         213.986      12.744         521.503     114.496             194             128
   80          35.557    -707.808        -275.443   -1141.555              80              75
  239       -1030.666    1241.533        -483.419     595.720             239             151
   92          85.500    -841.336         707.077    -384.535              92              81
  108        -135.433    -564.705        -455.692    -330.134             108              85
  131         553.552     -46.427         515.677     268.203             131             100
  226        1609.945    -913.639         568.097   -1112.395             226             144
   44       -1003.638    -104.009        -815.066    -808.549              44              57
  141         202.440     239.123        -296.265      14.917             141             102
   37        -793.959     523.965        -342.131    -340.117              37              53
   96         -84.644     -36.850        -254.799      46.490              96              79
    0        -600.882     942.984        -249.665     -62.464              -0              35
  168        -160.722    -138.713         213.750     133.759             168             115
  179         -36.354     193.229         -67.563    -622.118             179             124
  169       -1433.878     261.448        -290.116      15.717             169             116
  110        -811.565   -1052.141         -85.024    -371.986             110              90
  125        -151.947    -872.166        -362.713     -25.996             125              94
   89         390.520    -392.088        -146.144    -184.647              89              79
    5         330.982     178.045        -399.000      -3.000               5              34
  106        -130.867    1051.464        -227.306     195.698             106              88
  119        -168.082     512.379          66.255     164.522             119              91
   90        -486.198     537.911         -87.962      23.872              90              80
   16        -508.016     -21.908         231.310     150.757              16              39
  250          96.190    -756.265          66.905     -54.806             250             160
    7        1484.129    -104.276         700.388    -268.090               7              35
  165        -900.693    -320.404        -747.533   -1021.100             165             117
   94        -526.352    1112.001        -245.131     834.669              94              78
  217        -446.295    -464.790         127.771    -409.565             217             143
   84         584.188     621.619         347.927     789.733              84              73
  255         500.813   -1316.662        1056.856   -1454.656             255             162
   39        -496.947   -1556.859       -1027.852    -681.370              39              51
   42         386.648     515.167        -402.541    -360.522              42              56
  123        -756.827    1211.862        -449.952     544.866             123              93
  100         250.254    -635.242         672.534    -918.151             100              85
   28       -1472.177    -392.052       -1476.222    -440.563              28              45
   98        -297.943     762.100         -98.430     307.205              98              84
   19        -686.626     215.079        -716.392    -110.717              19              41
   79       -1150.720    1097.962        -403.769     138.665              79              74
  117       -1841.976     632.797        -834.825     886.227             117              90
  207         650.388     453.309        1102.110     611.736             207             138
   50        -649.875    -874.668        -245.958    -731.312              50              56
   95       -1026.496      91.311        -273.880     325.991              95              82
  139        -254.485    -308.673        -281.804     343.369             139             101
   63          63.261     742.602         616.062     543.526              63              66
  102         -31.404   -1434.808         313.177    -296.648             102              82
   44         752.798    -278.088         526.678    -117.844              44              57
  171         -36.474   -1756.480          69.045    -875.622             171             117
  117         510.127    -687.863        -312.699    -486.128             117              93
  171        -584.095    -277.164        -686.727    -441.909             171             117
   33        -748.551       2.184        -583.471     238.499              33              51
   58         408.642    -492.356        -254.053     208.281              58              60
   11         592.819     635.923        -124.305      23.718              11              40
  172        -327.827     261.999        -475.937     202.797             172             117
  203         538.252    1163.186         112.123     276.723             203             136
  202       -1262.129     430.114        -419.685     115.329             202             132
   32         285.740     102.830         335.493     533.947              32              51
  104         459.127    -249.335        -103.651    -211.182             104              83
   51         402.002    1609.399         231.716     501.409              51              60
  220       -1049.072    -110.408         111.175    -364.537             220             141
  136         -36.108    -241.832         203.017     400.246             136             103
  191         700.227    -883.814         259.476    -896.349             191             127
   24       -1455.474    1228.294        -891.833     355.185              24              47
    2        -421.402    -694.008         714.506     281.210               2              32
  173         481.898   -1037.096        -159.484    -471.077             173             121
  225        -348.608    -124.124          69.940     187.180             225             144
  196        1265.164   -1229.343         290.492    -300.267             196             133
  152         663.646      80.412         128.167    -644.995             152             107
  123        -632.376   -1335.495        -696.887    -826.296             123              96
  252         506.836     721.674        -897.983     114.132             252             157
   51       -1138.957    1289.082        -512.559      12.546              51              60
  239       -1156.845      31.739        -987.173     430.382             239             151
  200         -72.313    1734.060        -236.844    1066.491             200             135
   99          66.501     657.276         362.981     754.180              99              81
    8        1224.021     587.167         837.831     108.948               8              39
  100        -275.101    -332.657         -16.970    -896.638             100              81
   83       -1847.238     812.008       -1256.834      95.816              83              76
   40       -1137.445    1049.810        -226.980    1643.664              40              51
  240        2149.533     318.404        1587.924     284.971             240             155
  233       -1300.463    -819.136        -473.361   -1037.637             233             148
   52         157.715     516.327        -369.134    1311.990              52              61
  189        1909.953    1121.402        1046.085     -47.497             189             126
  138       -1128.125    1823.736        -125.575     186.418             138             104
   84       -1267.000      -0.262         898.000       0.000              84              34
  216       -1127.660   -1824.113        -125.576    -186.419             216              38
   37        1910.218   -1121.103        1046.085      47.499              37              34
  134         157.700    -516.260        -369.133   -1311.991             134              38
  183       -1300.567     818.882        -473.362    1037.636             183              34
  173        2149.540    -318.172        1587.924    -284.968             173              38
  206       -1137.449   -1050.069        -226.977   -1643.665             206              34
  157       -1847.074    -812.298       -1256.835     -95.819             157              38
   31        -275.003     332.596         -16.971     896.638              31              34
   88        1224.163    -587.030         837.831    -108.946              88              38
   55          66.545    -657.320         362.982    -754.179              55              34
  122         -72.106   -1734.029        -236.842   -1066.491             122              38
   89       -1156.878     -31.852        -987.172    -430.384              89              34
  162       -1138.645   -1289.182        -512.559     -12.547             162              38
  203         507.048    -721.371        -897.983    -114.134             203              34
  152        -632.516    1335.541        -696.889     826.295             152              38
   96         663.768     -80.216         128.167     644.996              96              34
   50        1264.933    1229.610         290.492     300.268              50              38
  233        -348.691     124.078          69.941    -187.180             233              34
  134         481.667    1037.168        -159.485     471.077             134              38
  243        -421.613     693.822         714.507    -281.209             243              34
   29       -1455.234   -1228.571        -891.833    -355.188              29              38
   66         700.139     883.945         259.474     896.350              66              34
   21         -36.188     241.747         203.018    -400.245              21              38
  242       -1049.054     110.110         111.175     364.538             242              34
  244         402.351   -1609.359         231.717    -501.408             244              38
  178         459.088     249.453        -103.651     211.182             178              34
  230         285.691    -102.808         335.494    -533.946             230              38
  121       -1262.048    -430.361        -419.685    -115.329             121              34
  193         538.498   -1163.059         112.124    -276.723             193              38
   22        -327.759    -261.963        -475.937    -202.798              22              34
   41         592.942    -635.701        -124.305     -23.718              41              38
  163         408.490     492.546        -254.053    -208.281             163              34
   18        -748.602      -2.217        -583.471    -238.500              18              38
  156        -584.094     277.183        -686.728     441.908             156              34
  108         510.049     688.065        -312.700     486.127             108              38
  171         -36.762    1756.483          69.044     875.622             171              34
   79         752.717     278.165         526.678     117.845              79              38
  217         -31.728    1434.697         313.176     296.649             217              34
   38          63.296    -742.700         616.063    -543.525              38              38
  175        -254.649     308.594        -281.805    -343.370             175              34
  239       -1026.548     -91.518        -273.879    -325.990             239              38
   51        -650.012     874.471        -245.960     731.312              51              34
  138         650.379    -453.336        1102.112    -611.732             138              38
    5       -1841.962    -633.190        -834.824    -886.229               5              34
  103       -1150.489   -1098.158        -403.769    -138.664             103              38
   18        -686.515    -215.158        -716.392     110.715              18              34
   87        -297.776    -762.082         -98.429    -307.204              87              38
  120       -1472.146     391.886       -1476.223     440.562             120              34
  113         250.267     635.255         672.532     918.154             113              38
  116        -756.522   -1211.984        -449.950    -544.867             116              34
  244         386.833    -514.940        -402.542     360.522             244              38
   75        -497.118    1556.884       -1027.852     681.369              75              34
  198         500.687    1316.662        1056.852    1454.658             198              38
   74         584.292    -621.605         347.929    -789.732              74              34
  193        -446.392     464.657         127.770     409.565             193              38
   45        -526.133   -1112.103        -245.130    -834.669              45              34
   60        -900.610     320.303        -747.535    1021.099              60              38
  158        1484.193     104.544         700.388     268.091             158              34
  146          96.011     756.249          66.905      54.806             146              38
   78        -508.038      21.731         231.310    -150.757              78              34
  170        -486.071    -538.057         -87.962     -23.872             170              38
  156        -167.938    -512.432          66.255    -164.521             156              34
  214        -130.627   -1051.433        -227.304    -195.697             214              38
   10         331.055    -177.866        -399.000       3.000              10              34
  237         390.433     392.262        -146.145     184.646             237              38
   58        -152.159     872.189        -362.712      25.994              58              34
  171        -811.786    1051.944         -85.026     371.986             171              38
  122       -1433.767    -261.777        -290.115     -15.717             122              34
   19         -36.208    -193.270         -67.565     622.117              19              38
   74        -160.686     138.634         213.750    -133.758              74              34
   96        -600.649    -943.097        -249.666      62.464              96              38
  172         -84.570      36.864        -254.799     -46.489             172              34
  248        -793.763    -524.066        -342.132     340.116             248              38
  142         202.597    -239.009        -296.265     -14.917             142              34
  207       -1003.476     103.939        -815.068     808.548             207              38
   23        1609.946     913.947         568.095    1112.396              23              34
  100         553.546      46.523         515.678    -268.201             100              38
  153        -135.522     564.690        -455.692     330.133             153              34
  158          85.365     841.263         707.076     384.537             158              38
  198       -1030.393   -1241.737        -483.418    -595.720             198              34
  226          35.571     707.835        -275.446    1141.555             226              38
   15         214.083     -12.758         521.504    -114.495              15              34
  230        -490.603    -135.398        -287.562     743.334             230              38
  217        1357.638    -503.917        1289.203    -135.468             217              34
  213        -433.162   -2373.441        -791.843    -861.034             213              38
   21        1788.128     662.316         -93.241     592.435              21              34
  237        -226.046     -77.647        -727.856    -637.908             237              38
  158        -404.701    2854.711       -1114.908    1819.404             158              34
  187         432.832    1433.854        1395.286     932.873             187              38
   22         759.330    -279.605         213.691     -84.356              22              34
  244         -44.880    1194.787         491.851     196.630             244              38
  130        -500.064    -533.467          -2.094     -37.771             130              34
  126         111.301     374.141         316.885     123.652             126              38
   69        -632.177    -939.055         -64.980     -41.732              69              34
  186        1271.094    -578.100         118.206    -177.428             186              38
  233        -742.775    1224.398        -939.947     291.719             233              34
  184         248.219    1403.009         570.331    1116.229             184              38
  179          21.682     260.995         374.402    -150.687             179              34
  162        -411.095     139.554         363.642      81.118             162              38
   23        -766.503    -742.282        -270.212    -234.935              23              34
   23         134.074     179.303         186.978     256.634              23              38
    2       -1356.799    -470.070        -550.474    -139.660               2              34
  226         345.600    -102.288         282.596     625.826             226              38
  206        -963.712   -1057.341        -662.527    -439.888             206              34
  221        1005.606     872.007        -319.428    1341.286             221              38
   31        -732.817    1987.901          48.556     469.067              31              34
   82          16.973    -170.419         906.710    1322.119              82              38
  203        1120.220    -813.123         655.470    -969.658             203              34
  224       -1186.123     330.774        -388.097     865.599             224              38
  162         908.970    -896.333        1025.828    -173.429             162              34
   98         345.940   -1240.673           7.682    -306.762              98              38
  240        -224.770    -669.856        -328.526    -683.287             240              34
   50        -625.111    -483.692        -903.963     546.857              50              38
  194         247.653     715.846        -191.287     248.270             194              34
  223        -861.522      10.118        -590.042     726.316             223              38
   50          86.780     824.043        -204.877     681.906              50              34
  252           8.892     183.623         131.334     851.777             252              38
   61        -415.883     496.289        -471.320      34.954              61              34
   35       -1500.504     557.221        -632.223    1410.460              35              38
   91        -761.792     663.807        -543.038    1229.619              91              34
  188         742.403    1040.290         750.503    2497.889             188              38
  117         414.658     153.682         520.940     398.961             117              34
  249        1249.387     385.069         972.730    2399.569             249              38
  101         159.409    -191.588         422.565    -697.065             101              34
   92       -1261.988      38.146        -462.710    3790.169              92              38
  122        1210.311     -73.960        1036.648     693.794             122              34
  143        1112.195   -1095.934         692.660    9230.006             143              38
