SINAL     NFT                         FFT                         NFT INVERSA     FFT INVERSA
-----     -----------------------     -----------------------     -----------     -----------
   40       31770.000       0.000       16787.248       0.000              40              50
   28         863.752    -465.101         587.943   -9754.883              28              49
  162         476.365    -295.062         -39.800    -591.705             162             111
  159        -113.454    -238.013         -99.116   -3593.354             159             115
   18        -112.101     -77.204        -581.135    -267.700              18              39
  101         -65.253     774.357        -142.517   -1725.310             101              86
   81        -216.812     374.184        -183.529    -124.213              81              71
   86        -378.625     691.196          36.938   -1227.411              86              78
  176        -352.029    -557.832         260.558    -555.247             176             118
  203        -598.025   -1052.036        -682.021   -1938.506             203             137
   23       -1454.216     594.252       -1071.837     -34.766              23              42
  233       -1665.050    -506.466       -1015.668    -745.487             233             152
  240        -693.527    1298.904        -984.760    1262.829             240             150
  233         302.001     499.426         620.572     122.100             233             152
  150         357.254     324.397        -162.143      40.076             150             105
  245        -644.440     447.310          14.373     -48.786             245             158
   57         872.673     374.367          94.258     349.719              57              59
   63        -477.170     653.646         323.455    -288.625              63              67
  142         653.142    -420.207         -23.767      53.601             142             101
  232        -308.783    1413.343         120.753    -136.700             232             151
  149        -165.894    -359.188         276.034     259.238             149             105
   26         522.672    -192.261         438.761    -568.132              26              48
  148         446.723    -217.842        -231.896     -28.227             148             104
  164         439.308    1631.883         477.377      12.021             164             117
   29         -43.910    -640.180         470.813    -509.592              29              45
    4        -468.240     270.945        -300.259    -828.986               4              37
  112       -1447.382    -123.728        -427.948     354.068             112              86
  151        1038.731      12.988         451.677      76.141             151             111
  163         845.145     660.446         638.413      46.963             163             112
  179         497.657    -368.388        1029.527   -1366.543             179             125
  218       -1700.356   -1816.753       -1010.472   -1572.463             218             139
   45       -1255.783     226.344       -1198.501    -182.013              45              58
  146       -1344.377     358.712        -848.575     469.570             146             103
    0         -39.862     930.877          28.397     377.691               0              35
  236       -1735.164    -106.353        -632.310     259.244             236             148
  252        1389.038     825.758         706.223    1339.429             252             161
  230        1067.856    -282.208        1280.239    -961.079             230             145
  237        -545.633    -978.284        -521.007    -500.411             237             154
  198        1068.293     600.110         282.639    -252.593             198             129
   73       -1503.215     974.465        -469.255    -199.634              73              72
  145        -199.766    -413.718         559.651     -17.120             145             103
  116        -623.271    -215.822        -455.228    -801.060             116              93
  102       -1677.242     282.676        -131.501     378.895             102              81
   58         -25.444   -1460.415         164.444    -292.164              58              64
  255         648.836    -435.592         367.876    -192.553             255             158
  161         -22.462    -887.102        -221.585   -1091.875             161             116
  159       -1342.134     100.348        -547.318       8.426             159             110
   49         233.482   -1498.071        -112.460    -681.364              49              60
   28        -961.676     629.726        -890.811    -174.416              28              44
  125        -998.047    -977.466        -513.083    -175.918             125              98
   14        -588.019     888.547       -1082.574     435.704              14              37
  127        -597.228     577.131         161.058     919.790             127              99
   89        1025.987    -135.731         353.649    -178.877              89              75
   86       -1253.857     115.714        -368.811    -252.768              86              78
  205        -645.587    -647.899        -488.773     243.293             205             133
  194         423.543      96.047        -163.910     536.031             194             132
   54        1212.551    1049.597         339.465     391.817              54              57
  122        -398.901     942.372         387.764     -92.759             122              96
  178        -714.648   -1079.450         182.033    -481.373             178             119
   41         -78.361    -944.330        -591.893    -403.981              41              56
  210        -349.250    1048.441        -305.657     288.726             210             135
   52        -980.999    -788.941        -280.172     -92.754              52              61
   77         718.617     271.275        -311.393     356.293              77              69
  236        -508.838     882.304        -277.011      44.929             236             153
  221        -694.035    1067.961        -373.000     844.000             221             141
  203          98.731     567.588         644.299     414.451             203             137
   55        -337.525       2.465         -12.495      13.528              55              58
   62        -224.149     441.405         324.605     571.926              62              66
   95         662.521    -141.854         862.648      19.472              95              78
    6          64.353    -896.960         660.798    -641.727               6              38
   99         -55.055   -1640.599         -18.251   -1014.551              99              80
  241        -586.566    -643.067        -683.882    -436.946             241             156
  110        -223.378    -269.485        -158.960    -157.699             110              85
   24        -725.928    -989.448        -712.471    -639.646              24              47
  244        -962.266     495.337       -1077.304     404.003             244             152
   41        -549.588     368.025        -200.239     746.160              41              56
  149         742.327    -288.263         282.500      30.667             149             105
   97        -650.774    -293.736        -830.004    -381.063              97              84
  221        -480.670    1437.436        -725.521    1072.382             221             141
   83        -578.790    1002.928          88.646     593.909              83              77
  221        -448.606     406.949         193.718    1008.247             221             141
   29        1145.053   -1203.243         926.685    -409.747              29              50
   95        -743.880     -76.115       -1182.588      87.929              95              78
  120        1346.024     976.995         861.968    1249.452             120              95
   20         702.326    -306.127          37.499    -921.015              20              40
  165        -909.126    1600.534        -632.940    1165.352             165             118
  122        1032.572     465.043         899.091     254.508             122              91
  127        -291.263     987.010        -235.630     284.032             127              99
  135        -387.081    1191.522         586.089     638.986             135              98
  158         305.567    -160.438         672.223     389.469             158             114
   66         721.168     368.906        1222.973    -454.986              66              63
   53       -1768.774   -2340.110        -312.627   -1041.769              53              62
  134         432.532    -295.266        -718.808     317.646             134              97
   88         100.831    1602.155         419.965    1042.677              88              79
  197         844.962    -480.499        1197.588    -621.078             197             129
  147       -1719.909    -711.712        -656.439    -303.881             147             109
  203         918.425    -531.233         698.575     121.571             203             132
   12       -1390.755    -273.984        -657.241    -346.456              12              41
  226         490.408    -463.988         871.788     694.535             226             143
  197          54.297   -1698.822        -123.509   -1159.480             197             134
   55        -384.791    -129.779        -260.110     555.679              55              58
  201         340.282   -1126.395        -112.572    -259.473             201             136
  178         890.632     654.097         263.016     776.577             178             119
   11         398.815    -562.654         265.142    -548.586              11              41
  186          35.978     481.163         234.436     663.256             186             123
   45         784.316   -1747.587         602.650    -870.631              45              58
  112         585.567     -79.759        -106.091      94.573             112              86
   99         531.655   -1260.839          32.924   -1160.602              99              85
  210       -1067.039    1215.018       -1207.072     668.873             210             135
    4         207.539    -288.708         568.777      71.102               4              37
  237        -757.881     310.012        -741.479     530.285             237             149
    4        1634.928    -406.367        1251.468     559.658               4              37
   35         757.602    -384.308          62.835   -1019.619              35              48
   47       -1180.442    -530.643        -784.295     199.781              47              59
  216        1547.943    1384.788         384.413    1009.723             216             138
  199          -8.192    -451.149         887.876    -520.543             199             135
   81         157.805    -789.596        -372.785    -161.704              81              71
  166         183.320    -136.710         138.252     172.965             166             118
   51        1226.406     174.102         362.853     366.266              51              56
   23         644.074    -521.450         458.142    -594.205              23              47
  251         261.454     847.202        -140.052     595.980             251             156
   60        1471.761   -1422.478        1553.542    -653.009              60              65
  191        1434.595    -391.824        -595.221   -1062.002             191             126
  184       -1244.605    1061.418         208.134    -432.119             184             127
   14       -1048.516   -2001.428       -1076.533    -639.141              14              37
  193         437.199    1086.063          25.062     464.245             193             132
    7        -835.774   -1166.866        -654.182    -698.007               7              34
  142         -62.527    1458.800        -628.156    1256.965             142             106
  196        1102.000       0.062        1359.000       0.000             196              33
   15         -62.365   -1458.736        -628.156   -1256.967              15              39
  187        -835.971    1166.811        -654.183     698.006             187              33
  165         437.382   -1085.896          25.062    -464.245             165              39
  241       -1048.845    2001.298       -1076.535     639.139             241              33
  152       -1244.234   -1061.634         208.133     432.121             152              39
   78        1434.736     392.171        -595.223    1062.000              78              33
    3        1471.555    1422.703        1553.541     653.013               3              39
   23         261.590    -847.187        -140.051    -595.982              23              33
  130         644.015     521.587         458.139     594.207             130              39
    2        1226.397    -173.884         362.855    -366.265               2              33
  213         183.221     136.791         138.252    -172.964             213              39
   14         157.635     789.629        -372.785     161.703              14              33
  203          -8.253     451.064         887.874     520.545             203              39
  197        1548.105   -1384.519         384.415   -1009.722             197              33
  209       -1180.580     530.535        -784.294    -199.783             209              39
  176         757.596     384.458          62.834    1019.619             176              33
  156        1634.757     406.625        1251.468    -559.654             156              39
   36        -757.956    -310.141        -741.478    -530.286              36              33
  238         207.427     288.741         568.777     -71.100             238              39
  185       -1066.831   -1215.107       -1207.071    -668.875             185              33
  151         531.512    1261.042          32.921    1160.603             151              39
   17         585.564      79.918        -106.091     -94.573              17              33
   33         783.978    1747.702         602.648     870.633              33              39
   50          36.006    -481.212         234.437    -663.257              50              33
  242         398.698     562.711         265.139     548.586             242              39
   30         890.667    -653.907         263.019    -776.576              30              33
  216         339.959    1126.511        -112.573     259.473             216              39
   34        -384.913     129.750        -260.107    -555.679              34              33
  116          53.953    1698.816        -123.513    1159.478             116              39
   53         490.207     463.968         871.789    -694.532              53              33
  100       -1390.858     273.682        -657.241     346.454             100              39
   28         918.281     531.325         698.575    -121.570              28              33
  210       -1720.048     711.321        -656.441     303.879             210              39
  221         844.925     480.465        1197.587     621.081             221              33
   81         101.051   -1602.201         419.967   -1042.677              81              39
  156         432.377     295.424        -718.807    -317.648             156              33
   62       -1769.175    2339.710        -312.630    1041.767              62              39
   34         721.295    -369.008        1222.971     454.988              34              33
   22         305.499     160.294         672.223    -389.468              22              39
  207        -386.913   -1191.753         586.090    -638.985             207              33
  118        -291.060    -987.124        -235.631    -284.034             118              39
  223        1032.626    -464.926         899.091    -254.506             223              33
    9        -908.872   -1600.663        -632.937   -1165.353               9              39
   57         702.326     306.290          37.499     921.015              57              33
  250        1346.096    -976.733         861.971   -1249.451             250              39
  239        -743.981      76.087       -1182.589     -87.931             239              33
  110        1144.759    1203.405         926.684     409.750             110              39
  179        -448.697    -407.143         193.719   -1008.246             179              33
    2        -578.716   -1003.077          88.646    -593.908               2              39
  138        -480.486   -1437.432        -725.519   -1072.383             138              33
   39        -650.826     293.752        -830.005     381.062              39              39
   61         742.227     288.427         282.500     -30.666              61              33
  132        -549.647    -368.081        -200.238    -746.160             132              39
  216        -962.235    -495.379       -1077.304    -404.005             216              33
   88        -726.080     989.429        -712.472     639.645              88              39
  102        -223.405     269.497        -158.960     157.698             102              33
    2        -586.642     643.037        -683.884     436.944               2              39
  166         -55.279    1640.568         -18.254    1014.551             166              33
  211          64.241     896.830         660.797     641.729             211              39
   24         662.472     141.801         862.649     -19.470              24              33
   70        -224.142    -441.559         324.607    -571.925              70              39
   92        -337.555      -2.623         -12.495     -13.527              92              33
  211          98.781    -567.679         644.302    -414.448             211              39
  115        -693.894   -1068.118        -373.000    -844.000             115              33
  136        -508.658    -882.341        -277.013     -44.930             136              39
   10         718.631    -271.060        -311.393    -356.293              10              33
  151        -981.183     788.792        -280.172      92.753             151              39
  117        -349.054   -1048.462        -305.656    -288.727             117              33
  159         -78.520     944.389        -591.895     403.979             159              39
  138        -714.809    1079.235         182.031     481.373             138              33
  182        -398.646    -942.551         387.763      92.761             182              39
  184        1212.755   -1049.365         339.465    -391.816             184              33
  198         423.450     -95.884        -163.910    -536.031             198              39
   34        -645.802     647.818        -488.773    -243.293              34              33
  172       -1253.813    -115.939        -368.812     252.768             172              39
   32        1025.959     135.882         353.649     178.878              32              33
   71        -597.228    -577.241         161.060    -919.789              71              39
  181        -587.928    -888.544       -1082.573    -435.706             181              33
   47        -998.228     977.381        -513.083     175.918              47              39
  129        -961.512    -629.806        -890.811     174.415             129              33
  191         233.257    1498.170        -112.463     681.364             191              39
  226       -1342.073    -100.567        -547.318      -8.425             226              33
   90         -22.497     887.119        -221.586    1091.875              90              39
   80         648.780     435.695         367.875     192.554              80              33
  105         -25.775    1460.325         164.443     292.165             105              39
   84       -1677.206    -283.079        -131.500    -378.895              84              33
  171        -623.212     215.649        -455.229     801.059             171              39
   89        -199.774     413.564         559.651      17.121              89              33
   65       -1502.906    -974.803        -469.255     199.631              65              39
   90        1068.535    -599.892         282.638     252.594              90              33
  136        -545.704     978.192        -521.008     500.409             136              39
  210        1067.898     282.275        1280.238     961.082             210              33
   59        1389.061    -825.594         706.227   -1339.428              59              39
  198       -1735.278     106.021        -632.311    -259.245             198              33
  156         -39.717    -930.902          28.399    -377.688             156              39
   41       -1344.330    -358.879        -848.575    -469.571              41              33
   26       -1255.666    -226.443       -1198.502     182.009              26              39
  120       -1700.442    1816.479       -1010.475    1572.461             120              33
   62         497.856     368.333        1029.524    1366.546              62              39
  230         845.395    -660.387         638.413     -46.962             230              33
  127        1038.720     -12.840         451.677     -76.140             127              39
   23       -1447.389     123.436        -427.947    -354.069              23              33
  119        -468.044    -271.064        -300.261     828.985             119              39
  113         -43.850     640.071         470.812     509.593             113              33
   70         439.721   -1631.859         477.376     -12.021              70              39
  183         446.782     217.958        -231.897      28.227             183              33
  197         522.686     192.324         438.759     568.133             197              39
  120        -165.917     359.061         276.034    -259.238             120              33
   95        -308.449   -1413.436         120.751     136.701              95              39
  128         653.145     420.311         -23.766     -53.600             128              33
  156        -476.985    -653.771         323.455     288.627             156              39
  127         872.791    -374.232          94.258    -349.719             127              33
  225        -644.323    -447.421          14.373      48.785             225              39
  128         357.384    -324.340        -162.142     -40.075             128              33
  207         302.081    -499.384         620.572    -122.099             207              39
  147        -693.337   -1298.937        -984.758   -1262.831             147              33
   78       -1665.060     506.285       -1015.670     745.485              78              39
  225       -1453.897    -594.407       -1071.837      34.765             225              33
  190        -597.916    1052.002        -682.025    1938.506             190              39
   33        -351.830     557.708         260.557     555.247              33              33
  172        -378.191    -691.312          36.935    1227.409             172              39
   92        -216.386    -374.215        -183.529     124.213              92              33
  136         -64.712    -774.308        -142.521    1725.309             136              39
  222        -111.621      77.280        -581.136     267.700             222              33
  111        -112.838     238.056         -99.124    3593.352             111              39
  254         477.250     295.179         -39.801     591.705             254              33
    3         865.382     465.239         587.921    9754.879               3              39
