SINAL     NFT                         FFT                         NFT INVERSA     FFT INVERSA
-----     -----------------------     -----------------------     -----------     -----------
   96       31787.000       0.000       17286.248       0.000              96              80
  119         272.558    -993.981         374.374  -10029.691             119              95
  134         167.027    -637.489        -123.639    -685.684             134              99
  155        -523.201    -273.958        -638.019   -3240.516             155             113
  179         203.832     848.020         -93.696     117.795             179             122
   14       -1108.828    -151.059        -357.424   -1745.966              14              42
   58         809.440     418.478         146.296     132.372              58              61
  171       -1674.862     275.150        -609.530   -1124.685             171             121
   22        1674.357     474.959         949.462     916.116              22              43
   13        -343.837   -1031.999         350.631   -2633.261              13              42
  245       -1547.663    -592.006       -1715.286     345.166             245             155
   71         816.676    1587.420         320.801     398.005              71              71
  224         450.501     459.116         432.037     160.442             224             144
   69          28.135     339.647         257.611    -440.565              69              70
  180         708.076     193.401         442.746      59.296             180             122
  207        -145.995     289.769          58.818    -747.250             207             139
   78        -476.246     918.967          36.047     420.684              78              71
  125        -327.833    -573.090         666.145    -157.392             125              98
   38        2204.810    -602.135         993.900    -290.746              38              51
  228        -534.604    -695.721         162.278   -1594.970             228             149
  221         134.004    -902.670        -768.623    -164.849             221             143
  251         312.639    1844.775          55.792      66.533             251             161
   26        -383.846     252.916         317.498    -171.153              26              45
   73       -1317.147     252.940        -377.984     -97.457              73              72
   61        1008.429     -19.245        1213.193     782.291              61              63
  158        1225.149   -2041.851         855.466   -1777.347             158             114
  143         698.437     315.200        -431.400    -264.801             143             104
   47        -611.165     -38.439         294.924   -1074.487              47              59
  236        -182.153    -279.578        -837.511      17.281             236             150
   62         291.233    1369.370         812.874    -290.358              62              66
  168        -819.631    -982.614        -427.638    -925.495             168             116
  173       -1233.930     996.784        -132.617    -390.862             173             122
  226       -2301.272   -1517.845        -808.196    -524.657             226             145
  141        -587.284     -27.098        -285.497     439.557             141             106
  204        -126.759    -981.213         -23.170    -353.933             204             134
   89       -1187.913    -147.917        -601.786     134.347              89              80
  147         739.271    -720.147         -63.511     555.101             147             106
  121         929.067    1503.198         764.597     393.399             121              96
  145          16.978   -2291.532         387.122   -1102.198             145             105
  143         110.178    1123.147        -912.929     371.188             143             107
  128         247.701     231.059        1249.563     204.873             128              96
  173           8.459   -1358.928        -160.065   -1006.828             173             122
  174         -27.102    -638.642         306.647    -258.014             174             119
  244        -222.365   -1772.471        -706.438   -1132.097             244             157
  253          -0.337     303.271        -610.548     296.802             253             159
   87        -477.397     -96.366        -641.734    -310.043              87              79
   98        -226.651     811.871        -568.204     999.014              98              81
   27         848.021     886.303         463.420     415.852              27              49
  160         412.569     272.924         430.024     132.721             160             112
    1         215.623     -15.540          74.038    -438.227               1              36
  160        -627.141     721.301        -269.980     407.585             160             112
   26          66.109     440.969         756.197     351.901              26              48
  114          69.904   -1951.671         690.746    -812.646             114              89
  113         304.825   -1404.998        -610.600    -440.441             113              92
  112        1305.611     -13.114         607.434     148.755             112              88
  127         809.910   -1415.029        -261.073   -1236.665             127              99
  246         214.218     903.802        -524.820     102.685             246             155
   91        -299.611    -337.182        -474.997    -646.669              91              81
   36        -641.268    1079.962        -867.479     623.536              36              50
  241         409.047    -155.072          95.242     163.418             241             156
  218         939.787    1193.838        -365.053     259.013             218             141
  159        -573.821    1364.222         -95.470     217.580             159             115
  190        -211.118     678.833        -190.572     399.801             190             127
  241        -203.253     777.792        -102.657     426.566             241             156
   90         811.929    1521.019         418.000     822.000              90              77
  184         150.606     524.495         870.989    -265.241             184             127
   61        -510.135    -299.140        -242.010    -584.692              61              63
   80       -1692.017     518.039        -661.496     588.050              80              75
  110        1737.765    -121.567         942.915     598.253             110              87
  229        -225.090     671.025        -361.343    -591.949             229             150
  136        -368.155    1495.974         380.089    1314.027             136             100
  224         164.182   -1226.646         696.234    -953.990             224             147
   67         -65.453     512.663        -619.536     999.479              67              66
   51        1757.683     709.009        1583.971      95.794              51              61
   98         333.793    -422.970          85.780    -458.130              98              81
  163         622.034     636.344         531.123    -233.327             163             117
  121        -172.726     374.545         -10.959    -105.423             121              93
   26        -133.012     694.829         603.086    -234.218              26              48
   11        -964.203    -631.652          34.350    -258.845              11              38
   15         141.703    -968.926         440.054    -537.625              15              43
   62        -315.321    -838.315        -720.173    -204.345              62              63
  111        1113.846    1431.564         521.145     684.276             111              91
   23         253.603     157.009         772.576    -374.238              23              44
  244          73.497    -699.588         584.343    -799.654             244             157
  180        -734.614   -1459.583        -513.985   -1014.850             180             122
  108          12.707     307.026        -461.624     276.745             108              89
  221         646.127     498.101         460.865     -99.808             221             143
   69        -357.147      55.558          75.456    -696.010              69              70
  222       -1265.791    -433.607        -528.131    -488.045             222             143
   38        -545.606     258.603        -374.284     285.053              38              54
  250         -94.188     336.752         402.562    -123.573             250             157
  207       -1368.423    -756.283        -268.517    -446.345             207             139
   70        -100.467   -1068.336         154.468    -154.268              70              67
   59        -254.849   -1595.567        -508.950    -849.861              59              65
  218         242.049     218.944        -627.963     180.293             218             141
  236        -811.879      18.162        -483.601    -294.246             236             153
  164          87.305      68.271        -649.804     513.343             164             114
   78        -126.172    1200.725        -305.183      14.202              78              74
  240        -885.835     907.748        -609.289     964.157             240             152
   17         685.419    1374.201         601.387     330.044              17              44
   29       -1643.651     376.955        -469.786     245.819              29              47
   38         307.048     758.274         539.745     890.831              38              54
   42         156.820    -572.450         678.980    -377.382              42              53
  115        -507.188    -278.187        -600.245    -206.561             115              93
   84        -312.275    1259.464         173.916    1075.085              84              74
  174         361.254    -646.933         766.446    -363.657             174             122
   89        -494.022     -86.504        -423.504     389.326              89              77
   21        1500.916     735.373        1110.347     476.030              21              46
  153        -323.957    -365.237         499.406    -696.810             153             109
  193        -320.829    -896.576         -55.250    -252.438             193             132
   62          88.495      84.048         275.650     172.600              62              63
   13         641.301   -1225.182         666.954    -521.485              13              42
   31         531.015    -484.214         -17.897    -608.381              31              48
  193        -275.416    -359.945          81.796    -695.693             193             132
  195       -1118.604   -1146.296        -565.570    -780.089             195             130
  156        -858.667   -1356.256       -1039.654    -477.733             156             113
  239        -503.101     760.419       -1265.222     748.621             239             152
  174         150.347    1101.386          30.302     921.199             174             122
    1         399.794     830.805         -20.400     588.404               1              33
  111         354.896    1064.836         563.178     445.502             111              91
  145        -261.321    -156.830          46.349    -185.381             145             105
   97        -483.896     908.404        -278.146     624.925              97              84
  207         382.149     675.611        1059.242     827.990             207             136
  225         995.136   -1633.476         917.965   -1168.410             225             148
  117       -1269.979    -171.960        -984.680    -319.795             117              91
   96        -126.869    -500.399          37.745     525.220              96              83
  110        1208.822     323.614         -53.635     308.182             110              87
  209         387.499    1557.260         523.562     496.800             209             140
  149        -247.000      -0.111         654.000       0.000             149              36
  252         387.799   -1557.253         523.559    -496.799             252              38
  196        1208.820    -323.339         -53.634    -308.183             196              36
  206        -127.080     500.418          37.745    -525.219             206              38
  228       -1269.996     171.764        -984.680     319.793             228              36
   36         994.903    1633.540         917.962    1168.412              36              38
   16         382.187    -675.725        1059.244    -827.989              16              36
   57        -483.799    -908.543        -278.144    -624.925              57              38
  209        -261.337     156.728          46.349     185.380             209              36
  166         355.080   -1064.837         563.177    -445.500             166              38
   68         399.884    -830.724         -20.399    -588.403              68              36
  202         150.435   -1101.273          30.303    -921.198             202              38
  102        -503.070    -760.298       -1265.220    -748.623             102              36
   72        -858.937    1356.283       -1039.654     477.731              72              38
  102       -1118.744    1146.129        -565.572     780.088             102              36
   37        -275.355     359.884          81.795     695.694              37              38
  195         531.021     484.312         -17.898     608.381             195              36
  124         641.099    1225.231         666.952     521.486             124              38
   69          88.471     -84.109         275.650    -172.600              69              36
   32        -320.988     896.446         -55.251     252.438              32              38
   44        -323.951     365.032         499.406     696.811              44              36
   39        1501.023    -735.220        1110.349    -476.028              39              38
  130        -494.113      86.384        -423.504    -389.327             130              36
    5         361.097     646.875         766.445     363.659               5              38
   64        -312.134   -1259.596         173.917   -1075.085              64              36
   19        -507.251     278.095        -600.247     206.559              19              38
   74         156.715     572.365         678.979     377.383              74              36
  206         307.083    -758.352         539.746    -890.829             206              38
  206       -1643.601    -377.332        -469.785    -245.819             206              36
  213         685.666   -1374.143         601.388    -330.042             213              38
  243        -885.704    -907.873        -609.287    -964.157             243              36
   84        -125.941   -1200.648        -305.183     -14.202              84              38
   70          87.300     -68.122        -649.804    -513.343              70              36
   13        -811.867     -18.192        -483.603     294.246              13              38
   95         242.104    -218.751        -627.962    -180.294              95              36
  220        -255.139    1595.624        -508.952     849.861             220              38
  124        -100.696    1068.282         154.468     154.269             124              36
  197       -1368.543     755.945        -268.518     446.343             197              38
  103         -94.080    -336.865         402.562     123.575             103              36
  184        -545.551    -258.716        -374.283    -285.054             184              38
   76       -1265.776     433.365        -528.131     488.043              76              36
  168        -356.971     -55.681          75.454     696.010             168              38
  185         646.315    -498.008         460.865      99.808             185              36
  192          12.785    -306.952        -461.624    -276.745             192              38
   75        -734.780    1459.473        -513.986    1014.849              75              36
  123          73.507     699.475         584.342     799.656             123              38
  133         253.743    -157.113         772.576     374.239             133              36
   58        1114.110   -1431.382         521.147    -684.275              58              38
   40        -315.480     838.322        -720.173     204.344              40              36
   82         141.538     968.885         440.052     537.626              82              38
  101        -964.266     631.327          34.349     258.845             101              36
  185        -132.783    -695.000         603.086     234.219             185              38
   17        -172.530    -374.658         -10.959     105.423              17              36
  141         622.262    -636.278         531.122     233.328             141              38
   86         333.830     422.964          85.779     458.130              86              36
  163        1757.808    -708.794        1583.971     -95.789             163              38
  192         -65.436    -512.670        -619.534    -999.480             192              36
  234         163.945    1226.571         696.231     953.991             234              38
   97        -367.908   -1496.166         380.092   -1314.026              97              36
  174        -224.906    -671.060        -361.346     591.948             174              38
   97        1737.685     121.836         942.916    -598.251              97              36
  135       -1692.005    -518.361        -661.495    -588.051             135              38
   23        -510.086     298.984        -242.011     584.692              23              36
   63         150.801    -524.603         870.990     265.245              63              38
  137         812.213   -1520.943         418.000    -822.000             137              36
  170        -203.134    -777.814        -102.658    -426.568             170              38
   22        -210.979    -678.873        -190.572    -399.801              22              36
  148        -573.496   -1364.284         -95.470    -217.581             148              38
  254         940.067   -1193.547        -365.052    -259.014             254              36
   35         409.000     155.256          95.242    -163.417              35              38
   35        -641.075   -1079.947        -867.477    -623.538              35              36
  174        -299.569     337.270        -474.999     646.669             174              38
    0         214.497    -903.591        -524.819    -102.686              -0              36
  139         809.774    1415.322        -261.077    1236.663             139              38
   31        1305.608      13.432         607.434    -148.753              31              36
  200         304.527    1405.141        -610.601     440.439             200              38
  191          69.536    1951.581         690.744     812.648             191              36
  192          66.146    -441.124         756.198    -351.900             192              38
   31        -627.003    -721.452        -269.979    -407.585              31              36
   84         215.684      15.563          74.037     438.228              84              38
  193         412.652    -272.892         430.024    -132.720             193              36
   86         848.132    -886.152         463.420    -415.852              86              38
   39        -226.586    -811.804        -568.203    -999.015              39              36
   86        -477.419      96.417        -641.735     310.042              86              38
   77          -0.268    -303.100        -610.548    -296.803              77              36
   74        -222.639    1772.546        -706.441    1132.095              74              38
  183         -27.171     638.643         306.647     258.015             183              36
  198           8.273    1358.862        -160.068    1006.828             198              38
   21         247.770    -231.128        1249.564    -204.872              21              36
  180         110.382   -1123.066        -912.928    -371.192             180              38
  205          16.632    2291.517         387.119    1102.199             205              36
  162         929.313   -1503.099         764.598    -393.397             162              38
   22         739.016     720.328         -63.511    -555.100              22              36
  149       -1188.044     147.738        -601.786    -134.347             149              38
   23        -126.972     981.178         -23.171     353.934              23              36
   65        -587.392      26.975        -285.495    -439.556              65              38
   53       -2301.520    1517.361        -808.196     524.657              53              36
    9       -1233.603    -997.088        -132.618     390.860               9              38
   94        -819.584     982.395        -427.640     925.495              94              36
  217         291.644   -1369.380         812.873     290.360             217              38
  244        -182.069     279.579        -837.511     -17.282             244              36
  231        -610.978      38.332         294.922    1074.487             231              38
   49         698.703    -315.020        -431.401     264.800              49              36
   30        1224.912    2042.023         855.462    1777.349              30              38
  166        1008.387      19.249        1213.195    -782.289             166              36
   29       -1317.097    -253.277        -377.985      97.454              29              38
  252        -383.654    -253.090         317.498     171.154             252              36
  165         313.090   -1844.687          55.792     -66.533             165              38
   66         133.964     902.797        -768.623     164.848              66              36
  165        -534.528     695.617         162.274    1594.970             165              38
  225        2204.810     602.432         993.900     290.748             225              36
   56        -327.947     572.890         666.145     157.394              56              38
   71        -476.004    -919.165          36.047    -420.684              71              36
    4        -145.789    -289.837          58.816     747.247               4              38
  171         708.240    -193.333         442.745     -59.295             171              36
  233          28.301    -339.697         257.609     440.565             233              38
  106         450.698    -459.096         432.038    -160.441             106              36
  149         816.973   -1587.221         320.802    -398.005             149              38
  110       -1547.664     591.867       -1715.285    -345.170             110              36
  135        -343.733    1031.910         350.624    2633.262             135              38
   74        1674.592    -474.752         949.463    -916.114              74              36
   36       -1674.635    -275.451        -609.533    1124.680              36              38
  140         809.786    -418.333         146.296    -132.372             140              36
  221       -1108.535     150.873        -357.429    1745.965             221              38
  235         204.426    -847.949         -93.696    -117.794             235              36
   40        -522.657     273.960        -638.026    3240.512              40              38
   73         167.816     637.555        -123.640     685.683              73              36
  159         274.095     993.965         374.350   10029.686             159              38
