SINAL     NFT                         FFT                         NFT INVERSA     FFT INVERSA
-----     -----------------------     -----------------------     -----------     -----------
  173       32141.000       0.000       17364.248       0.000             173             119
   29        -932.278    -192.942         127.374  -10007.704              29              50
   57        -730.515   -1662.245         122.549    -107.976              57              61
  100         755.691    -701.281        -284.345   -3527.645             100              85
  110        -711.155     579.050          33.324     729.303             110              88
  238        1550.110   -1464.636         755.453   -2345.260             238             154
  166          99.592      81.058        -210.777       4.266             166             116
  211        1950.030    -501.145         737.745   -1655.947             211             141
  187        -291.084     998.876        -144.570    -537.360             187             126
    7        -343.480   -1277.462         263.062   -1666.640               7              39
  227        -254.642    -325.733        -821.970    -658.183             227             146
    2        -654.911     127.855        -334.993    -813.119               2              36
  248        -530.680    -120.023        -677.557    -287.608             248             157
   84       -1138.431     518.149        -835.668    -227.979              84              77
  177         111.500     830.202           2.369    1060.062             177             121
  249        1178.201      50.090         674.289    -641.723             249             160
   86        -163.618    1033.164        -237.464     155.834              86              76
  138         -50.130     342.600         636.023    -421.717             138             104
  159        -175.772    -452.709          66.487    -310.370             159             112
   12         423.746    -433.181         269.562    -883.682              12              41
  233        -585.685     429.450        -338.686    -397.719             233             149
   38       -1309.041    -824.940        -159.396   -1073.159              38              54
   76       -1702.432    -532.471       -1330.564     -49.477              76              71
    4        -755.955    -537.631        -300.409      85.372               4              37
   10         318.369     156.597        -886.800     748.786              10              38
   49         967.370    1680.704        1054.618     444.326              49              60
  147        -843.235   -1566.943        -426.707    -902.862             147             106
  139        -122.532     555.092        -635.182     341.882             139             105
  179        -559.177     642.111        -493.234     719.969             179             122
  250        1383.611     872.517        1003.077     834.372             250             160
   59         765.315   -1016.737         297.857   -1023.098              59              62
  235          86.893    1086.105        -665.796     247.467             235             153
   77        -310.329    1290.654         168.673      90.678              77              71
  149       -1430.712     -88.546        -514.389     -57.645             149             110
  149        -522.311     572.829        -671.998     770.769             149             107
  221         -21.039    1923.130         297.365    1492.054             221             146
  152         971.927     186.742        1316.127     596.535             152             109
  205        1424.354    -271.596        1047.583    -139.308             205             138
   14         795.933    -338.418         681.112    -772.788              14              40
   11        -755.323    -276.960        -349.597    -364.069              11              41
  177         356.488     -51.761         280.354     113.870             177             121
  188        -283.156     -86.618        -298.311    -253.291             188             129
  222         -40.648    1240.359         243.608     924.580             222             144
  238          85.132   -1182.921        1018.833    -495.476             238             154
   72         452.173   -1555.016        -422.004    -230.719              72              69
   11        1795.531     341.315         663.273     241.770              11              41
   67         843.916    -336.583        -174.944    -872.561              67              66
  204        -608.801    1656.820        -631.074     740.441             204             137
   80        1226.270     833.672         699.518     495.735              80              73
   91        -153.542    1854.522         414.440     294.194              91              81
  157         216.996   -1009.642        1306.250    -167.769             157             111
  255         936.561   -1406.369          -3.530   -1305.269             255             163
  190        -773.661     752.416        -626.091     148.959             190             128
   74         260.708     360.582         302.952     254.142              74              72
  198         144.590      98.516         242.099    -173.400             198             132
  116        -251.962      78.415          56.971      22.382             116              93
  137         497.127    -637.650         436.298    -191.224             137             101
   40         349.739     -97.114        -286.215    -329.544              40              55
  208         -37.304     500.968         211.606     204.305             208             137
    1         327.362    -896.367        -285.355    -381.700               1              36
  198        1084.940    1916.900         -32.891     768.494             198             132
   36         -59.547    1172.996         573.031     -68.631              36              53
  255          12.260     165.977         455.250     -95.367             255             160
  254        -933.196    -576.984        -473.723    -956.769             254             162
   30       -1043.046    1567.947        -761.001    1603.000              30              48
  141        1840.670     419.223        1958.800     135.081             141             106
    3        -474.676    -828.939        -139.015   -1002.253               3              34
  217        -364.877    -126.729        -174.632    -198.668             217             144
   99        -817.722     930.171        -599.528     558.374              99              82
   35         178.741     326.712        1085.402     383.694              35              53
  241        -321.976   -1217.044        -406.676    -362.455             241             153
  203        1377.628    1221.798        1010.189     940.162             203             137
  227         359.936   -1587.482         568.645   -1445.920             227             146
   71        -327.788     367.030        -769.614     257.955              71              71
   86         223.627     483.070         502.589     112.782              86              76
  130          96.771    -238.568          27.388      51.993             130             100
    2         937.100     316.745         542.877     -69.767               2              34
  100          79.074     126.401         106.938    -331.890             100              85
   94         -33.412     377.874         143.435    -374.818              94              80
  249       -1659.374      95.881        -593.079    -192.745             249             160
   48        -432.995      60.921         106.653     633.703              48              57
   50         195.424    -823.062         284.785    -235.926              50              60
  127         539.842      61.384         -95.546     279.460             127              96
  138         335.298     479.996         466.226     -11.574             138             104
   56         145.643    -612.057          45.009    -199.668              56              61
   36         133.659     624.451        -131.278    -124.127              36              53
  247        -908.970     190.798        -115.506     404.186             247             156
  121         794.842    -290.113         212.509      43.826             121              96
  101         123.755    1187.092         -21.482     694.165             101              83
  157         951.617     589.118        1175.954      62.641             157             114
  194        -671.310    -839.404         215.216    -359.804             194             130
  142        2149.281   -1275.288         855.124    -609.442             142             106
  112        -771.276     588.043        -914.789   -1063.619             112              89
   67       -1109.898     506.825        -307.438     494.432              67              69
   85        -949.306     216.354        -511.271    -330.905              85              75
   89       -1509.173      11.363        -342.701     880.080              89              80
  201         702.413    -999.263         -64.673     -55.322             201             133
  139           0.622    1477.922        -654.301    1159.288             139             105
   28         752.153    1641.405         949.531    1098.265              28              47
   75         454.730    -589.985         742.700      17.361              75              73
   38         963.543     219.556          58.219     282.680              38              52
  227        1006.564    1300.401         666.284     807.095             227             149
  218        1116.812    1082.183         869.172     309.185             218             142
  110         860.122     763.013        1425.221     257.745             110              90
  206         494.082   -1150.050         779.429   -1234.593             206             136
   20        -486.508      67.603        -279.248     362.307              20              45
  144        2313.487     362.105        1674.271     103.214             144             105
  250         331.368    -768.452         728.894   -1429.219             250             160
  116        -501.638    -864.006        -240.878    -838.117             116              91
  124        -115.414    -348.900        -124.319    -102.830             124              97
  122        1584.338     265.447         738.939    -310.283             122              94
  234        -728.613    -588.366          58.526   -1619.451             234             152
  157       -1885.687    -595.598       -1736.708    -426.199             157             111
  154        -699.438    2073.660        -222.469    1254.060             154             112
  192        -153.288    -441.428         573.861      20.651             192             129
  237         498.321    -104.900         343.879       6.175             237             154
    4         474.825    -708.433         234.864    -685.529               4              35
    1        -104.396     796.568        -412.283    -165.021               1              36
  240       -1156.795     592.191        -120.514    -117.708             240             153
  119        -665.797    -174.860         -46.054     104.857             119              95
   99        -370.600    -720.426        -131.871    -755.731              99              82
  191       -1899.460     179.212       -1488.657     291.346             191             131
  214        -111.364    1195.545        -220.033    1360.545             214             140
  176         517.443    1537.561         448.705    1009.057             176             123
  135         316.545     916.088         915.240     386.302             135             100
   18        -346.455      51.915         426.501      72.570              18              44
  128         207.237    -184.822         525.326     102.509             128              97
   19         174.993     265.621         354.281     162.106              19              45
   85         249.000      -0.053         722.000       0.000              85              36
   90         175.021    -265.718         354.279    -162.106              90              38
  121         207.167     184.722         525.326    -102.508             121              36
   83        -346.466     -52.161         426.499     -72.570              83              38
   45         316.690    -916.217         915.240    -386.300              45              36
  125         517.617   -1537.556         448.706   -1009.057             125              38
   17        -111.321   -1195.522        -220.031   -1360.546              17              36
  136       -1899.484    -179.445       -1488.657    -291.350             136              38
   66        -370.678     720.368        -131.873     755.732              66              36
    0        -665.806     174.662         -46.053    -104.857              -0              38
  120       -1156.602    -592.457        -120.514     117.708             120              36
   71        -104.117    -796.563        -412.283     165.020              71              38
  180         474.796     708.525         234.862     685.530             180              36
  182         498.306     104.923         343.880      -6.174             182              38
   73        -153.407     441.275         573.862     -20.650              73              36
   34        -699.127   -2073.793        -222.466   -1254.060              34              38
  191       -1885.688     595.374       -1736.708     426.197             191              36
  105        -728.447     588.221          58.522    1619.450             105              38
   85        1584.546    -265.206         738.938     310.284              85              36
  193        -115.423     348.891        -124.319     102.829             193              38
   65        -501.642     863.879        -240.880     838.118              65              36
  202         331.456     768.372         728.892    1429.220             202              38
  244        2313.612    -361.851        1674.271    -103.210             244              36
  249        -486.496     -67.753        -279.247    -362.308             249              38
  178         493.992    1149.970         779.428    1234.594             178              36
  191         860.332    -763.095        1425.222    -257.744             191              38
  130        1117.026   -1082.132         869.172    -309.184             130              36
  147        1006.764   -1300.262         666.286    -807.094             147              38
  135         963.516    -219.377          58.219    -282.680             135              36
  149         454.553     589.962         742.700     -17.361             149              38
  223         752.325   -1641.375         949.531   -1098.263             223              36
   84           0.758   -1477.823        -654.297   -1159.289              84              38
  189         702.081     999.457         -64.673      55.322             189              36
  228       -1509.309     -11.657        -342.699    -880.081             228              38
  162        -949.275    -216.550        -511.272     330.904             162              36
   79       -1109.736    -507.018        -307.436    -494.433              79              38
   55        -770.974    -588.095        -914.791    1063.616              55              36
  173        2149.152    1275.682         855.122     609.443             173              38
  216        -671.451     839.163         215.215     359.805             216              36
   49         951.752    -589.107        1175.954     -62.638              49              38
   60         123.942   -1187.094         -21.482    -694.165              60              36
  164         794.737     290.256         212.508     -43.826             164              38
  110        -908.970    -190.991        -115.506    -404.186             110              36
  225         133.807    -624.416        -131.279     124.127             225              38
  204         145.568     612.075          45.008     199.668             204              36
   59         335.393    -479.970         466.226      11.575              59              38
  241         539.822     -61.268         -95.546    -279.460             241              36
  201         195.205     823.062         284.785     235.928             201              38
  121        -433.075     -61.081         106.654    -633.702             121              36
  166       -1659.319     -96.232        -593.080     192.742             166              38
    4         -33.212    -377.930         143.434     374.818               4              36
  182          79.213    -126.422         106.937     331.890             182              38
  196         937.208    -316.607         542.877      69.768             196              36
  255          96.734     238.551          27.388     -51.994             255              38
  128         223.715    -483.065         502.589    -112.781             128              36
  211        -327.685    -367.036        -769.613    -257.957             211              38
   62         359.753    1587.486         568.643    1445.921              62              36
   21        1377.808   -1221.635        1010.192    -940.159              21              38
  154        -322.255    1216.942        -406.677     362.454             154              36
  208         178.746    -326.825        1085.404    -383.691             208              38
  200        -817.586    -930.355        -599.527    -558.375             200              36
  147        -364.846     126.673        -174.632     198.668             147              38
  125        -474.696     828.763        -139.017    1002.253             125              36
  120        1840.740    -419.082        1958.801    -135.074             120              38
  208       -1042.863   -1568.159        -760.999   -1603.000             208              36
   97        -933.217     576.816        -473.727     956.766              97              38
   11          12.410    -166.097         455.250      95.368              11              36
  111         -59.219   -1173.100         573.030      68.631             111              38
    6        1085.342   -1916.635         -32.890    -768.494               6              36
   80         327.218     896.514        -285.357     381.698              80              38
   80         -37.188    -500.960         211.606    -204.304              80              36
    9         349.769      97.222        -286.215     329.543               9              38
  213         497.025     637.719         436.297     191.224             213              36
   93        -251.937     -78.515          56.971     -22.382              93              38
   79         144.651     -98.540         242.099     173.400              79              36
  241         260.785    -360.573         302.953    -254.142             241              38
   26        -773.453    -752.491        -626.090    -148.960              26              36
  242         936.422    1406.538          -3.533    1305.269             242              38
  213         216.857    1009.475        1306.249     167.771             213              36
   23        -153.146   -1854.711         414.440    -294.192              23              38
   77        1226.452    -833.492         699.519    -495.734              77              36
   64        -608.472   -1656.839        -631.072    -740.444              64              38
  105         843.987     336.850        -174.946     872.560             105              36
   81        1795.586    -340.898         663.273    -241.769              81              38
  247         451.817    1555.150        -422.004     230.719             247              36
  138          84.867    1182.797        1018.831     495.477             138              38
  154         -40.479   -1240.466         243.609    -924.580             154              36
   47        -283.163      86.573        -298.312     253.291              47              38
  255         356.487      51.801         280.353    -113.870             255              36
  140        -755.305     276.797        -349.598     364.067             140              38
   84         795.993     338.474         681.110     772.789              84              36
   32        1424.315     271.704        1047.583     139.311              32              38
   62         971.845    -186.764        1316.127    -596.532              62              36
  166         -20.862   -1923.218         297.368   -1492.053             166              38
  250        -522.325    -572.882        -671.997    -770.770             250              36
  157       -1430.717      88.273        -514.388      57.646             157              38
   23        -310.002   -1290.733         168.673     -90.678              23              36
  159          87.192   -1085.985        -665.795    -247.470             159              38
   24         765.228    1016.904         297.854    1023.098              24              36
   91        1383.703    -872.317        1003.078    -834.370              91              38
  169        -559.158    -642.154        -493.232    -719.970             169              36
   92        -122.465    -554.994        -635.181    -341.884              92              38
   80        -843.452    1566.798        -426.709     902.860              80              36
    8         967.683   -1680.563        1054.619    -444.323               8              38
   25         318.298    -156.415        -886.799    -748.787              25              36
   75        -756.155     537.594        -300.409     -85.372              75              38
   81       -1702.521     532.221       -1330.564      49.473              81              36
  149       -1309.041     824.680        -159.399    1073.159             149              38
   30        -585.409    -429.586        -338.687     397.719              30              36
   38         423.835     433.242         269.560     883.683              38              38
  226        -175.729     452.599          66.486     310.370             226              36
  173         -49.938    -342.715         636.022     421.721             173              38
   40        -163.278   -1033.218        -237.464    -155.834              40              36
   36        1178.313     -49.889         674.288     641.723              36              38
   21         111.636    -830.170           2.372   -1060.063              21              36
   61       -1138.275    -518.258        -835.669     227.977              61              38
   73        -530.538     120.015        -677.558     287.607              73              36
   95        -654.683    -127.889        -334.995     813.118              95              38
  161        -254.449     325.778        -821.972     658.181             161              36
  119        -343.410    1277.381         263.059    1666.642             119              38
   97        -290.535    -998.939        -144.570     537.360              97              36
  121        1950.266     501.529         737.741    1655.947             121              38
  132          99.875     -80.982        -210.776      -4.267             132              36
  219        1550.129    1464.886         755.447    2345.261             219              38
   53        -710.729    -579.194          33.325    -729.303              53              36
  138         756.060     701.457        -284.353    3527.642             138              38
   64        -730.053    1662.042         122.549     107.976              64              36
  203        -930.611     192.615         127.350   10007.698             203              38
