SINAL     NFT                         FFT                         NFT INVERSA     FFT INVERSA
-----     -----------------------     -----------------------     -----------     -----------
  170       62610.000       0.000       33146.495       0.000             170             118
   11         741.796    -259.544         445.768  -19083.440              11              37
  232         247.534     522.183         168.652      82.553             232             149
  190         144.450    -175.365         648.250   -7109.379             190             126
  204       -2093.525    -719.721       -1080.179      -4.490             204             135
  166        2298.847     185.678        1241.102   -3267.071             166             114
   27       -1048.373    -565.607        -234.840   -1671.524              27              47
   41       -1688.124    -739.880       -1128.252   -2586.584              41              52
   11       -1240.501     460.430        -822.967     284.953              11              39
  255       -1051.822     130.502        -675.544    -623.793             255             159
  181        1953.351    1618.944        1251.050    1533.249             181             124
   17         723.966   -1258.146        1395.219   -2421.010              17              40
  101         270.006   -1059.393        -442.606     -98.613             101              84
  161        1882.825      10.130         878.912   -1226.133             161             112
  156         274.424     543.250        -354.266    -401.800             156             111
  131        -326.466     684.975         534.375    -314.337             131              97
    0        2259.175   -1363.680         910.695    -459.704               0              33
   25        1315.422     905.471         292.386   -1556.471              25              44
  199        -955.523     151.827        -381.475    -541.089             199             133
   67          -5.942     658.450        -361.227     -89.030              67              65
   34        1846.242    1838.976        1228.136     516.948              34              50
  214        -411.081    -101.037         753.159   -1693.814             214             138
   71          -8.578    -520.737        -127.699    -390.968              71              69
  213        -419.215     947.792         132.774    -850.085             213             138
  217        -649.943    -421.958         114.283      48.212             217             142
  220         997.208     396.582         649.916    -585.322             220             141
   10         173.844    -332.563         797.308    -792.677              10              38
  179        -561.759    -832.921        -462.359   -1595.563             179             121
   61        -981.398    1054.459        -246.199     100.677              61              64
  186       -2149.842    -598.040        -467.106    -871.773             186             124
   20        -171.234      88.862         237.516    1363.629              20              43
   14        2065.405   -1478.039        1766.361   -1705.777              14              38
  186       -1861.667   -1334.453       -1442.844   -1050.040             186             126
  232         403.254     456.068         -14.184     719.513             232             147
  171        1675.715     194.044        1236.226    -297.569             171             119
  234        -498.806   -1233.495         -98.170   -1763.678             234             148
  211        -677.316      42.510        -667.851     -19.578             211             139
  201        -716.563    -414.064        -312.282    -831.896             201             132
   28        -803.627     954.232        -744.661     900.894              28              47
   60        -207.553     -76.982         863.007    -485.832              60              61
   89       -1449.178   -1490.211       -1262.143     123.358              89              78
   75        1702.279    1555.458         598.284    1351.327              75              69
  190        1117.398     485.583        1089.926     401.194             190             128
  194        1779.721     376.384        1281.769    -128.929             194             128
  207         715.639     157.584        1148.879    -288.551             207             137
  183         853.786   -1068.068        1310.808   -1122.866             183             123
  161          63.804   -1953.184         334.625   -1000.697             161             114
   30        2072.601   -1010.159         912.586    -939.818              30              46
  233         152.900   -1644.984         320.816   -1775.456             233             150
  222         705.078   -1346.984        -730.300   -1143.341             222             142
  151         368.208    1291.583         254.846    -356.406             151             109
   72        -328.657   -1725.073        -151.804   -1862.095              72              67
   35       -1627.976     422.056       -1150.924    -495.247              35              51
  167        -692.756   -1653.806        -550.417    -700.079             167             115
  137         105.541    1310.904        -945.058     251.217             137             102
   81        -471.921     404.537          36.644    -249.549              81              72
  100       -1004.148    1512.379        -714.251     179.960             100              83
   11       -1965.569      19.665         240.296     227.194              11              37
  205         213.166   -1328.988         242.605     179.288             205             136
  106        1139.580   -1155.099         505.631    -668.510             106              84
  235         209.566     386.620        -195.089     112.096             235             151
   14        1249.677   -1134.108        1015.650    -744.145              14              38
  149         276.505     225.266        -490.849    -621.962             149             108
  171         505.647    -570.941        1001.946    -616.362             171             117
   17         201.791   -1294.329        -528.800   -1971.032              17              42
   32       -2309.152    -477.562       -1377.545    -994.188              32              47
  160       -2009.599     897.589       -1963.129     475.224             160             113
  148       -1284.136    1056.240         503.709    1449.579             148             105
   75        1607.988   -2545.417         641.998    -988.570              75              71
  119        -795.474     357.363        -939.898    -303.435             119              91
   61         264.980    -734.922         200.057     324.173              61              64
  106        1075.571    -689.837        -395.862    -833.143             106              84
   34        -438.181    2287.112        -465.711     977.830              34              50
  225         149.227   -1271.869        1049.897    -716.067             225             144
   84         444.679    -866.809        -884.269    -216.096              84              75
   41        1771.492     557.397         948.826    -350.160              41              52
  194        -493.833    -180.767        -978.976   -1185.219             194             130
   54        -979.780    1247.817        -352.851     -28.996              54              58
   99       -1731.741    -280.468        -828.394    -236.241              99              83
   32         272.830    -343.360         191.648    -143.039              32              47
  127       -1553.159    -202.212       -1356.073    -803.677             127              97
  244       -1408.290     415.873        -704.115     697.928             244             153
   38       -1085.888      48.994       -1042.807     265.724              38              52
  140        -123.003    1000.992         121.093    1637.068             140             101
  118        1608.191    -484.708         968.674     -17.843             118              92
  170         960.302    -791.282         374.185    -536.248             170             116
  164         434.216    -322.772        -430.572    -556.943             164             115
   10         594.939     -91.226        -135.881    -406.371              10              36
   94       -1195.161     950.863       -1468.380    -231.097              94              80
   70        -102.327     782.576         104.047    1116.249              70              66
  224         740.625     420.332        -327.771    -517.492             224             145
  210        -518.243     933.917         -57.596     708.531             210             136
   64         989.861     -18.508        -422.568    -921.528              64              65
  237       -2238.687    2693.536       -1261.357    1091.874             237             150
    2          83.753     877.205         302.833     788.685               2              34
   85         363.258    1269.726         432.520     550.937              85              74
  208         179.551     609.909         536.378    -660.861             208             137
  254       -2464.659    -530.190        -890.423    -668.392             254             158
  185       -1306.819     551.144       -1293.519     593.207             185             126
  228        -864.540     967.016          96.760     851.300             228             145
   77        -907.155     275.023        -944.903      20.395              77              72
  201       -2309.731    1423.165        -286.222    1533.346             201             132
  187         109.187   -1484.918        -418.898     636.530             187             127
  174        1698.906    2414.896         708.706    2011.448             174             118
  161         622.772      -9.173         380.509    -433.009             161             114
  210        -837.281    2712.354         -43.596    2260.721             210             136
  204        1746.951   -1175.014        1792.910      25.106             204             135
    5        1727.862    1262.101         643.610    1106.225               5              34
  234        2014.502    -981.477        1961.010   -1441.438             234             150
   46       -1205.985     309.821       -1566.413     300.159              46              54
   94        2342.784    1296.857        1940.131     726.905              94              80
   15        -142.135    -239.783        -488.988    -842.973              15              39
   14        -240.959    2604.639         351.592    1297.660              14              40
  238         634.153    -166.578        1355.627     686.528             238             150
   21        3025.178     222.323        1968.135    -705.393              21              44
   34       -1245.552    -468.128         343.936    -952.332              34              48
  185        1355.626   -1989.300        1002.100   -1084.183             185             126
   51        -227.470    -957.654        -789.439   -1166.497              51              57
  113         811.269     688.702          15.987    -322.766             113              90
  132       -1658.476     983.054       -1036.244    -278.969             132              97
  173        -412.724    1639.643         323.394     598.567             173             120
  252       -2203.549    -169.671        -241.201     -54.862             252             157
   26         702.375    -668.621         835.999     342.680              26              46
  188        -297.925    -892.662        -144.859    -549.597             188             125
  184         867.106      74.408         617.921     150.029             184             125
   15        -705.415   -1169.362        -558.468    -419.901              15              39
    1        3106.787    1788.829        1362.258    1095.513               1              34
   46        -563.752   -1261.387         925.896   -2201.335              46              54
  159         491.020   -1340.912        -841.000    -457.000             159             113
    6        -236.513    1663.562          -2.802    -745.399               6              34
  229       -1711.971   -1007.644        -669.153    -649.187             229             148
  155       -1423.720     722.419       -1286.522      24.925             155             109
   55         157.826    1051.361         697.074    1137.694              55              61
   45         -31.843   -1228.616         291.736   -2017.485              45              54
  177       -2910.316    -306.956       -1802.685     -47.454             177             122
  220       -1162.596    -269.792       -1027.856     -90.310             220             141
   90       -1761.804    1757.464       -1375.671    2062.005              90              78
    9        2219.856     607.635        1923.974     540.181               9              36
  171       -1686.488   -1051.663       -1248.722   -1136.880             171             119
   95        -191.027    2085.092        -891.021    1978.723              95              79
   43         543.277    2620.063        1349.156    1126.537              43              55
   70          68.019   -1195.379        1054.038    -632.063              70              66
   10       -1035.259    -326.208        -639.834    -804.251              10              38
  181       -1838.867     -31.494       -1036.011     857.737             181             122
   30        1064.964    1905.415         554.586    1404.050              30              48
  164        -294.797     323.542         959.244     108.035             164             113
  119        -434.466    -109.412         456.964     148.790             119              93
  114         156.593   -2173.703         753.027    -277.377             114              88
   25        1927.183     -52.234          94.462    -349.412              25              46
  253        -930.497     285.035         474.956    -365.113             253             158
  114        -345.956   -1994.971        -461.532   -1108.054             114              90
  236       -1392.559    -135.436       -1308.545     256.902             236             149
   56         627.016    1319.756        -352.970     845.883              56              61
  201       -1877.181    1299.577        -100.622    1065.988             201             132
  250        2490.487   -1247.363        1288.993     548.162             250             158
   13         749.587     747.198         -83.112    -759.659              13              38
   24        -182.351    1516.194         172.262     826.695              24              45
  196        -859.474    -121.769         538.049    -893.874             196             129
   14       -1809.792   -1361.718       -1005.381     183.295              14              40
  193        1061.985     353.034          22.182     591.523             193             128
  100         112.119    1645.413         203.697     690.228             100              83
  127        -641.225    -414.365         578.498    -335.917             127              95
  168        -944.785    -634.520        -738.807     200.291             168             117
  124         131.732    -276.195         200.524     664.456             124              93
   77        1862.455      49.853          34.031     552.271              77              72
  104         939.569    2217.438         451.074     302.456             104              83
   46        -919.453    1419.568         -29.583     678.633              46              56
  245        -112.207     268.271         913.669      96.402             245             154
   44       -1033.848    -153.663        -841.571     540.828              44              55
  143        1999.369    2088.159        1736.432    1744.487             143             103
  139         937.710    -305.272        1080.697    -919.165             139             103
   84        -395.632    1580.239         801.079     684.559              84              73
  142         -35.745   -2170.254        1470.774   -1288.826             142             104
   37        -368.346   -1470.047        -436.980    -525.681              37              50
   71         574.791    -216.233         562.875    -288.171              71              69
  152       -1153.241    -520.175        -329.839    -266.989             152             107
   90         857.429    -677.512         842.240     377.214              90              78
  155        1253.663   -1307.761         735.102   -1258.945             155             109
   47        -545.533    -585.007        -706.583    -853.293              47              57
  141       -1213.069    1078.308        -447.633     129.898             141             102
   38       -1767.147   -1162.951          94.515      49.038              38              52
  151        1089.141   -1740.988         225.206    -169.120             151             107
  255         328.706    -841.552         192.485    -756.961             255             161
  230          82.978   -1592.861        -808.731    -832.159             230             146
  126        -826.782     756.671       -1153.421     -62.492             126              96
  228        -795.533     849.612       -1095.158     959.712             228             145
  149         153.357    2411.660         753.518     975.893             149             108
   86       -1443.847   -2432.725        -348.967   -1031.919              86              74
   68        -671.876    1857.095       -1469.376    1238.056              68              67
   37       -1204.665     715.999         534.718    1319.300              37              50
  246        1818.577    -501.765         645.276     627.066             246             156
   95         656.756     557.616         468.364    -374.818              95              79
   33       -1889.939    1363.306        -827.200     710.968              33              50
  114        -754.643    -328.369        1161.889    1087.017             114              88
  192        1227.950   -2661.412         415.147    -563.510             192             129
  249         577.694     190.967        -241.591     626.484             249             156
  173        1899.037     -15.051        1196.468     614.749             173             120
  226        1812.139   -1531.885         591.046   -1367.620             226             144
  217        -876.923    1109.252       -1413.797     213.681             217             142
  152         827.626     770.856         806.288     949.356             152             107
  204         580.066       6.406         -89.463    -899.891             204             135
   74       -2495.120     827.716       -1529.167     645.491              74              68
  234         386.736    2481.886          46.405    2770.883             234             150
  172        2917.715     988.152        2940.337     721.912             172             117
  101         450.124    -835.310         700.024   -1228.827             101              84
  154         271.687   -1154.160         696.450    -734.322             154             108
  163       -1986.228    -554.131       -1772.458   -1085.540             163             115
   61       -1787.720    1074.530        -529.426    2605.581              61              62
   31        3315.088    -133.921        1625.358     543.183              31              49
  242         773.720     149.563        1071.661     131.347             242             152
   28        1904.478   -1389.879         357.400   -1010.686              28              47
   70        -268.407    2092.417        -287.727     748.183              70              66
  247         638.536     113.825         981.922    -135.184             247             157
  175        -559.114    -135.599         116.967     -78.505             175             119
  162          84.230    -851.668          31.179    -405.359             162             114
    6         -62.596     388.341         -97.474     967.268               6              34
   33        2099.393    -425.375        1056.138    -657.045              33              50
  133       -1448.013     581.030        -997.717     293.498             133              98
  184        1621.288     132.307         875.174      93.580             184             125
  117       -1999.087     941.157       -1661.555     393.205             117              90
  125        1734.975    2945.838        1400.379    2426.966             125              96
   10        -380.061     -84.409         955.306    -373.979              10              36
   60        1739.487     914.897        1173.325    1370.671              60              63
  174         837.483    -312.247        2042.271   -1084.451             174             118
  139        -105.979   -2271.056          58.771    -870.949             139             103
   80         203.398    -384.779         -31.931    -403.887              80              71
  128         598.255     388.725          67.213     497.683             128              97
  157        -148.787     599.996         734.862    -142.050             157             110
  169         134.455   -1109.405         209.745     281.988             169             118
   31        1718.833     606.027        1137.293    -158.573              31              47
  105       -1045.164    -532.529         137.165    -478.516             105              86
    2          21.141   -1197.697         564.104     132.058               2              32
  204        2092.857   -1452.893         851.252    -258.987             204             135
  194        1495.457    -600.761         948.418   -1225.187             194             128
  101        -798.158   -2219.856       -1048.807   -1413.600             101              84
  208         484.857    1117.575        -948.896     602.557             208             135
   80          89.378    1725.539         -33.876     691.757              80              73
  153         720.564    1539.728        1044.026     611.176             153             108
   55        -534.873   -1249.915         505.681   -1339.034              55              61
  250       -1101.109     -73.177       -1119.922     228.801             250             156
    8        -215.499    1058.884         582.786     528.433               8              37
   22        -958.991   -1711.762        -160.267    -193.490              22              42
  220        1291.240     303.320         -42.123     511.867             220             143
   60        -655.591    1086.899          69.510     642.415              60              61
   95        1264.013      -6.153         924.319     735.973              95              81
   21         362.887     365.483         672.010    -130.790              21              42
  129         317.317    -528.426         544.874     506.749             129              98
  238        1824.250     410.541        1368.436     259.475             238             150
   70        1126.037   -1430.337        1756.974    -836.899              70              68
    6         923.579   -3149.570         141.789   -2113.407               6              34
   41        -177.604      94.341       -1090.103     -81.533              41              54
  242         980.865     370.635         849.784      18.096             242             152
  248        -491.921   -1591.988        -333.296   -1357.262             248             157
   75        -406.597    -261.957        -998.162     408.669              75              69
   46        1880.647     862.370         676.339     415.396              46              56
   24         -19.722     195.665         106.433   -1003.561              24              43
  245       -2192.000      -0.368       -1136.000       0.000             245              37
   69         -19.281    -195.665         106.424    1003.562              69              34
   16        1881.007    -861.569         676.340    -415.395              16              37
   67        -406.788     262.142        -998.162    -408.672              67              34
   79        -492.297    1591.907        -333.299    1357.260              79              37
  221         981.134    -370.298         849.783     -18.093             221              34
   62        -177.439     -94.074       -1090.103      81.530              62              37
  230         922.731    3149.954         141.782    2113.408             230              34
  102        1125.669    1430.281        1756.973     836.902             102              37
   90        1824.274    -410.287        1368.436    -259.472              90              34
  195         316.921     528.269         544.876    -506.747             195              37
   10         362.910    -365.627         672.010     130.790              10              34
   40        1263.785       6.346         924.321    -735.972              40              37
   93        -655.415   -1087.223          69.510    -642.415              93              34
   89        1291.122    -302.761         -42.121    -511.866              89              37
   11        -959.837    1711.314        -160.266     193.489              11              34
  213        -215.265   -1059.173         582.787    -528.434             213              37
  255       -1101.134      72.809       -1119.922    -228.805             255              34
   60        -535.072    1249.462         505.678    1339.036              60              37
    7         721.248   -1539.811        1044.029    -611.174               7              34
   15          90.034   -1725.422         -33.874    -691.758              15              37
  198         485.278   -1116.933        -948.895    -602.561             198              34
   31        -798.686    2219.914       -1048.810    1413.597              31              37
    8        1495.544     601.291         948.415    1225.187               8              34
  147        2092.251    1453.556         851.251     258.988             147              37
  164          20.451    1197.458         564.106    -132.058             164              34
   48       -1045.284     531.827         137.163     478.515              48              37
  212        1719.092    -605.650        1137.293     158.576             212              34
  165         133.929    1109.235         209.746    -281.989             165              37
   84        -148.602    -600.320         734.861     142.052              84              34
  172         598.392    -388.577          67.215    -497.684             172              37
   83         203.233     384.894         -31.933     403.886              83              34
  200        -106.661    2270.749          58.770     870.950             200              37
   42         837.508     311.919        2042.267    1084.455              42              34
   57        1739.663    -914.789        1173.328   -1370.668              57              37
  148        -380.236      83.780         955.303     373.981             148              34
  136        1735.708   -2945.530        1400.384   -2426.964             136              37
  125       -1998.889    -941.693       -1661.555    -393.211             125              34
  172        1621.331    -131.694         875.175     -93.578             172              37
   78       -1447.783    -581.446        -997.717    -293.503              78              34
  255        2099.299     426.107        1056.135     657.048             255              37
  179         -62.672    -388.352         -97.472    -967.270             179              34
   54          83.836     851.648          31.177     405.359              54              37
   26        -559.127     135.198         116.967      78.505              26              34
  242         638.659    -113.885         981.922     135.186             242              37
  114        -267.544   -2092.463        -287.725    -748.186             114              34
  219        1904.117    1390.621         357.396    1010.687             219              37
  173         773.726    -149.450        1071.662    -131.345             173              34
  115        3314.554     134.878        1625.358    -543.182             115              37
  219       -1788.015   -1075.142        -529.420   -2605.582             219              34
  106       -1986.408     553.565       -1772.461    1085.535             106              37
  127         271.546    1154.110         696.448     734.324             127              34
   74         450.069     835.013         700.021    1228.829              74              37
  160        2917.893    -987.695        2940.338    -721.904             160              34
  164         386.976   -2481.892          46.411   -2770.883             164              37
  185       -2494.991    -828.376       -1529.165    -645.496             185              34
  177         580.258      -6.129         -89.467     899.891             177              37
  245         827.832    -770.529         806.290    -949.353             245              34
    7        -876.455   -1109.242       -1413.796    -213.684               7              37
   68        1811.784    1532.704         591.043    1367.622              68              34
   42        1898.803      15.678        1196.469    -614.748              42              37
  184         577.394    -190.586        -241.590    -626.485             184              34
   94        1226.569    2661.741         415.145     563.511              94              37
  122        -755.299     327.621        1161.893   -1087.014             122              34
  125       -1889.597   -1364.219        -827.199    -710.968             125              37
   28         657.023    -557.406         468.361     374.819              28              34
  129        1818.047     502.264         645.278    -627.063             129              37
  163       -1204.907    -716.603         534.720   -1319.299             163              34
  210        -671.520   -1857.144       -1469.374   -1238.060             210              37
  238       -1444.741    2432.189        -348.971    1031.919             238              34
  104         154.127   -2411.804         753.521    -975.891             104              37
  138        -795.345    -849.626       -1095.155    -959.716             138              34
  199        -826.465    -756.507       -1153.422      62.489             199              37
  164          82.553    1593.249        -808.734     832.157             164              34
  105         328.444     841.806         192.483     756.962             105              37
   48        1088.295    1741.333         225.206     169.120              48              34
  234       -1767.783    1162.056          94.514     -49.037             234              37
  101       -1212.583   -1078.851        -447.632    -129.899             101              34
   32        -545.418     584.931        -706.585     853.292              32              37
  110        1253.404    1308.120         735.100    1258.947             110              34
   43         857.043     677.603         842.239    -377.213              43              37
  110       -1153.475     519.589        -329.839     266.987             110              34
  102         574.759     216.306         562.875     288.172             102              37
   15        -368.858    1469.755        -436.980     525.679              15              34
  162         -36.422    2169.617        1470.772    1288.828             162              37
   42        -394.948   -1580.993         801.081    -684.559              42              34
   36         937.786     305.128        1080.695     919.168              36              37
   11        1999.852   -2087.803        1736.438   -1744.484              11              34
   66       -1034.185     153.173        -841.571    -540.829              66              37
  157        -112.183    -268.653         913.669     -96.400             157              34
  233        -918.873   -1420.176         -29.583    -678.634             233              37
   96         940.498   -2217.055         451.075    -302.454              96              34
  131        1862.297     -48.984          34.032    -552.272             131              37
  193         131.225     276.339         200.525    -664.455             193              34
   74        -945.250     634.142        -738.807    -200.294              74              37
  119        -641.396     413.874         578.497     335.919             119              34
    6         112.685   -1645.504         203.697    -690.227               6              37
  244        1061.848    -352.512          22.183    -591.523             244              34
  129       -1810.466    1361.063       -1005.381    -183.297             129              37
   87        -859.381     121.137         538.046     893.875              87              34
  163        -181.614   -1516.430         172.264    -826.694             163              37
  170         750.033    -746.823         -83.115     759.658             170              34
   77        2489.781    1248.111        1288.994    -548.158              77              37
  134       -1877.072   -1300.400        -100.619   -1065.989             134              34
  195         627.319   -1319.378        -352.969    -845.884             195              37
   65       -1392.740     135.309       -1308.544    -256.905              65              34
  247        -346.573    1994.873        -461.535    1108.053             247              37
   94        -930.187    -285.508         474.957     365.114              94              34
  166        1927.228      52.933          94.461     349.411             166              37
    1         155.605    2173.560         753.025     277.379               1              34
    5        -434.678     108.779         456.964    -148.789               5              37
  136        -294.746    -324.093         959.244    -108.032             136              34
   62        1065.330   -1905.232         554.588   -1404.049              62              37
  103       -1839.144      30.912       -1036.010    -857.740             103              34
   60       -1035.278     325.762        -639.836     804.248              60              37
   30          67.737    1194.937        1054.036     632.065              30              34
    1         544.084   -2620.294        1349.158   -1126.535               1              37
  247        -190.547   -2084.973        -891.017   -1978.725             247              34
   17       -1686.784    1051.213       -1248.726    1136.877              17              37
    7        2219.904    -607.058        1923.975    -540.175               7              34
  114       -1761.635   -1757.942       -1375.668   -2062.007             114              37
  235       -1162.873     269.657       -1027.857      90.309             235              34
   74       -2910.260     306.105       -1802.683      47.450              74              37
   62         -31.894    1228.472         291.730    2017.486              62              34
   92         158.238   -1051.489         697.075   -1137.692              92              37
  124       -1423.437    -722.792       -1286.521     -24.927             124              34
  107       -1711.956    1007.043        -669.153     649.184             107              37
  238        -235.451   -1663.567          -2.803     745.402             238              34
   88         490.939    1341.264        -841.000     457.000              88              37
   30        -563.708    1260.953         925.888    2201.334              30              34
   49        3107.543   -1787.869        1362.261   -1095.510              49              37
  202        -705.913    1169.197        -558.471     419.898             202              34
  169         867.127     -74.186         617.921    -150.027             169              37
  141        -298.290     892.467        -144.861     549.595             141              34
  155         701.964     668.573         836.000    -342.678             155              37
  245       -2203.666     168.507        -241.202      54.861             245              34
    0        -411.979   -1640.049         323.395    -598.566              -0              37
  181       -1657.772    -983.577       -1036.244     278.965             181              34
  172         811.934    -688.216          15.987     322.766             172              37
   24        -227.444     957.788        -789.442    1166.493              24              34
  133        1355.187    1989.589        1002.097    1084.185             133              37
  229       -1245.332     467.268         343.934     952.331             229              34
   60        3025.544    -221.720        1968.133     705.397              60              37
  210         633.960     166.293        1355.629    -686.525             210              34
  171        -240.080   -2604.964         351.594   -1297.660             171              37
   46        -141.956     239.680        -488.990     842.970              46              34
  152        2343.253   -1296.167        1940.132    -726.901             152              37
  195       -1205.813    -310.158       -1566.412    -300.165             195              34
   57        2014.402     981.979        1961.006    1441.441              57              37
   84        1728.176   -1261.716         643.613   -1106.225              84              34
   63        1746.155    1175.275        1792.908     -25.103              63              37
  116        -836.701   -2712.903         -43.590   -2260.722             116              34
  138         622.665       9.313         380.508     433.010             138              37
  251        1699.320   -2414.237         708.712   -2011.447             251              34
   68         107.993    1484.997        -418.897    -636.532              68              37
   72       -2309.689   -1424.100        -286.219   -1533.346              72              34
  209        -907.192    -275.359        -944.904     -20.397             209              37
   80        -864.364    -967.332          96.762    -851.299              80              34
   20       -1306.750    -551.505       -1293.518    -593.210              20              37
  216       -2464.611     529.287        -890.425     668.390             216              34
  227         180.136    -610.094         536.377     660.862             227              37
  204         363.812   -1269.753         432.521    -550.937             204              34
  149          83.972    -877.295         302.834    -788.683             149              37
  137       -2237.593   -2694.134       -1261.354   -1091.878             137              34
    7         990.156      19.127        -422.571     921.527               7              37
   72        -517.773    -933.926         -57.593    -708.530              72              34
  136         740.889    -419.898        -327.773     517.492             136              37
  128        -102.090    -782.427         104.051   -1116.247             128              34
  102       -1194.658    -950.942       -1468.381     231.095             102              37
  168         595.196      91.792        -135.881     406.371             168              34
  170         434.283     323.195        -430.573     556.942             170              37
  117         960.131     791.735         374.184     536.249             117              34
  194        1607.819     485.180         968.673      17.843             194              37
  185        -123.081   -1001.020         121.097   -1637.067             185              34
   68       -1086.161     -49.218       -1042.807    -265.727              68              37
  177       -1408.238    -416.187        -704.113    -697.929             177              34
   16       -1553.059     201.869       -1356.074     803.675              16              37
  133         272.833     343.534         191.647     143.041             133              34
  222       -1731.715     279.841        -828.395     236.239             222              37
    9        -978.970   -1248.065        -352.850      28.996               9              34
  201        -493.350     180.805        -978.979    1185.216             201              37
  211        1772.019    -556.565         948.825     350.164             211              34
  137         444.434     867.194        -884.270     216.093             137              37
  188         148.837    1271.793        1049.894     716.071             188              34
   29        -437.261   -2287.187        -465.709    -977.830              29              37
   20        1075.443     690.566        -395.864     833.143              20              34
  152         264.637     735.149         200.059    -324.172             152              37
   19        -795.305    -357.403        -939.898     303.433              19              34
   87        1607.011    2545.930         641.995     988.571              87              37
   88       -1284.110   -1056.884         503.714   -1449.575              88              34
  199       -2009.305    -898.074       -1963.126    -475.229             199              37
  148       -2308.871     477.096       -1377.546     994.188             148              34
  104         201.950    1294.510        -528.801    1971.032             104              37
   94         505.849     571.052        1001.944     616.361              94              34
  116         276.914    -225.128        -490.851     621.961             116              37
  246        1249.486    1134.538        1015.649     744.147             246              34
  105         209.776    -386.528        -195.089    -112.098             105              37
  222        1139.159    1155.548         505.629     668.511             222              34
   33         212.446    1328.841         242.606    -179.287              33              37
  185       -1965.642     -20.695         240.297    -227.193             185              34
   97       -1003.398   -1512.849        -714.251    -179.960              97              37
   59        -471.485    -404.616          36.644     249.550              59              34
   34         106.186   -1310.564        -945.056    -251.219              34              37
  125        -693.168    1653.824        -550.417     700.076             125              34
  153       -1627.453    -422.464       -1150.926     495.243             153              37
   55        -328.638    1725.004        -151.809    1862.095              55              34
  164         369.196   -1291.349         254.846     356.407             164              37
  210         705.071    1347.542        -730.301    1143.339             210              34
  141         152.827    1645.095         320.814    1775.456             141              37
  125        2072.571    1010.811         912.585     939.818             125              34
   28          63.326    1953.004         334.623    1000.697              28              37
   72         853.702    1067.903        1310.807    1122.869              72              34
  253         715.958    -157.782        1148.878     288.552             253              37
   92        1779.985    -376.094        1281.768     128.931              92              34
  160        1117.513    -485.436        1089.926    -401.192             160              37
  225        1702.483   -1554.811         598.287   -1351.325             225              34
  140       -1449.944    1489.794       -1262.143    -123.359             140              37
   97        -207.589      76.698         863.005     485.836              97              34
    7        -803.274    -954.531        -744.658    -900.896               7              37
  158        -716.539     413.896        -312.284     831.896             158              34
  121        -677.025     -42.674        -667.851      19.576             121              37
  155        -498.774    1233.276         -98.175    1763.679             155              34
  243        1676.052    -193.633        1236.227     297.573             243              37
  193         403.340    -455.849         -14.181    -719.511             193              34
   54       -1861.863    1333.912       -1442.846    1050.038              54              37
  210        2065.133    1478.497        1766.355    1705.778             210              34
   89        -171.390     -89.213         237.519   -1363.627              89              37
  252       -2149.942     597.033        -467.108     871.770             252              34
  221        -980.605   -1054.949        -246.199    -100.678             221              37
   55        -561.505     832.654        -462.364    1595.560              55              34
   72         174.276     332.360         797.305     792.679              72              37
   61         997.674    -396.460         649.915     585.325              61              34
  202        -649.807     421.507         114.283     -48.211             202              37
  168        -418.439    -948.106         132.772     850.085             168              34
  124          -8.242     520.595        -127.700     390.968             124              37
   14        -410.468     100.543         753.156    1693.815              14              34
  105        1847.364   -1838.552        1228.137    -516.947             105              37
   80          -5.425    -658.383        -361.227      89.029              80              34
   72        -954.850    -152.115        -381.477     541.087              72              37
   49        1316.485    -904.890         292.382    1556.474              49              34
   62        2259.090    1364.454         910.695     459.704              62              37
   29        -325.930    -685.220         534.374     314.334              29              34
  104         275.202    -543.094        -354.266     401.798             104              37
  184        1883.292      -9.339         878.909    1226.134             184              34
  131         270.015    1059.534        -442.607      98.610             131              37
   82         724.037    1258.090        1395.211    2421.012              82              34
  179        1954.125   -1618.507        1251.053   -1533.247             179              37
  100       -1051.598    -130.809        -675.547     623.792             100              34
  167       -1239.791    -460.744        -822.967    -284.953             167              37
  135       -1687.416     739.397       -1128.259    2586.578             135              34
  155       -1047.119     565.168        -234.843    1671.524             155              37
  157        2300.239    -184.974        1241.094    3267.072             157              34
   70       -2092.191     718.936       -1080.180       4.488              70              37
   29         146.848     175.212         648.232    7109.376              29              34
  209         251.193    -522.212         168.653     -82.553             209              37
  113         748.415     259.729         445.718   19083.429             113              34
