SINAL     NFT                         FFT                         NFT INVERSA     FFT INVERSA
-----     -----------------------     -----------------------     -----------     -----------
  164       66111.000       0.000       36157.495       0.000             164             118
  178         445.259   -2212.170        -403.439  -21379.656             178             123
   14        -892.567    1708.723        -778.050     442.741              14              43
  146        -722.567    -339.355         248.561   -6892.800             146             107
   90       -1266.738    -533.546        -843.445    -236.198              90              81
  147        -363.914      86.995        -405.752   -3609.825             147             108
   93        -988.466     656.142        -608.761     254.453              93              83
  161        -926.947     362.742        -318.488   -1952.649             161             115
   11          68.073     360.460          78.939     519.562              11              42
  187        -538.121     568.917        -266.642   -1236.782             187             128
  113        1535.998    1356.134        1234.338    1328.128             113              93
  140        1088.861    -329.190        1488.100   -2376.281             140             104
   88        -260.264    -599.888         278.722    -862.548              88              80
  144       -2165.155   -1214.184        -630.034   -1981.818             144             106
   59         684.759    -676.464         238.624    1129.162              59              66
  112        2060.194   -1316.698        1452.244   -2380.199             112              90
   90        -118.410   -1813.041        -969.524   -1046.661              90              81
  132         896.902     814.326        -381.111   -1279.471             132             100
  194       -1520.277    1101.420       -1029.929    -246.753             194             133
   71       -2615.515     720.297       -1128.609    -279.265              71              70
   72        -110.027     753.432        -203.643    1923.368              72              72
  246        1674.312     946.529        1565.444    -322.978             246             157
   25         398.163    -769.041         254.232    -155.749              25              49
  187         635.890    1324.845         572.390    -852.312             187             128
   79       -2136.626    -539.878        -230.776     252.929              79              76
  152        1475.986    -776.218        1065.138    -444.078             152             110
   36          49.664   -1035.350          16.051    -135.867              36              54
   46        3233.052     155.914        1701.497    -624.207              46              57
  179       -1140.431   -1023.474        -403.686   -2199.472             179             126
  212       -1857.656     348.107        -847.651     220.708             212             140
   73         145.325   -2103.620         735.841    -727.700              73              73
  120         111.850   -1368.266       -1156.510    -900.579             120              94
    8         245.373    1105.411           5.681     625.032               8              40
    7        -379.720   -1082.276        -141.044    -963.592               7              38
   31        -608.398     -77.253       -1034.727     839.461              31              52
   57        2349.773     642.099        1288.653     653.186              57              63
  244        1165.863   -1270.330         290.109   -1179.640             244             158
  251         362.175     961.763        -547.611     212.318             251             160
  132        1020.608    -232.928         459.061     -76.089             132             102
  206        1615.047    1746.453        -261.959     251.984             206             137
  197         -58.145    2077.820        1138.701     104.566             197             135
  227        -589.335   -1084.438         -60.302    -622.337             227             148
  144         616.125     607.693         875.118     108.098             144             108
  190        -285.431   -2510.693         212.403   -1170.870             190             129
  177        2281.971   -1144.575         274.895    -560.043             177             125
  173          34.293    -816.291        -990.642   -1569.986             173             121
  100          94.796    1746.341       -1413.221    1056.780             100              86
  217        1181.652    2327.887         629.998     560.214             217             143
  185         381.749     968.892        -117.073    -183.944             185             129
  239        -464.654    2833.406         -71.100     653.845             239             154
   56        -683.682     268.006         679.277    -126.573              56              64
  162        -957.024     348.378        -840.632     473.884             162             115
  110        2496.768    1772.900        1861.061    1461.647             110              91
  163        1307.376       4.967        1044.811   -1578.596             163             116
  150        -786.588    1240.477         120.691      97.323             150             111
  126        -294.040    -305.596         697.251    -850.285             126              97
  164        -621.702    -507.086         117.395    -471.059             164             118
   32        -903.427    -490.663        -455.463    -680.347              32              50
   58        -327.995     974.008         486.287    1140.386              58              65
  214        1489.180   -2615.676        1623.186   -1680.794             214             141
  108          11.300   -1330.248        -968.587   -1173.005             108              90
  225        -108.529    -319.073        -373.453    -850.258             225             147
  177       -1262.396     436.463       -1696.605     -20.906             177             125
   99        -560.252    1657.602        -215.342    1143.740              99              84
  135        1200.752     494.846         389.660     513.599             135             104
   38         350.204    1299.053         396.050    -305.510              38              53
  182       -1133.917     646.147        -711.136     493.684             182             127
    9        1031.381    1989.183        1274.200     964.781               9              39
  146        -105.776   -1138.527         556.242    -883.129             146             109
  180         737.466     721.164         305.817     391.487             180             124
  233        1377.004    -509.552        1022.328    -975.153             233             153
  108        -549.119    1114.946        -674.051    -786.176             108              88
  104       -2010.802    1158.528        -372.688     194.130             104              88
  120        -868.405     974.952         231.191     660.518             120              94
  210          -8.060    -845.145        1125.931    -482.538             210             141
  175        -656.514    -502.945        -277.053    -605.397             175             122
   96        -469.569    -790.762         682.156    -342.054              96              84
  158        -439.311   -1773.208        -521.971   -1380.118             158             113
  157       -1989.154    -519.449       -1066.539    -306.061             157             115
  105       -1056.250    -517.020       -1411.093     555.687             105              87
   95         574.863    1867.567         296.489    1399.947              95              84
    7        -387.105    -320.161         117.739     -29.651               7              38
   87         394.682     495.584         119.115     860.531              87              80
  191         472.678     160.965         350.458     187.553             191             130
   59         775.756     612.414         382.392     629.301              59              66
   96         226.862     886.965         341.110     311.903              96              82
   19         902.341     564.676        1242.591    1007.380              19              46
  168        2175.407   -1041.626        1633.103   -1085.219             168             118
  193        -180.023    -921.228         -58.376    -911.685             193             133
  215         961.988    -444.162         -28.991    -425.984             215             142
   29         -95.734    1488.058        -154.904    -125.274              29              51
  116       -1430.791     119.747          14.086     192.633             116              92
   35        1351.140    -845.699         624.700     -37.250              35              54
   54        -182.459     842.763        -247.779    -337.683              54              61
  244         222.272    -276.776         733.996     534.464             244             158
  240        1742.966    -575.890         160.385   -1208.442             240             154
  255       -1151.522    2255.229        -546.990     718.404             255             164
  121         192.726     735.683         831.024    -117.417             121              95
  245       -2116.256     161.153          63.003     228.904             245             159
  213        1883.801   -2685.684        1218.419    -550.602             213             141
   58         396.031     362.895        -717.927   -1159.958              58              65
  244       -1943.309     791.271        -682.315     656.430             244             156
   46         602.341     520.316         344.411     678.202              46              59
  234         575.372     310.331         906.637     421.768             234             151
  146        2080.525    -630.281        1007.423    -755.053             146             109
  168        -651.182    1272.419        -265.814    -480.303             168             118
  217        -643.261    -177.206         614.370    -315.698             217             145
    2       -1488.034    -706.701        -946.026    -747.220               2              35
  181        -780.453    1199.510         110.386    1195.925             181             127
   69        -393.766   -1306.919         461.822    -372.840              69              69
   96        1444.209     -82.737         454.212     731.516              96              84
   67         782.238     491.225         979.069    -957.270              67              68
  101       -1893.277   -1139.581        -285.363     -85.600             101              87
  165        1376.799   -1489.260         537.633    -523.928             165             117
  131        -425.888    -235.881        -479.143    -149.477             131             102
  153         738.412    -370.843         245.325      71.209             153             111
   29         350.836     -63.701        -123.876     161.687              29              51
  212        1755.058     803.562         641.972     558.827             212             140
  106        1489.537     192.901        1401.661    -485.900             106              89
  147         810.324   -1559.509        -265.916   -1655.531             147             108
  202        -176.114    2895.461        -707.717     444.586             202             137
  129       -1968.366     640.835         292.519    -524.475             129              99
    3       -1882.264    -732.746        -982.560     584.000               3              38
  170        2079.517     632.890        1129.488     801.093             170             119
   66         769.376     492.495         412.173    -565.857              66              69
    4        -597.997    1881.434         167.903     347.799               4              36
  197        -799.241    -256.700        1279.130     -56.534             197             135
  121         414.920   -2494.857         269.216   -1335.820             121              95
   67        -253.075     553.970        -284.000     111.000              67              70
  185         344.934    -380.250         619.894    -381.316             185             127
  234         -75.339     -70.990         477.564    -302.349             234             153
  147         179.982   -2299.449         390.814   -1675.942             147             108
  127        -930.397    -202.615       -1352.181    -482.061             127             100
   37        -462.845     454.555        -132.338    -149.841              37              53
  208       -1464.480      95.456        -716.643     -38.797             208             140
  178        -571.951    -619.659        -300.708    -425.542             178             123
   57       -2010.084    1045.027       -1604.514     998.666              57              65
  174        1316.474    1040.108        1370.972    1054.111             174             121
  186       -1655.629    -380.654        -761.937    -715.479             186             129
  128        -232.999     876.500         145.447    1862.511             128              98
  235        1490.725    -148.177        1220.242     -74.642             235             154
  144         757.470     241.241         562.644     233.895             144             106
  199         479.655    -260.370        1042.655    -781.120             199             136
  128        -684.455   -1930.305        -773.423    -983.060             128              98
   91        -327.133    2592.067        -891.225    1230.243              91              82
  247         316.112    1009.154        1709.237    1085.658             247             158
  183        1445.758   -1021.805         879.914   -1376.108             183             128
  214       -2447.089    1128.216        -659.132     114.308             214             141
   88          91.317    -716.195        1095.909     473.138              88              80
  230         188.756    -878.138         461.851   -1117.623             230             149
  110       -2445.501    -318.782        -377.399     236.444             110              91
   34         821.129   -2688.980        1082.628    -236.084              34              51
  212         479.680   -1599.407        -361.866    -875.853             212             142
  164         558.102    -304.077          33.910     233.377             164             116
  138        -294.209     130.435          39.010    -209.182             138             105
  147         373.385   -2065.512         419.900      74.767             147             108
  117        1831.248     346.633        -152.819    -510.736             117              95
  101       -1299.860     267.444         268.696     631.501             101              85
   52        2943.598   -1481.125         884.994    -703.703              52              62
  242       -1192.282     242.484        -252.694    -969.649             242             155
   47        -838.851   -1465.903       -1487.788      24.327              47              60
   97        1194.377    3174.776         866.422    2097.930              97              83
  168        1270.292   -2507.970        1397.011   -1896.680             168             120
    3       -2075.123     858.196       -1790.335     668.719               3              36
   25        2772.770   -1430.040        1863.929     579.877              25              49
  196        1825.272    1266.795        -613.057    -741.125             196             132
  241        -854.910    2203.416         880.394    1043.071             241             157
   34        1213.027   -1157.232         903.489    -617.788              34              51
  206         380.626       5.308         695.828    -741.889             206             139
  197       -1334.766   -1086.716        -773.205    -590.531             197             133
   36        1253.953     -18.550         752.578     765.554              36              54
  169        1987.074    -509.912         505.145    -982.675             169             119
  104         -25.904    1513.152          98.963    -240.295             104              88
  217       -1449.972     176.865        -342.807    -175.289             217             143
  253        1036.042     379.367        1317.850     581.118             253             163
  238         298.659   -1516.407         374.885   -1999.113             238             153
  232       -1875.195     298.842        -621.916      94.915             232             152
  118        -450.975   -2226.017        -101.581    -804.290             118              93
  145         626.191     873.069        -475.381    1132.759             145             109
   71        2333.674     288.196        1864.727    -414.200              71              70
   81        -647.396    -511.917        -197.713   -1478.958              81              77
   47       -1631.330    -859.751        -708.229    -370.981              47              58
   31         890.546     673.774          70.896     613.319              31              52
  239        -249.724     186.517         965.242    -761.081             239             154
  204        -612.100   -2457.739        -283.827    -862.228             204             138
   85         820.559     -87.227        -297.549    -654.742              85              77
  194        -851.431     189.853        -349.539      26.814             194             133
  210        1362.017    -136.919         297.025    -908.160             210             139
  123       -3160.808    1464.959       -1251.694    -669.218             123              98
   66       -2939.909   -1589.667        -797.437     203.234              66              67
  232         189.977    -212.189        -811.338     620.204             232             152
  235        -431.402    1401.837         135.611     781.335             235             152
   58        -306.668    -257.335         238.339     381.598              58              65
   68          48.547    -142.292         411.009      18.219              68              68
  252        -128.051    -917.483         -17.327      16.433             252             162
   77         619.185     477.301         197.085     -47.712              77              73
  150       -1967.205    -315.583        -449.450      39.806             150             111
   99         531.286    -442.061         -92.513    1139.369              99              84
  106        2461.328    1528.553        1621.624     849.775             106              89
   60         134.535    -546.792        1125.715   -1226.492              60              64
  208       -1483.719   -1376.846        -125.929    -164.835             208             140
   78        1692.471   -1936.437         902.723    -480.110              78              73
  148         268.678    -523.139          78.694    -578.264             148             110
  219         837.319   -2106.494         719.720    -839.710             219             144
  178         918.958   -1752.661        -556.076   -1328.639             178             125
  209         121.175      92.960        -763.899    -467.069             209             139
  237        -557.632     655.986        -932.647       2.463             237             155
  249        -408.573    1161.109        -342.961     468.276             249             159
  182        -559.556     931.256        -128.495     686.715             182             127
  182        1039.619     368.082        1315.793     257.239             182             125
   10        -419.542   -2229.273          52.259   -1789.326              10              41
   67        -987.216    -106.457       -1689.636     292.665              67              68
  199        1083.637    1799.584         764.250    1178.564             199             136
   74         514.094    -471.300         705.168   -1126.913              74              71
   64       -1827.886    -552.500       -1051.301    -614.949              64              68
   30        -865.947     724.793        -858.275     597.468              30              49
  216       -1237.886     636.291          10.729     795.191             216             144
  171         481.824    -264.759        -164.192     694.723             171             120
  218         953.653    2168.127        1375.033    1450.484             218             145
   54        1857.395   -2143.998        1789.203   -1442.507              54              61
  194       -1425.304    -309.978        -677.613   -1159.828             194             133
   67       -1554.776   -1911.695        -988.975    -100.624              67              68
  211         863.896    2119.390         -68.166    1690.976             211             142
   62         826.675    -867.335        1685.334    -315.809              62              65
  150         785.056    -507.752         -54.903    -129.046             150             111
   62        1008.187    -318.439        1145.677    -723.549              62              65
  111       -1511.079    -406.560       -1023.347    -352.806             111              92
  173         821.770       0.924        1137.108     680.179             173             121
  252         611.034   -1373.169         510.641    -869.051             252             162
   59        1129.904   -1259.670         682.066    -731.980              59              64
   67        -392.432    -944.598        -579.595   -1053.185              67              70
  117         462.919    -533.923         -69.413    -153.758             117              93
  133        -345.953     906.988        -470.165     -56.282             133             103
   10         578.024    -385.825        1107.008    -249.331              10              39
   98       -1634.423    -848.325       -1015.500   -1322.079              98              85
  253        -733.184    -587.600         239.186     538.043             253             161
   23       -1002.117   -1852.551        -798.650   -1237.844              23              48
  238         212.099    -697.874          -1.065    1267.034             238             153
   48        1638.509   -1219.698          50.612   -1651.589              48              60
   99       -2342.864    1314.845       -1430.364    1595.986              99              84
   26        2416.817    -862.346        1773.108     180.874              26              49
  232         889.834   -1099.979         106.542    -208.310             232             150
  127        2972.939    -659.421        1363.690   -1049.188             127             100
  255       -1190.757    -885.789       -1111.404   -1264.082             255             162
  252         823.098    -188.490          86.071      -4.028             252             162
   70          47.918    -494.191        -769.820    -839.846              70              69
  221        -138.889    1695.551        -327.165     489.495             221             147
  131        -400.248    -379.505         -45.830    -114.913             131             100
   75        1223.687    1688.931         590.843     350.982              75              74
   84       -1541.426   -1228.814         657.125   -1388.180              84              76
  247        -798.936   -2075.300        -727.652    -620.036             247             160
   31         554.636   -1867.221         334.992    -795.140              31              50
   93         502.575   -1501.888       -1199.471   -1280.133              93              83
  102        -528.281    1155.651        -534.570     208.452             102              85
  124        -530.492   -1509.466        -386.537   -1416.403             124              98
  149       -1927.925    -795.321       -1924.784    -295.618             149             109
   68          79.000       0.299        -893.000       0.000              68              39
   21       -1928.141     795.175       -1924.791     295.614              21              38
  172        -530.738    1509.500        -386.540    1416.403             172              39
   94        -527.616   -1155.499        -534.571    -208.452              94              38
  221         502.290    1502.567       -1199.474    1280.133             221              39
    5         553.997    1867.640         334.990     795.142               5              38
  209        -799.679    2074.953        -727.653     620.035             209              39
  142       -1541.550    1227.899         657.122    1388.182             142              38
  144        1224.520   -1688.712         590.844    -350.981             144              39
  154        -400.283     379.377         -45.831     114.912             154              38
  237        -138.116   -1695.437        -327.163    -489.496             237              39
  188          48.007     494.561        -769.823     839.843             188              38
   53         823.183     189.045          86.071       4.029              53              39
  135       -1190.686     885.628       -1111.407    1264.079             135              38
  115        2973.009     660.580        1363.688    1049.192             115              39
   51         889.389    1100.352         106.542     208.309              51              38
   96        2416.137     863.050        1773.107    -180.871              96              39
  121       -2342.655   -1315.502       -1430.359   -1595.990             121              38
   40        1638.092    1220.544          50.607    1651.590              40              39
   92         211.522     698.125          -1.061   -1267.033              92              38
  144       -1002.977    1852.238        -798.652    1237.843             144              39
   16        -733.468     587.235         239.189    -538.042              16              38
   35       -1634.542     847.654       -1015.502    1322.075              35              39
  199         578.125     385.825        1107.008     249.334             199              38
   93        -345.511    -907.093        -470.165      56.282              93              39
  201         462.871     534.275         -69.412     153.758             201              38
  141        -392.573     944.585        -579.597    1053.182             141              39
   11        1129.637    1260.045         682.064     731.982              11              38
   30         610.557    1373.170         510.639     869.053              30              39
  176         821.601      -0.869        1137.111    -680.176             176              38
  183       -1511.189     405.934       -1023.347     352.802             183              39
   20        1008.278     318.662        1145.676     723.553              20              38
  253         784.880     507.891         -54.903     129.046             253              39
  134         826.263     867.311        1685.332     315.814             134              38
  124         864.268   -2119.104         -68.161   -1690.977             124              39
  238       -1555.655    1911.299        -988.975     100.621             238              38
   88       -1425.150     309.382        -677.616    1159.826              88              39
   28        1856.876    2144.206        1789.199    1442.512              28              38
   27         954.181   -2168.173        1375.037   -1450.481              27              39
  239         481.364     264.852        -164.191    -694.724             239              38
   15       -1237.964    -636.825          10.730    -795.191              15              39
   17        -865.802    -725.023        -858.274    -597.470              17              38
  134       -1827.886     551.942       -1051.302     614.946             134              39
  189         514.247     471.295         705.165    1126.914             189              38
   12        1084.212   -1799.203         764.252   -1178.563              12              39
  252        -987.311     106.460       -1689.636    -292.670             252              38
  244        -420.106    2229.094          52.255    1789.326             244              39
   35        1039.783    -368.050        1315.795    -257.236              35              38
  159        -559.309    -931.561        -128.495    -686.715             159              39
  167        -408.117   -1161.126        -342.960    -468.276             167              38
  142        -557.225    -655.840        -932.646      -2.466             142              39
  254         121.485     -92.428        -763.900     467.068             254              38
   15         918.560    1753.370        -556.077    1328.637              15              39
   31         836.643    2106.811         719.719     839.712              31              38
   46         268.531     523.193          78.693     578.263              46              39
  161        1691.637    1936.915         902.721     480.112             161              38
  250       -1484.310    1375.993        -125.930     164.835             250              39
  156         134.591     546.343        1125.712    1226.495             156              38
   35        2461.753   -1527.961        1621.628    -849.773              35              39
  125         530.632     442.224         -92.511   -1139.371             125              38
  159       -1967.511     314.782        -449.450     -39.806             159              39
   39         619.341    -477.146         197.085      47.713              39              38
  182        -128.507     917.376         -17.326     -16.433             182              39
    9          48.330     142.119         411.011     -18.218               9              38
   50        -306.955     256.991         238.340    -381.599              50              39
   74        -431.114   -1402.041         135.611    -781.334              74              38
   61         189.535     212.414        -811.336    -620.205              61              39
  189       -2940.693    1588.525        -797.436    -203.235             189              38
   80       -3159.855   -1466.173       -1251.694     669.216              80              39
   56        1362.433     137.458         297.024     908.161              56              38
  233        -851.147    -190.050        -349.539     -26.816             233              39
  114         820.711      87.726        -297.551     654.742             114              38
  158        -612.834    2457.466        -283.829     862.229             158              39
  162        -249.442    -186.923         965.241     761.085             162              38
  121         890.810    -673.517          70.899    -613.319             121              39
  187       -1631.522     859.206        -708.230     370.979             187              38
  143        -647.069     511.530        -197.715    1478.957             143              39
   53        2334.025    -287.567        1864.726     414.206              53              38
  184         626.313    -872.720        -475.377   -1132.760             184              39
   87        -451.895    2225.870        -101.582     804.289              87              38
  124       -1874.928    -299.641        -621.916     -94.916             124              39
  169         298.530    1516.284         374.880    1999.114             169              38
   76        1036.256    -379.372        1317.852    -581.115              76              39
   50       -1449.750    -177.613        -342.806     175.289              50              38
  210         -24.905   -1513.190          98.965     240.294             210              39
  197        1987.181     510.679         505.141     982.675             197              38
    4        1253.811      19.000         752.581    -765.553               4              39
   24       -1335.109    1086.190        -773.206     590.527              24              38
  183         380.925      -5.351         695.827     741.890             183              39
  109        1212.738    1157.279         903.487     617.789             109              38
   75        -853.958   -2203.968         880.396   -1043.069              75              39
   99        1826.006   -1265.931        -613.060     741.121              99              38
   49        2772.013    1431.100        1863.930    -579.873              49              39
   20       -2075.008    -858.812       -1790.332    -668.725              20              38
  155        1269.601    2508.212        1397.007    1896.684             155              39
  197        1195.241   -3174.430         866.429   -2097.928             197              38
   10        -839.525    1465.895       -1487.788     -24.328              10              39
  159       -1191.926    -242.781        -252.697     969.647             159              38
  186        2943.148    1482.129         884.992     703.706             186              39
   11       -1299.855    -267.960         268.699    -631.501              11              38
   14        1831.383    -345.828        -152.820     510.736              14              39
  239         372.449    2065.687         419.901     -74.767             239              38
   18        -294.288    -130.627          39.008     209.182              18              39
  233         557.921     304.400          33.911    -233.377             233              38
   34         478.964    1599.687        -361.868     875.852              34              39
   24         819.817    2688.981        1082.627     236.087              24              38
  217       -2445.804     317.520        -377.398    -236.444             217              39
  183         188.544     877.828         461.849    1117.623             183              38
  158          90.922     715.711        1095.909    -473.136             158              39
   80       -2446.553   -1129.392        -659.132    -114.310              80              38
  133        1445.688    1021.940         879.911    1376.110             133              39
  188         316.381   -1009.524        1709.241   -1085.653             188              38
  163        -326.321   -2592.107        -891.224   -1230.244             163              39
  112        -684.985    1930.193        -773.426     983.057             112              38
    4         479.746     260.255        1042.652     781.122               4              39
   35         757.613    -241.216         562.646    -233.894              35              38
  195        1490.463     148.436        1220.243      74.644             195              39
   11        -233.102    -876.742         145.452   -1862.511              11              38
  205       -1655.840     379.934        -761.938     715.476             205              39
  136        1316.661   -1039.845        1370.974   -1054.106             136              38
   44       -2009.960   -1045.609       -1604.513    -998.669              44              39
  169        -572.152     619.552        -300.710     425.542             169              38
  186       -1464.355     -95.989        -716.642      38.795             186              39
   43        -462.499    -454.632        -132.338     149.841              43              38
  244        -930.212     202.528       -1352.183     482.059             244              39
   12         179.483    2299.451         390.812    1675.944              12              38
   82         -75.166      70.678         477.563     302.348              82              39
  221         344.941     380.153         619.896     381.322             221              38
  188        -252.776    -554.091        -284.000    -111.000             188              39
  109         414.147    2494.763         269.209    1335.816             109              38
    2        -799.251     255.779        1279.130      56.537               2              39
   68        -597.069   -1882.020         167.903    -347.799              68              38
  207         769.851    -492.346         412.173     565.858             207              39
   16        2079.568    -632.243        1129.490    -801.090              16              38
   10       -1882.752     731.943        -982.558    -584.003              10              39
  182       -1967.839    -641.852         292.517     524.477             182              38
  134        -174.579   -2895.401        -707.715    -444.586             134              39
  119         810.298    1559.996        -265.920    1655.529             119              38
  243        1489.907    -192.525        1401.660     485.903             243              39
  226        1755.338    -802.941         641.974    -558.826             226              38
  237         350.719      63.962        -123.876    -161.689             237              39
   97         738.184     371.186         245.325     -71.209              97              38
   83        -425.994     235.851        -479.143     149.474              83              39
   71        1376.158    1489.715         537.631     523.930              71              38
  218       -1893.684    1138.655        -285.363      85.600             218              39
   46         782.634    -491.225         979.067     957.270              46              38
   65        1444.059      83.140         454.212    -731.516              65              39
   85        -394.479    1306.509         461.820     372.842              85              38
  249        -780.199   -1200.018         110.389   -1195.925             249              39
   30       -1488.191     706.074        -946.029     747.217              30              38
   30        -643.039     176.669         614.370     315.699              30              39
    8        -650.302   -1272.789        -265.816     480.301               8              38
  212        2080.583     630.884        1007.422     755.056             212              39
  176         575.410    -310.360         906.638    -421.767             176              38
  197         602.322    -520.265         344.413    -678.202             197              39
   56       -1943.000    -791.928        -682.313    -656.432              56              38
  136         396.481    -362.555        -717.930    1159.956             136              39
  247        1882.799    2686.183        1218.418     550.605             247              38
  189       -2116.271    -162.375          63.003    -228.905             189              39
  227         193.181    -736.022         831.023     117.421             227              38
  226       -1150.435   -2255.639        -546.989    -718.404             226              39
  158        1743.051     576.606         160.381    1208.439             158              38
  213         222.191     276.732         733.995    -534.462             213              39
  182        -182.042    -842.858        -247.780     337.682             182              38
  134        1350.838     846.097         624.701      37.251             134              39
  159       -1430.732    -120.469          14.087    -192.633             159              38
   72         -94.906   -1488.094        -154.904     125.273              72              39
   72         962.068     444.645         -28.993     425.984              72              38
  137        -180.065     921.135         -58.377     911.685             137              39
  188        2175.215    1042.054        1633.099    1085.222             188              38
   38         902.391    -564.744        1242.594   -1007.377              38              39
    9         227.064    -887.078         341.110    -311.904               9              38
   17         775.869    -612.209         382.393    -629.301              17              39
  111         472.561    -160.854         350.457    -187.552             111              38
   71         394.616    -495.479         119.117    -860.531              71              39
  133        -387.402     319.921         117.738      29.652             133              38
  223         575.223   -1867.306         296.490   -1399.946             223              39
   53       -1056.758     516.944       -1411.092    -555.692              53              38
  227       -1989.341     518.954       -1066.541     306.059             227              39
  115        -439.742    1773.022        -521.975    1380.118             115              38
    0        -469.736     790.330         682.155     342.056               0              39
  255        -656.552     502.416        -277.054     605.396             255              38
   52          -8.266     844.676        1125.931     482.540              52              39
   52        -868.062    -975.728         231.192    -660.518              52              38
   57       -2010.110   -1159.454        -372.688    -194.130              57              39
  179        -548.139   -1115.158        -674.054     786.173             179              38
  140        1377.266     509.938        1022.324     975.155             140              39
  253         737.845    -721.039         305.818    -391.487             253              38
  126        -106.008    1138.189         556.240     883.131             126              39
  206        1032.092   -1989.161        1274.203    -964.777             206              38
  247       -1133.608    -646.614        -711.136    -493.686             247              39
  217         350.918   -1298.962         396.050     305.516             217              38
   43        1200.943    -494.427         389.661    -513.598              43              39
  119        -559.794   -1657.637        -215.340   -1143.744             119              38
   11       -1262.082    -436.519       -1696.606      20.902              11              39
  120        -108.308     319.402        -373.455     850.257             120              38
  247          11.194    1330.491        -968.589    1173.003             247              39
  148        1488.425    2615.925        1623.182    1680.798             148              38
  242        -327.738    -974.467         486.291   -1140.386             242              39
  218        -903.483     490.220        -455.466     680.345             218              38
  147        -621.600     506.603         117.395     471.059             147              39
  165        -293.813     305.071         697.248     850.285             165              38
   91        -785.666   -1241.080         120.691     -97.323              91              39
  167        1307.916      -4.831        1044.807    1578.597             167              38
   23        2497.385   -1772.291        1861.063   -1461.644              23              39
  104        -957.025    -348.798        -840.632    -473.887             104              38
  126        -683.387    -268.559         679.276     126.575             126              39
   55        -463.324   -2833.703         -71.098    -653.844              55              38
   36         382.518    -968.675        -117.073     183.944              36              39
  113        1182.711   -2327.280         630.000    -560.214             113              38
   95          95.586   -1745.697       -1413.219   -1056.784              95              39
  164          34.408     816.935        -990.647    1569.984             164              38
  195        2281.762    1145.716         274.894     560.045             195              39
  198        -286.252    2510.520         212.400    1170.869             198              38
  126         616.440    -607.725         875.118    -108.096             126              39
   26        -589.509    1083.947         -60.303     622.336              26              38
  248         -57.016   -2078.109        1138.702    -104.565             248              39
  111        1615.976   -1745.702        -261.959    -251.986             111              38
   64        1020.655     233.524         459.061      76.089              64              39
   27         362.667    -961.362        -547.610    -212.321              27              38
  202        1165.648    1270.918         290.105    1179.640             202              39
   96        2349.846    -641.222        1288.655    -653.181              96              38
  179        -608.674      77.301       -1034.725    -839.464             179              39
  128        -380.047    1082.235        -141.047     963.595             128              38
  239         245.828   -1105.134           5.681    -625.031             239              39
  181         111.433    1368.640       -1156.513     900.572             181              38
  236         144.578    2103.595         735.839     727.703             236              39
   70       -1857.373    -348.869        -847.649    -220.712              70              38
   59       -1140.081    1023.023        -403.691    2199.470              59              39
   89        3233.510    -154.904        1701.496     624.211              89              38
  177          49.347    1035.309          16.051     135.867             177              39
  221        1475.648     776.485        1065.137     444.081             221              38
   68       -2136.712     538.792        -230.775    -252.930              68              39
  239         636.735   -1324.836         572.387     852.312             239              38
  172         398.197     769.016         254.231     155.749             172              39
    2        1674.674    -946.207        1565.443     322.982               2              38
   16        -110.006    -753.541        -203.640   -1923.369              16              39
   74       -2615.154    -721.171       -1128.611     279.262              74              38
  127       -1519.236   -1101.776       -1029.930     246.750             127              39
  167         897.840    -813.593        -381.115    1279.474             167              38
  115        -118.420    1813.340        -969.526    1046.660             115              39
  159        2060.179    1317.376        1452.238    2380.199             159              38
   46         684.579     676.601         238.627   -1129.162              46              39
  245       -2165.206    1213.271        -630.040    1981.815             245              38
  217        -259.667     599.469         278.720     862.548             217              39
   75        1089.484     329.125        1488.093    2376.283              75              38
  186        1536.884   -1355.916        1234.341   -1328.125             186              39
  121        -537.515    -569.171        -266.646    1236.782             121              38
    6          68.769    -360.489          78.940    -519.561               6              39
    5        -926.108    -363.100        -318.494    1952.643               5              38
  113        -987.200    -656.438        -608.762    -254.454             113              39
   34        -362.591     -87.005        -405.761    3609.823              34              38
  128       -1265.216     533.143        -843.446     236.196             128              39
  102        -720.269     338.961         248.542    6892.796             102              38
  242        -888.307   -1708.903        -778.049    -442.742             242              39
  104         451.694    2212.380        -403.495   21379.644             104              38
