SINAL     NFT                         FFT                         NFT INVERSA     FFT INVERSA
-----     -----------------------     -----------------------     -----------     -----------
  184       66672.000       0.000       34333.495       0.000             184             127
    7        1197.974     934.202         640.405  -19798.200               7              36
  191           2.614   -1430.408         406.950   -1076.850             191             130
  128          88.298   -1390.543       -1549.645   -7905.029             128              97
   72       -2007.474    3057.739       -1703.174    1725.419              72              71
  216        1020.725    -176.206         689.516   -3089.615             216             141
  247        1298.621    2477.158        -279.817    1056.951             247             158
  127         341.579    1629.277        1465.450   -2433.564             127              96
  149        -743.834    -315.730        -385.201     -48.193             149             109
   92         454.354    1092.526         965.494   -1324.863              92              79
   81         219.779   -1364.701         641.099    -104.409              81              75
  154        2564.020    -922.017         967.796   -2000.085             154             110
  119        1083.023     454.276          84.300    -473.549             119              94
   31         511.935     525.592         404.407   -1709.223              31              48
  178         -28.128     215.755          67.510      64.612             178             124
  122        1490.264    -678.858         802.466   -1915.103             122              94
   40         281.546     878.980        -606.298      45.246              40              55
   57        1584.567    1234.873        1409.669   -1531.493              57              61
  101       -2875.251     -85.177       -1390.027    -943.456             101              85
  117         509.861     351.560         753.248     155.340             117              91
  209         364.548    -405.970           8.546    -975.295             209             139
   64         203.625    1037.068         548.828    -114.412              64              65
   48         447.209   -1019.324         716.817   -1291.543              48              59
  119        -120.981    -690.207         -92.415   -1090.219             119              92
  103         770.332    -554.476          96.966   -1378.406             103              86
    2       -2819.461     502.285       -1686.361   -1041.963               2              34
  194        -916.688     678.241        -182.017    1408.202             194             132
   33        1505.064    -849.654        1231.640    -890.537              33              49
   75          92.016    -872.061        -317.724    -728.264              75              72
  226         960.717    -346.680         159.095    -831.819             226             146
  227        -286.042     747.732        -821.038    -470.271             227             148
  112        -562.736    1022.384          73.862     321.523             112              89
   37        1305.184      98.312         710.552    -459.238              37              53
   27       -1396.441    -373.235        -215.549   -1371.240              27              46
  104        -857.097    -641.390       -1138.857     259.486             104              87
  157        1557.206    1252.377        1134.666     646.024             157             111
  103        2019.700   -1702.440         890.855   -1878.965             103              86
  222       -1456.013     945.323       -1511.910   -1041.722             222             144
  108         -49.991     779.709          66.583     468.957             108              89
  215        -593.970     189.734        -245.032   -1588.231             215             140
   63       -3085.524      23.736       -1984.535     373.946              63              66
   26         873.602    1911.410         223.605    1538.987              26              46
  133        1289.145     864.753        1462.598       3.777             133             101
  192        -209.056    -986.193         122.259   -1490.286             192             129
   77        -252.450     694.190        -557.886      97.028              77              73
   73        -430.910     487.709         491.228    -764.620              73              69
  202       -1012.319   -1136.422        -722.606    -613.377             202             136
  227        -252.003     385.148        -449.710    -825.776             227             146
  164       -2768.454     564.968       -1947.497     361.007             164             117
  239         243.119    1819.295         307.207    1295.118             239             152
  254        -438.519     140.629        -183.597      -3.122             254             162
  126         419.701    1969.575         165.769     718.947             126              96
   22       -1541.954    1543.127         -51.713     497.730              22              46
  108         436.896     751.994        1541.853     939.600             108              87
   58         225.001   -1770.644         809.974   -1512.163              58              64
  209        -385.525     195.581         -81.046     220.997             209             137
  201         508.802   -1171.797        1141.467   -1136.578             201             135
  243        -829.410   -1836.521        -735.488   -1232.965             243             154
  100        -383.817      56.077        -647.584    -457.678             100              85
  157       -1501.174    -385.206        -630.314     -82.963             157             111
  198         621.099    -542.869        -637.320    -330.867             198             134
  218       -1143.600    2640.845        -734.104     814.480             218             142
    6        -702.383    -105.485         390.455    -331.592               6              38
  204       -2917.405     752.915       -1571.410     459.326             204             135
   17          95.791      20.842         994.391    1291.080              17              43
  237        -272.460   -1248.365        -194.301    -694.217             237             151
  134         275.292    -327.381         109.591     984.720             134             102
   17        1920.666    -720.415         198.474    -799.755              17              41
  191       -1274.481    2683.997       -1180.948     951.573             191             130
  170        -531.652     770.456         992.430    1173.176             170             118
  210        1604.250    -913.156         528.948    -124.406             210             140
  201         288.185    1743.935         412.673     435.834             201             133
  250          31.538    -453.736         618.735    -197.381             250             160
   69        -377.862     610.413         123.681     386.384              69              67
  245        1001.404   -1186.510        1297.314     -27.343             245             157
  236        1603.616   -1079.009         467.935    -788.350             236             151
   30        1393.515    -323.986         498.378   -1294.800              30              50
  194       -3337.552     184.560       -2159.853    -906.734             194             130
  205         -54.948     764.016        -237.758    2108.236             205             137
   31        1465.382    1454.329         566.719    -207.004              31              48
  149       -1061.001    1317.268         216.064    1221.340             149             109
  114        1540.637    -264.457        1279.696    -808.331             114              90
   83       -2370.916      40.914        -969.606     330.788              83              76
  159        2823.528     384.491        1351.201     881.144             159             112
  239         105.228    1943.507         623.817    -467.768             239             154
   83       -1275.462    -291.933         919.591      50.115              83              74
  162         421.161   -1778.185         825.079    -957.669             162             116
   44        -492.135   -1660.556          33.515    -890.845              44              55
  128         643.558   -1227.259        -176.395    -445.326             128              99
  252         549.003     254.388         132.142    -511.688             252             159
  174       -1015.179    -105.010        -751.242    -709.867             174             122
   60       -1825.201    1558.163        -639.462     881.369              60              63
   97        -193.275    -529.674        1013.305     294.483              97              83
  214        -368.780   -1555.353         193.847    -778.801             214             140
  165        -258.990   -1504.462        -255.435    -344.196             165             117
  218        -493.259    -147.385        -410.042      39.726             218             142
  126        -237.844   -1521.674         149.531      86.953             126              98
  241         990.516   -1050.618        -467.528      71.466             241             153
  247        2026.772     687.921         679.835     451.536             247             158
   36        -730.085     -31.440        -653.192    -855.447              36              51
   59        -227.601     565.704        -265.769    1820.767              59              64
  252        3125.465     152.374        1268.105    -330.419             252             159
  177        -543.571    1825.905        -273.535     970.962             177             123
   61        2962.320    -173.639        2507.771    -154.435              61              63
  133        -228.949    -943.319        -490.975   -1575.308             133             101
  104         576.674    1330.088         589.223     747.902             104              85
   35         536.570   -1114.124         875.230   -1565.055              35              52
   76       -1767.948    -331.202        -977.385    -549.537              76              71
   71        -393.775    -949.654         -10.321     360.017              71              70
  164        1871.924     -34.485         414.004     126.937             164             115
  198        1078.615     579.454        1009.436    -207.002             198             134
  175         713.388   -1416.574         844.470   -1504.821             175             120
  200        -649.411   -2172.106        -820.995   -1780.467             200             135
   41        -656.112     264.810       -1479.334    -240.898              41              53
   57        -939.650     392.558        -530.437     253.757              57              63
  245         538.364       0.847        -601.948     182.503             245             155
  182         555.726    1580.715           2.784     391.661             182             126
   68           0.139    1241.229        -339.109      20.483              68              67
  153        -665.874    2321.645         365.672     560.605             153             111
   48       -1958.439    -507.407        -127.789    -692.039              48              57
   53       -1520.489      20.960        -305.356    1167.289              53              61
   54        2403.711   -1609.317        1748.691    -347.933              54              60
  176         764.789   -1346.485        -129.256   -1663.858             176             123
   79       -1186.267    -134.683       -1243.518    -817.400              79              72
  110       -1239.414     767.372       -1074.408     695.573             110              90
   38         331.865    1245.391          38.327     298.522              38              52
  134       -1686.245     665.164         -10.720     435.449             134             102
  145         820.085   -2204.630         366.299   -1089.703             145             105
   65       -2204.043     577.918       -2249.000     -40.000              65              67
   40         322.221    1605.618         -74.144    1764.194              40              53
  130        -116.092    1651.208         183.599     278.429             130             100
  250       -1111.512     512.451        -190.638     591.119             250             158
   61        -736.860    1600.601         119.764    1261.021              61              65
   74         950.813    -575.865        1688.891     370.659              74              70
  251        -135.105   -1024.955         265.490    -976.296             251             160
  236        -831.614   -1793.211        -381.351    -224.288             236             151
    9         544.048    1004.472        -497.331    1047.405               9              39
   73        1431.449     131.839        2126.175     409.308              73              69
  113         379.617   -3120.447         -36.954   -2044.939             113              91
   46          42.437    -940.523        -943.195    -214.990              46              56
   13          39.899     826.328       -1310.211     354.087              13              41
   24        1018.093    2237.568         752.341    1773.460              24              45
   80        1668.374    -409.069         760.119    -990.657              80              75
  195        -470.580    1921.105        -369.724     469.078             195             130
   59        -659.614     226.180         510.936    -189.638              59              64
  222         275.969    -655.346         270.551     101.499             222             144
  235         634.613    -124.857         137.522   -1076.928             235             152
   50       -1989.593     751.200        -850.272     276.467              50              58
  181        -510.400    -896.190         400.858    -461.474             181             125
  154       -1479.865   -2102.493       -1523.088    -555.628             154             110
  113         257.488    1965.509       -1272.463    1451.624             113              91
   11        -158.643    2393.011         754.351    1692.575              11              38
   91         667.254    -715.652         775.181    -252.678              91              80
   78        -136.620     153.957          34.410     520.817              78              72
   75         789.345    -425.332         315.014    -408.438              75              72
  137       -1196.277     728.530        -613.348    1233.079             137             101
  229        3542.196    -118.557        2027.943     262.296             229             149
  111       -1289.421    -117.948        -272.320   -1066.856             111              88
  155        1041.115   -2153.081         450.471     315.991             155             112
  173        2504.615    -165.002          26.812   -1128.032             173             119
   63        -648.368     783.048        -849.619     -87.646              63              66
  223         492.462    1060.925        -356.870     136.083             223             144
   95        -507.600    1008.237        -500.093     -40.368              95              82
   58       -1004.817    1790.271       -1155.885     518.515              58              62
   90       -1424.177    2956.667         -18.092    1941.148              90              80
   59        1384.542    -802.593        1797.537      23.158              59              62
   95        -391.854    -366.899       -1025.152   -1187.955              95              82
   14       -1616.815    2344.099        -403.500    1687.943              14              40
   26         384.143   -1383.008         583.358    -818.720              26              48
  172       -2197.209    1292.232       -1938.956     901.859             172             119
    9         -79.445     833.529         333.265    1587.259               9              39
  229         816.499    1527.185        -183.743    1758.802             229             147
   37        2962.576    2289.798        2445.400    1343.018              37              53
  245         249.922    -268.247         813.975   -1021.817             245             155
  226           8.769    -526.485          79.768    -200.255             226             148
  125        -456.672    1316.041        -983.574     375.052             125              95
   51        -473.657    2360.579         465.909    1809.661              51              60
  224         878.138    1031.448         757.668    1113.985             224             145
   82        2208.620    1928.095        2402.368    1199.640              82              76
   52        1304.055   -1059.790        1644.895   -1386.932              52              59
   10         322.288    -191.411         569.355    -607.730              10              40
   71        -499.714     -52.463        -194.088    -938.515              71              68
   15       -1330.205    1143.071         153.740     884.524              15              42
  248        1312.805   -1152.518        1070.010    -757.411             248             157
  211       -1455.782    1510.939        -403.529    -187.725             211             140
  125       -1781.985    -741.634         420.262     172.613             125              95
  103        -167.394   -1039.936         333.325     -39.060             103              86
  108         193.776   -1394.403         488.609    -160.591             108              87
   43         935.120    -888.137         331.725    -705.284              43              56
  183       -1830.430    -499.730       -1108.254    -369.876             183             124
  230          78.928     362.129         102.693    1436.567             230             150
  120        1449.193    -914.647         700.147    -431.410             120              93
   36         -11.837     988.905        -476.392     635.079              36              53
  212         822.986     903.669         792.361     569.226             212             139
  139        -170.487     908.772         593.527     401.014             139             104
   63         335.462   -1669.386         979.209    -276.352              63              64
   46        1310.098     -48.928          -6.513      87.329              46              58
   81         989.771     717.464        1434.838     243.752              81              73
  138         844.314   -2133.303         511.705   -1687.995             138             104
  183       -1110.942     521.606       -1213.608     -76.810             183             124
   96         214.644     727.076         737.517     685.586              96              83
   38        -374.053   -1342.476         -43.102    -997.917              38              52
  175        -561.162     117.319        -637.151     749.748             175             122
  106        1264.879     395.485         533.519     442.304             106              86
  115         342.934     823.207         709.976     369.140             115              92
   68         748.352   -1926.541         430.123    -832.846              68              67
    2        1026.956    1690.503        -264.881     583.640               2              36
  249        -104.231     -59.110         936.711    -724.465             249             157
  221       -1364.100      -3.851       -1336.213     109.125             221             145
  236         336.964     837.369         843.274    1030.899             236             151
  223         906.845       7.101         125.430      -9.926             223             146
  106         -97.494    1186.879         943.302     426.461             106              86
   62         289.423   -1727.904         191.335    -295.703              62              66
  239        2061.454    1028.430        1030.367      73.478             239             152
  249       -1374.903    -513.019        -374.989    -989.375             249             159
  191         264.814     512.691         415.500     800.966             191             128
  179        -496.771   -1438.497          17.174   -1447.161             179             124
  195       -1376.059     515.489       -1306.204    1337.097             195             130
  161        1870.734     629.673        1311.303     739.313             161             115
   29         810.230     452.703         451.937     292.425              29              47
  166        1246.961     514.409        1304.633    -346.010             166             118
  150       -1386.143    -478.004        -132.705    -398.215             150             108
   52         663.947   -1468.842         977.706    -252.428              52              61
  236         187.606   -2079.495        -675.596   -1048.566             236             151
   98         868.795    1267.213        -358.465     790.163              98              84
    4         201.047    1029.287         394.276     388.567               4              35
   57         676.099      -1.701         935.302      74.225              57              63
   48         229.717   -1518.036         109.913    -721.272              48              57
  206        1513.109     -24.820         257.793    -112.001             206             138
  254        -459.449    -470.886        -689.939    -807.292             254             160
  201         684.185    1764.572        -504.106    1182.932             201             135
   96         -89.606    1269.844         446.255      44.471              96              81
   81         367.540     798.846        -122.482     892.851              81              75
  239         425.557    1996.930         901.036     191.939             239             152
   26       -1066.023    -527.345         188.730     597.615              26              48
  248        3173.777     107.893        1493.897     119.512             248             157
   59         295.543     826.237         555.400    -615.006              59              64
   73         439.856    -557.951         580.191    -651.459              73              69
  243        -185.569     594.397        -362.007    -498.943             243             156
  208        -652.173     821.669         337.794      18.212             208             137
  210        -713.556    -846.775        -225.906    -748.130             210             140
  107        -840.403    1195.239        -846.551     382.215             107              86
  235       -1414.707    1938.348         372.125    1205.375             235             152
   91         805.968   -1966.144        1495.968    -226.097              91              78
   79        1012.371    -667.333        -164.170   -1229.677              79              74
   67       -2103.691     684.257        -667.257     161.199              67              66
  120         206.833    -799.416         -43.230      44.297             120              95
  216       -1045.618    1009.348        -841.941     276.947             216             141
   34        -232.430    1065.565          43.409    1544.774              34              52
  158        1427.094    1099.422        1015.492     423.883             158             112
  191        -656.297    1353.753         185.496     481.447             191             130
   18        -226.737     815.701        1213.215     868.353              18              42
   17        1145.495   -1823.106        1534.089    -601.818              17              43
  118         299.147    -686.727        -138.019    -960.474             118              92
   38       -1000.357     634.788         188.777     689.801              38              54
   53        1051.912   -2341.349         969.076    -889.922              53              59
   81         336.000       0.193       -1047.000       0.000              81              38
   75        1050.987    2341.586         969.068     889.924              75              36
  174       -1000.227    -635.411         188.778    -689.802             174              38
  187         299.032     686.699        -138.025     960.474             187              36
   98        1144.802    1823.006        1534.089     601.822              98              38
   62        -226.652    -816.433        1213.216    -868.350              62              36
   69        -655.812   -1354.370         185.498    -481.447              69              38
  212        1427.386   -1099.154        1015.492    -423.882             212              36
   98        -232.368   -1065.731          43.412   -1544.774              98              38
   21       -1045.386   -1009.607        -841.941    -276.950              21              36
  138         206.466     799.492         -43.231     -44.298             138              38
  141       -2103.354    -685.008        -667.257    -161.201             141              36
   41        1012.381     667.692        -164.173    1229.677              41              38
  116         805.144    1965.985        1495.968     226.101             116              36
  141       -1414.196   -1939.297         372.128   -1205.375             141              38
  156        -839.896   -1195.535        -846.550    -382.217             156              36
  194        -713.649     846.429        -225.907     748.130             194              38
  176        -651.607    -822.115         337.794     -18.212             176              36
  162        -184.994    -594.515        -362.009     498.943             162              38
  106         440.029     557.942         580.190     651.461             106              36
   78         296.227    -826.338         555.398     615.007              78              38
  107        3173.818    -106.946        1493.897    -119.509             107              36
  115       -1066.368     526.647         188.732    -597.615             115              38
  162         426.328   -1997.070         901.035    -191.938             162              36
   84         367.842    -798.781        -122.481    -892.850              84              38
   98         -89.095   -1269.894         446.254     -44.470              98              36
   22         684.845   -1764.080        -504.103   -1182.933              22              38
  254        -459.453     471.057        -689.941     807.289             254              36
   38        1513.222      25.538         257.791     112.000              38              38
  144         229.190    1518.115         109.910     721.273             144              36
  170         676.099       1.694         935.303     -74.223             170              38
   46         201.397   -1029.298         394.277    -388.566              46              36
    2         869.190   -1266.606        -358.464    -790.163               2              38
  128         186.834    2079.815        -675.600    1048.564             128              36
  250         663.315    1468.867         977.706     252.430             250              38
  106       -1386.237     477.174        -132.706     398.214             106              36
  120        1247.334    -514.292        1304.632     346.011             120              38
   92         810.388    -452.604         451.937    -292.425              92              36
   15        1870.647    -629.114        1311.304    -739.309              15              38
   36       -1376.193    -515.847       -1306.201   -1337.101              36              36
   92        -497.220    1438.272          17.172    1447.162              92              38
   49         264.988    -512.785         415.504    -800.966              49              36
  208       -1374.857     512.399        -374.991     989.373             208              38
  116        2061.977   -1027.790        1030.368     -73.476             116              36
  184         288.719    1727.830         191.334     295.703             184              38
   64         -97.103   -1187.205         943.302    -426.459              64              36
  187         906.803      -6.933         125.429       9.926             187              38
  227         337.025    -837.348         843.277   -1030.896             227              36
   33       -1364.127       3.368       -1336.213    -109.127              33              38
  185        -104.001      58.930         936.709     724.467             185              36
   37        1027.676   -1690.059        -264.880    -583.642              37              38
   43         747.693    1926.814         430.120     832.847              43              36
  201         343.187    -823.294         709.977    -369.139             201              38
   83        1264.842    -395.051         533.520    -442.303              83              36
  121        -561.338    -117.405        -637.149    -749.749             121              38
   63        -374.520    1342.261         -43.105     997.917              63              36
   77         214.865    -727.172         737.518    -685.585              77              38
   32       -1110.626    -521.846       -1213.608      76.805              32              36
  201         843.864    2133.493         511.701    1687.996             201              38
  219         990.108    -717.389        1434.840    -243.749             219              36
  221        1309.989      49.347          -6.514     -87.329             221              38
   81         334.707    1669.223         979.209     276.355              81              36
  125        -170.253    -909.235         593.528    -401.014             125              38
  107         823.220    -903.547         792.363    -569.223             107              36
   67         -11.579    -988.823        -476.391    -635.080              67              38
  209        1448.693     915.181         700.144     431.411             209              36
  213          78.630    -362.125         102.697   -1436.568             213              38
  217       -1830.696     499.181       -1108.257     369.873             217              36
  199         934.849     888.437         331.724     705.284             199              38
  202         193.094    1394.282         488.607     160.592             202              36
   14        -168.038    1039.497         333.325      39.061              14              38
  254       -1782.358     740.479         420.263    -172.612             254              36
  142       -1455.000   -1511.784        -403.529     187.724             142              38
  253        1312.561    1152.640        1070.008     757.413             253              36
  106       -1329.779   -1143.894         153.743    -884.525             106              38
  151        -499.396      52.076        -194.091     938.513             151              36
   59         322.628     191.221         569.353     607.729              59              38
  151        1304.013    1059.631        1644.889    1386.935             151              36
  209        2209.240   -1927.969        2402.370   -1199.634             209              38
  237         878.170   -1031.554         757.670   -1113.984             237              36
  242        -473.096   -2360.941         465.912   -1809.659             242              38
   62        -456.238   -1316.090        -983.574    -375.057              62              36
  252           8.712     526.468          79.767     200.256             252              38
  218         250.071     267.931         813.972    1021.817             218              36
  166        2963.260   -2289.130        2445.402   -1343.015             166              38
   46         816.495   -1526.910        -183.741   -1758.804              46              36
  240         -79.718    -833.507         333.268   -1587.257             240              38
   90       -2196.993   -1292.802       -1938.954    -901.866              90              36
  245         383.609    1383.056         583.356     818.722             245              38
  106       -1616.074   -2344.741        -403.495   -1687.944             106              36
   47        -391.763     366.866       -1025.156    1187.952              47              38
   70        1384.208     802.696        1797.537     -23.153              70              36
  252       -1423.345   -2957.427         -18.089   -1941.149             252              38
   12       -1004.068   -1790.437       -1155.885    -518.518              12              36
  233        -506.968   -1008.158        -500.094      40.367             233              38
  245         493.064   -1060.466        -356.869    -136.083             245              36
  123        -647.741    -782.847        -849.619      87.645             123              38
  145        2504.790     166.325          26.808    1128.031             145              36
  161        1040.196    2153.573         450.472    -315.990             161              38
   94       -1289.342     117.373        -272.324    1066.854              94              36
   59        3542.075     119.622        2027.943    -262.293              59              38
  126       -1196.358    -728.949        -613.346   -1233.081             126              36
  245         789.102     425.601         315.012     408.440             245              38
   66        -136.716    -154.073          34.413    -520.818              66              36
  230         666.840     715.610         775.180     252.679             230              38
  211        -158.077   -2393.224         754.355   -1692.572             211              36
   74         257.847   -1964.967       -1272.459   -1451.627              74              38
   72       -1480.778    2102.352       -1523.090     555.623              72              36
  133        -510.764     895.869         400.856     461.474             133              38
  169       -1989.166    -751.971        -850.272    -276.470             169              36
   66         634.859     125.098         137.519    1076.930              66              38
   65         275.796     655.307         270.552    -101.499              65              36
  206        -659.444    -226.687         510.935     189.640             206              38
   70        -469.607   -1921.299        -369.721    -469.079              70              36
  197        1668.462     409.638         760.117     990.658             197              38
   79        1018.754   -2237.126         752.347   -1773.458              79              36
  102          40.066    -825.798       -1310.212    -354.090             102              38
   37          42.122     941.074        -943.195     214.989              37              36
   31         378.632    3120.576         -36.958    2044.940              31              38
  219        1431.386    -131.688        2126.178    -409.302             219              36
  223         544.045   -1004.236        -497.329   -1047.406             223              38
  101        -832.440    1792.980        -381.350     224.288             101              36
   80        -135.488    1024.607         265.488     976.295              80              38
   62         950.409     575.680        1688.891    -370.655              62              36
  234        -736.636   -1601.229         119.765   -1261.021             234              38
  216       -1111.427    -513.031        -190.636    -591.117             216              36
  223        -115.541   -1651.366         183.599    -278.430             223              38
  147         322.552   -1605.327         -74.137   -1764.190             147              36
  186       -2203.871    -578.246       -2249.000      40.000             186              38
   80         819.382    2204.962         366.293    1089.702              80              36
  230       -1686.021    -665.982         -10.720    -435.449             230              38
    2         332.356   -1245.271          38.326    -298.522               2              36
  134       -1239.124    -767.543       -1074.407    -695.575             134              38
  234       -1185.977     134.616       -1243.521     817.396             234              36
  199         764.723    1346.917        -129.261    1663.857             199              38
   16        2403.008    1609.940        1748.689     347.938              16              36
  100       -1520.849     -21.791        -305.354   -1167.289             100              38
    9       -1958.513     506.322        -127.791     692.038               9              36
   23        -664.755   -2322.161         365.673    -560.604              23              38
  193           0.885   -1241.176        -339.109     -20.485             193              36
   82         556.463   -1580.274           2.785    -391.661              82              38
  138         538.370      -0.339        -601.947    -182.505             138              36
   19        -939.486    -392.586        -530.437    -253.758              19              38
   58        -655.796    -264.580       -1479.334     240.895              58              36
  117        -649.742    2172.160        -820.998    1780.466             117              38
   81         713.340    1416.646         844.467    1504.822              81              36
  222        1079.080    -579.229        1009.435     207.004             222              38
  206        1871.850      35.195         414.004    -126.936             206              36
   57        -394.321     949.533         -10.321    -360.017              57              38
   60       -1767.882     330.533        -977.385     549.535              60              36
  102         536.587    1114.067         875.227    1565.056             102              38
  145         577.361   -1330.033         589.226    -747.901             145              36
  103        -228.877     943.199        -490.979    1575.308             103              38
  185        2962.415     174.327        2507.771     154.441             185              36
  158        -542.900   -1826.182        -273.533    -970.964             158              38
  197        3125.453    -151.208        1268.103     330.422             197              36
  113        -227.760    -565.656        -265.766   -1820.768             113              38
  244        -730.042      31.349        -653.195     855.445             244              36
  156        2027.009    -686.966         679.835    -451.535             156              38
   37         989.812    1051.276        -467.528     -71.465              37              36
  207        -238.712    1521.649         149.532     -86.953             207              38
   83        -493.525     147.242        -410.043     -39.730              83              36
  179        -259.642    1504.395        -255.437     344.196             179              38
  231        -369.433    1554.968         193.845     778.801             231              36
  233        -193.640     529.151        1013.306    -294.480             233              38
  117       -1824.710   -1558.982        -639.459    -881.371             117              36
   54       -1014.916     104.717        -751.244     709.865              54              38
  173         549.363    -254.089         132.141     511.689             173              36
  161         643.186    1227.592        -176.396     445.326             161              38
  251        -492.660    1660.266          33.513     890.845             251              36
  113         420.583    1777.869         825.078     957.670             113              38
  190       -1275.431     290.821         919.592     -50.113             190              36
  203         106.267   -1943.877         623.816     467.769             203              38
  143        2823.566    -383.654        1351.203    -881.141             143              36
   39       -2370.984     -41.863        -969.606    -330.792              39              38
   43        1540.659     264.659        1279.693     808.335              43              36
  240       -1060.519   -1317.923         216.065   -1221.339             240              38
   31        1465.891   -1453.868         566.718     207.005              31              36
   38         -54.993    -763.888        -237.753   -2108.238              38              38
    8       -3337.248    -185.489       -2159.856     906.727               8              36
  184        1393.976     324.617         498.375    1294.801             184              38
  231        1603.388    1079.563         467.934     788.352             231              36
  119        1000.871    1186.575        1297.314      27.345             119              38
   80        -377.760    -610.830         123.682    -386.384              80              36
  103          31.433     453.454         618.734     197.382             103              38
  208         288.860   -1743.983         412.674    -435.834             208              36
  220        1603.804     913.584         528.947     124.407             220              38
  141        -531.670    -770.966         992.432   -1173.174             141              36
  184       -1273.482   -2684.315       -1180.947    -951.575             184              38
  118        1920.451     721.369         198.471     799.758             118              36
    3         274.868     327.572         109.593    -984.720               3              38
   48        -273.168    1248.165        -194.303     694.221              48              36
   40          95.387     -21.102         994.392   -1291.079              40              38
  139       -2917.321    -754.070       -1571.411    -459.335             139              36
  165        -702.257     105.035         390.454     331.594             165              38
   62       -1142.509   -2641.161        -734.102    -814.484              62              36
  111         621.003     543.399        -637.321     330.867             111              38
   82       -1501.253     384.817        -630.313      82.960              82              36
  145        -383.594     -56.035        -647.585     457.676             145              38
   47        -829.764    1836.284        -735.491    1232.962              47              36
   45         508.626    1171.675        1141.465    1136.580              45              38
   92        -385.325    -195.965         -81.045    -220.998              92              36
  243         224.548    1770.293         809.971    1512.165             243              38
   74         437.099    -752.492        1541.856    -939.596              74              36
  216       -1541.371   -1544.063         -51.712    -497.731             216              38
  145         420.516   -1969.528         165.771    -718.947             145              36
   52        -438.436    -140.828        -183.597       3.121              52              38
    2         243.618   -1819.218         307.210   -1295.116               2              36
  169       -2768.170    -565.708       -1947.497    -361.009             169              38
   89        -251.519    -385.023        -449.711     825.774              89              36
  174       -1012.385    1136.093        -722.608     613.375             174              38
  230        -430.354    -488.008         491.227     764.621             230              36
  134        -251.832    -694.254        -557.887     -97.029             134              38
   81        -208.953     986.005         122.256    1490.286              81              36
  148        1289.701    -864.609        1462.597      -3.775             148              38
  228         874.074   -1911.090         223.609   -1538.985             228              36
  187       -3085.426     -24.602       -1984.535    -373.950             187              38
   45        -593.370    -189.907        -245.036    1588.230              45              36
  122         -49.301    -779.669          66.584    -468.957             122              38
  196       -1455.057    -945.530       -1511.913    1041.718             196              36
  240        2019.740    1703.200         890.851    1878.966             240              38
  168        1557.701   -1251.862        1134.668    -646.021             168              36
   58        -857.290     641.229       -1138.857    -259.489              58              38
  193       -1396.138     372.707        -215.552    1371.244             193              36
  247        1305.620     -98.011         710.552     459.239             247              38
   68        -562.134   -1022.593          73.864    -321.527              68              36
  144        -285.335    -747.623        -821.039     470.268             144              38
  217         960.989     347.248         159.093     831.818             217              36
   18          92.034     872.183        -317.726     728.263              18              38
  149        1504.883     850.022        1231.638     890.540             149              36
  220        -916.524    -678.673        -182.014   -1408.203             220              38
  102       -2818.813    -503.131       -1686.362    1041.958             102              36
   49         770.846     554.851          96.964    1378.406              49              38
   99        -120.685     690.153         -92.416    1090.217              99              36
  138         447.385    1019.240         716.814    1291.544             138              38
  116         204.440   -1037.185         548.829     114.412             116              36
  156         364.856     406.010           8.544     975.293             156              38
   76         510.253    -351.533         753.248    -155.337              76              36
  161       -2874.595      84.036       -1390.029     943.453             161              38
    4        1585.916   -1234.453        1409.666    1531.499               4              36
  210         282.563    -878.743        -606.298     -45.246             210              38
  232        1490.675     679.433         802.462    1915.102             232              36
  197         -27.445    -215.837          67.510     -64.613             197              38
  191         512.904    -525.414         404.402    1709.223             191              36
   54        1084.017    -453.763          84.298     473.548              54              38
   96        2564.281     922.979         967.791    2000.086              96              36
  197         219.758    1364.515         641.099     104.409             197              38
  155         455.308   -1092.666         965.490    1324.867             155              36
   16        -743.104     315.216        -385.201      48.192              16              38
  224         343.266   -1629.463        1465.443    2433.564             224              36
  123        1300.604   -2476.601        -279.815   -1056.953             123              38
  239        1021.740     176.704         689.507    3089.616             239              36
  232       -2004.813   -3058.010       -1703.172   -1725.423             232              38
  205          90.382    1391.169       -1549.667    7905.020             205              36
  123           5.865    1430.474         406.948    1076.850             123              38
  159        1205.453    -933.770         640.352   19798.190             159              36
