SINAL     NFT                         FFT                         NFT INVERSA     FFT INVERSA
-----     -----------------------     -----------------------     -----------     -----------
  213       66136.000       0.000       34323.495       0.000             213             141
   62        -662.780     332.962        -207.482  -19883.972              62              63
  187        -508.649      80.515        -317.429    -232.639             187             128
   69       -1998.679    -286.203        -819.902   -6268.100              69              67
   13         438.627     -10.699        -400.598     738.933              13              41
  191          87.867    1340.909         202.905   -2697.048             191             128
  223        1471.850     -63.846         750.336      -1.445             223             146
  220        -381.424    1494.059        -141.533   -1734.369             220             142
   29        2489.579     376.457        2118.118       1.961              29              49
  179       -1488.352    -884.087        -362.029   -3329.521             179             122
  193         725.212    -544.071         188.353     184.048             193             131
  127        -789.421     807.260        -673.944   -1782.812             127              96
   94         347.408    1333.694         864.548    1361.422              94              82
   72         844.992   -1113.148        1247.291   -2041.576              72              68
   32        1552.735    -324.192         636.095    -619.983              32              51
   21       -1648.797    -257.718          31.793   -2268.288              21              43
  101        -707.497   -2581.427        -494.320    -549.074             101              85
   72         462.429      63.243        -669.758    -583.712              72              68
  214        2394.755     337.421        1009.735      48.091             214             142
  185        -993.597    1001.690        -889.670   -1515.757             185             125
  178         123.397     976.713         669.030    1077.604             178             124
   38         447.518    -550.840         317.477   -1609.026              38              51
   57         754.211     682.241         548.048     283.181              57              63
  222        -542.913    -521.966         -36.635   -1956.607             222             143
   32        -317.202     641.347        -328.805     575.252              32              51
   86        -478.587     903.226         423.167    -992.835              86              75
   84       -1186.071   -1147.914         381.458     135.144              84              77
    4        1599.059   -1862.296         355.848   -1509.194               4              34
  142         376.373     672.675          46.560    -294.840             142             106
  193        -489.932    -969.716        -359.737   -1673.909             193             129
   27       -1050.105    1413.196        -820.173     376.031              27              48
  247       -1128.017    -168.971          87.722    -389.274             247             156
   57         602.804     213.410         474.025     123.545              57              63
   68       -1328.513   -1328.587         -29.482   -1594.825              68              66
   58        -459.517    -862.233        -683.008      42.599              58              64
   85        -689.567    -487.152        -404.105    -577.940              85              75
  110        1013.909      37.527         166.719     653.040             110              90
  157         377.852    -416.183         280.481   -1434.392             157             111
  111        -962.702    -317.145        -657.402     -78.567             111              90
  221        -234.492   -1735.615        -601.530   -1130.992             221             143
   55         848.262    1626.824       -1188.243     858.085              55              62
   38        -899.823    1929.348         -16.773    -248.446              38              51
  159       -1127.804     884.533        -705.711     898.617             159             114
  207        -634.065     245.868         336.209    -333.501             207             136
   58        -581.218     148.728       -1074.174     896.466              58              64
  187         767.415    1802.094        1022.550     555.377             187             126
  195        -213.231    -804.946        -326.179    -231.008             195             132
   99           8.981    2080.843         -65.466     593.824              99              82
  117        -237.142     290.291         211.350     456.536             117              93
  133         -86.493    2110.646          25.721     409.268             133              99
  157       -1395.912     697.580         772.400     900.178             157             113
   67         481.964   -1395.789         470.811    -559.131              67              66
   76        -535.470    1389.396        -168.463    1238.144              76              73
  171        1249.815    -338.142        1870.158     335.978             171             118
   50        1564.384   -1442.283         873.747    -636.813              50              60
  173         899.864    -215.699         260.638    -794.872             173             119
   62         -60.258    1226.899          17.012     739.940              62              66
  203        1915.356     -69.413        2063.031    -487.443             203             134
  176        -424.769    -978.380         -71.899   -1749.755             176             123
  121       -2258.392    -487.580        -546.019    -447.093             121              93
    9        -214.547   -1335.322        -298.976     304.460               9              39
  181        1525.533      74.936         949.114    -289.311             181             123
   92       -1193.370   -1449.018        -801.748   -1080.720              92              81
  204         -35.029     975.521        -503.248    1079.989             204             134
   56         818.174     272.485        1039.937     190.417              56              63
  185         400.469   -1009.842         369.406    -701.856             185             125
   81        -582.571    -832.187        -524.135    -351.609              81              75
   44        1297.958     140.745          17.458     783.311              44              54
  252        1452.416    1443.494         870.036    -135.192             252             161
  153        -817.281    -766.169         194.548    -224.975             153             109
  200        2233.440    -738.291         498.618    -406.252             200             135
  145         437.002    1316.269         -44.796    -428.923             145             105
   26        -884.799     418.013         -56.264    -625.946              26              48
  226       -1708.808     200.023        -922.627     410.071             226             145
  214        1459.651     642.866        1227.512     425.281             214             142
  229       -1067.383   -1121.936        -491.170   -1445.280             229             147
  180       -1209.150     888.504        -952.211     869.926             180             125
   10         111.665     323.931         320.872     361.744              10              37
  245       -1031.148     896.115        -254.157     306.911             245             157
  129        -974.722   -1216.845         123.167     843.702             129              97
  248        2774.785    -162.352         511.681     316.902             248             159
  215        -297.445    1500.967        -121.545    1006.297             215             140
  208        3388.710    1196.394        1982.372    1078.333             208             139
    7         504.587     333.636        1045.847    -860.387               7              36
  173        1308.252     -65.072        1170.287     129.756             173             121
  244         612.900   -2181.893         813.502   -1944.856             244             154
   50         708.140      18.703       -1596.454    -130.557              50              60
  106         197.482    4593.452         708.024    1574.767             106              85
   82         455.918    -599.280        1526.193    -435.271              82              76
  226         318.769     997.512         377.795    -162.899             226             145
    8         272.233      28.648        1572.761    -480.692               8              39
   79        -584.872   -1549.511         166.185   -1537.278              79              72
  170       -1052.627    -470.262        -184.828    -717.182             170             120
   69       -1929.929   -1037.630        -775.680     -35.012              69              67
  172        2049.651     -44.433        1069.214     456.863             172             121
   36        -764.180    -470.110        -178.332   -1269.581              36              50
  190        -465.785     812.009        -144.916     956.464             190             130
  144         162.361    -185.355        1429.407    -177.290             144             104
  115        1005.318   -2938.707         904.870   -1420.329             115              92
  254        -710.198   -1224.329       -1143.727   -1257.923             254             159
    8         570.220     282.338          78.584     532.042               8              39
  102        -609.359    -341.520        -661.351   -1146.245             102              83
  116        -886.768    2122.084        -576.749    1828.798             116              93
    2         361.781     374.725        1749.101    -229.746               2              33
  125       -1140.454   -2339.124          83.324    -381.222             125              97
  240        1897.448   -1983.375         731.938    -675.810             240             152
   35         221.806    -488.770        -685.349    -514.302              35              52
    3         525.602    1009.126         267.652     837.942               3              34
   73        1773.777    -550.998        1336.070    -398.679              73              71
  217         540.427    -372.976          81.496    -850.705             217             141
  198         508.498      -5.280         687.898    -416.290             198             134
   89        -586.422   -1112.172        -415.596   -1029.249              89              77
  236         867.609     491.695         705.919     269.039             236             153
   95        -857.651   -1896.081        -116.823   -1956.203              95              80
  153        -551.958    -478.613        -666.780     649.148             153             111
  225        1675.514   -1067.540         597.855   -1193.174             225             145
  129       -1088.327     955.678        -794.363     422.850             129              99
  132        1723.852   -1838.205        1533.393    -998.047             132              98
  209        -264.082    -977.559       -1320.770   -1568.580             209             139
  177       -1183.740     321.596        -631.197       0.699             177             121
   53         -90.184    -739.704        -716.632    -151.852              53              61
  143         849.170     976.349        -177.458     235.669             143             104
   42        -192.920    1152.430         203.720    -112.624              42              56
  210        -878.306   -1778.672        -197.323   -1240.197             210             137
  196       -1177.376     329.899       -1922.856     255.711             196             133
   99         730.332    1330.789         710.374    1345.316              99              82
  211        1521.216    -881.270         385.872   -1334.194             211             140
  250       -1140.390    1008.588       -1262.447      58.195             250             157
   35         748.779    1465.086         265.000     108.000              35              52
  137       -2622.844     594.707       -1196.206    -627.980             137             101
   79       -1219.965    1163.890        -892.980    1252.083              79              74
   31        -733.319    1783.406         -44.509     889.077              31              48
  164        -135.071    1458.658         827.938    1313.328             164             117
   98         340.345    -625.455        1508.563    -634.413              98              81
  101       -1153.686   -2102.551         -83.895   -1043.653             101              85
  217         -90.928   -1902.606        -633.823    -327.785             217             141
  144        1354.094     629.418         124.100     117.935             144             107
   96        -987.498    -716.907        -683.068    -933.059              96              80
  135        -211.437    1621.853        -728.998    1015.530             135             102
   10        -796.389    -379.621         348.401    -600.359              10              37
  143       -1072.054    -109.828       -1486.101     404.184             143             106
   31          54.930    1111.130         209.859     900.586              31              48
  202         256.168     581.658        -227.350     302.431             202             136
  184       -1065.165     849.161         -82.125     555.981             184             124
  210         972.006     209.492         185.064     981.177             210             140
  121        1207.292    1315.454         998.672      35.032             121              93
   97        -510.184     329.627         176.895     -29.593              97              83
  216        -102.706   -1133.889         717.992    -914.647             216             140
   18       -1327.692   -1388.303       -1919.882    -700.823              18              44
   34        -200.303    2781.587        -446.523    1966.242              34              49
   39         796.103     463.458         801.783     293.054              39              54
  222          23.056    1274.271         249.847     267.140             222             143
  159        -678.163    -812.802         205.927    -687.104             159             114
  173       -1268.301     575.101       -1585.587     266.635             173             119
  107       -1343.144    2437.921        -121.459    1683.650             107              88
    2        -300.378     331.732         152.612    1137.785               2              33
   58         739.195    2074.093        1334.448    1527.744              58              64
   51         734.283   -1713.936        1405.123    -280.439              51              58
  182        1105.966     333.515         687.125    -132.142             182             126
  161        -900.970   -2067.932         113.891    -357.019             161             113
  160        3185.941     705.981         682.206     752.872             160             115
   30         178.626    -233.392         862.660   -1028.279              30              47
  139         966.124     171.545        -460.686     104.355             139             104
  142        -242.995    1531.353         466.473     -49.568             142             103
  183        -170.601     297.322         -42.666     211.259             183             126
   20        -308.876     529.180         357.030     173.298              20              42
   95        1639.422    1015.252         909.784     519.290              95              82
  161        -806.741    -282.919         790.035   -1580.636             161             113
   65       -1496.527    -315.227       -1326.355     309.287              65              67
  229         486.641    1538.081        1226.398     450.094             229             147
  110        -737.949    -689.783          80.438    -733.323             110              90
  123       -1513.587    -315.392         246.377    -639.072             123              94
  100       -2141.668   -2209.297       -1307.846    -560.177             100              85
  152         -78.590     558.381        -498.365    1162.560             152             108
  161         740.031    1232.464         341.424     510.910             161             115
  161       -1703.142     554.209         257.212     235.461             161             113
  157         -55.166   -1191.569          14.479     105.707             157             113
    1       -1199.803     814.167        -285.121     703.756               1              33
  106        1413.432    -426.555        1274.547    1007.916             106              88
  176         114.337    -704.441         350.857   -1314.242             176             120
  158       -1872.207     477.156        -859.803    1629.594             158             114
  222        2581.793   -1124.797        2354.078     332.907             222             143
   86        2155.207    -689.295         323.369    -467.553              86              78
   73         904.306     542.144        1801.967    -957.205              73              69
  192       -1830.425   -3322.673       -1500.310   -1780.245             192             131
  138         487.005    1900.808         -56.984    1168.444             138             101
   67        -488.808   -1156.898         337.731    -818.161              67              68
   63         -16.678    -407.990          11.428    -150.622              63              64
  252        -907.421   -1288.178        -769.974   -1199.370             252             161
   62       -2545.486    1024.069       -1446.975    1076.126              62              63
   52         200.918    -961.171         552.857     729.835              52              61
   77         114.243   -1094.576        -161.621    -235.119              77              71
  249         206.114   -1153.325        -857.938     290.416             249             159
  183         658.247    1839.582        -648.174    1294.331             183             124
  128         625.323    1508.546         285.536    1649.957             128              99
  190        2393.889    1862.455        1318.019    1234.909             190             127
  144        1203.902    1310.381        1374.228     215.391             144             107
   53         617.762    -229.546        1374.668    -256.485              53              59
   67         826.123   -1533.220         289.291   -1379.247              67              68
  245       -1490.888    1091.561       -1023.847     169.253             245             155
  238        -211.887     701.739         118.331     944.217             238             154
  218         -82.527    1422.881         691.441    1012.867             218             141
   54        1528.098   -1182.484        1660.040     -14.025              54              62
  117         899.577     -89.812         475.033    -754.345             117              91
  188        -193.953    -519.523         387.325    -436.098             188             129
  247        -749.194     156.057        -229.648    -130.025             247             156
  174         675.460   -1169.990        1008.933     -57.793             174             122
  139         200.362    -417.359        -550.339   -1436.073             139             102
   17       -3191.840     936.611        -929.796     580.635              17              43
  142       -1149.930   -1455.206        -434.400     465.574             142             103
  174         889.709     518.784         293.006    1273.176             174             122
   26         -53.203     194.148         329.987     275.390              26              45
  127        1184.148      24.255        1357.826    1343.300             127              98
  192        1743.862   -2215.069        1170.544   -2035.582             192             128
   37       -2229.258    -160.581       -1559.439     613.461              37              53
  227        1735.757   -1138.089         988.740     305.149             227             146
   43         439.123     459.491        -662.046     809.526              43              56
   44        2478.688     656.305        1800.878     702.191              44              54
  112        1183.654    -234.670         243.542    -208.466             112              91
  148        1902.596     930.445        1588.716    -235.437             148             106
   13       -1711.136   -1538.281        -760.164   -1151.305              13              41
   71        1200.682     314.978         128.339     627.718              71              68
   28       -1672.153    1122.022        -922.919     135.221              28              49
  146         745.729    1147.737        1236.620    2613.623             146             105
  250        3461.130   -1164.717        2512.684   -1104.045             250             160
   46        -326.264   -1094.800         -76.934    -827.901              46              55
  130         899.127    -416.916         312.541     -82.724             130             100
  178         583.586    -349.997         493.262     -15.709             178             121
   88        1259.997    -489.088         298.825    -350.567              88              79
  247         461.281     703.218         410.203     442.184             247             156
   13        1818.001    -449.575        1203.020    -487.569              13              41
   29        -402.470    -664.285          87.176    -893.206              29              47
  117         280.645   -1056.962        -409.134    -150.359             117              93
  199        1003.329    1355.674         363.108     985.641             199             132
  113        2874.631    -456.745        1848.251    -501.013             113              91
   52        -105.325      66.906        -226.768   -1390.591              52              58
  249          64.889     344.708         133.800     403.101             249             159
   32        1138.376     585.039        1107.864    -959.040              32              48
  105       -2090.429   -1628.241        -439.429   -1526.992             105              87
   69       -1353.801    -897.427       -1282.255    -353.065              69              67
  165        -902.581     348.004        -532.381     642.358             165             117
  177           6.913     -90.473        -174.549     396.497             177             121
    8         506.511    1031.934         412.184     863.779               8              39
  226         121.937   -1026.185         802.954    -437.250             226             145
   26        1203.128    -895.835        -225.326      51.314              26              48
  129         830.434    1761.685         730.020    -147.674             129              97
  122       -2156.048   -1633.898        -524.141    -600.451             122              96
   33         655.289    -353.089        -290.519     706.963              33              49
  158        1290.871     308.091         330.778     419.712             158             114
  224        1026.271    1837.850         481.486     633.613             224             144
  245         462.994     111.377        1359.452      14.929             245             157
  240         371.243    -651.193         409.510    -913.664             240             152
  178        -996.748    -607.932         427.995     -31.402             178             124
  115         899.117   -2902.514         549.602   -1279.956             115              90
  186         114.353   -1407.449        -733.513    -530.632             186             128
  212        1135.719    -713.767        -164.989    -596.903             212             138
  221        -754.000       0.120       -1281.000       0.000             221              38
  251        1135.536     714.605        -164.997     596.903             251              35
   21         113.838    1407.842        -733.513     530.631              21              38
  245         898.028    2902.759         549.597    1279.957             245              35
  153        -996.982     607.257         427.994      31.403             153              38
  114         371.182     650.981         409.507     913.665             114              35
  237         463.153    -111.619        1359.452     -14.926             237              38
  208        1026.940   -1837.621         481.487    -633.612             208              35
   54        1290.827    -307.477         330.778    -419.712              54              38
  164         654.799     353.472        -290.518    -706.964             164              35
   11       -2156.641    1633.020        -524.143     600.450              11              38
  195         831.260   -1761.483         730.019     147.677             195              35
  235        1202.778     896.382        -225.326     -51.315             235              38
  245         121.445    1026.053         802.953     437.252             245              35
  100         506.690   -1031.892         412.186    -863.779             100              38
  187           6.625      90.520        -174.548    -396.497             187              35
  167        -902.665    -348.195        -532.380    -642.359             167              38
   38       -1354.112     897.100       -1282.256     353.062              38              35
  158       -2090.563    1627.345        -439.431    1526.990             158              38
  109        1139.048    -584.939        1107.861     959.043             109              35
   73          65.283    -344.765         133.801    -403.101              73              38
   65        -104.819     -66.957        -226.772    1390.589              65              35
  116        2874.744     457.596        1848.250     501.017             116              38
   64        1003.668   -1355.284         363.111    -985.642              64              35
   42         280.222    1057.211        -409.134     150.359              42              38
  244        -402.515     664.081          87.175     893.205             244              35
  196        1818.002     450.014        1203.018     487.571             196              38
   99         461.532    -703.118         410.204    -442.183              99              35
  140        1259.840     489.556         298.824     350.567             140              38
  212         583.424     350.172         493.262      15.710             212              35
   10         898.935     417.203         312.540      82.725              10              38
  160        -326.476    1094.578         -76.935     827.900             160              35
  194        3460.672    1165.479        2512.683    1104.047             194              38
   92         745.558   -1147.868        1236.626   -2613.620              92              35
   76       -1671.962   -1122.626        -922.918    -135.225              76              38
   98        1200.739    -314.423         128.340    -627.717              98              35
  253       -1711.527    1537.626        -760.166    1151.303             253              38
  135        1903.197    -929.980        1588.715     235.441             135              35
  236        1183.625     235.014         243.541     208.465             236              38
   25        2478.703    -655.501        1800.879    -702.186              25              35
   16         438.930    -459.161        -662.044    -809.526              16              38
   59        1734.889    1138.796         988.740    -305.146              59              35
   93       -2229.546     159.906       -1559.438    -613.464              93              38
  117        1743.132    2215.516        1170.538    2035.585             117              35
  224        1183.788     -24.214        1357.829   -1343.297             224              38
  147         -53.533    -194.376         329.987    -275.390             147              35
  140         889.387    -518.507         293.009   -1273.177             140              38
   90       -1151.003    1454.680        -434.399    -465.575              90              35
  225       -3191.553    -937.850        -929.795    -580.636             225              38
  156         200.520     417.449        -550.344    1436.072             156              35
   81         675.078    1170.046        1008.934      57.794              81              38
  159        -749.143    -156.539        -229.649     130.023             159              35
  143        -193.934     519.264         387.324     436.099             143              38
   50         899.708      89.899         475.031     754.344              50              35
   64        1527.576    1182.587        1660.039      14.028              64              38
  112         -82.308   -1423.321         691.442   -1012.866             112              35
   63        -211.828    -701.966         118.333    -944.215              63              38
   86       -1490.409   -1092.011       -1023.846    -169.257              86              35
   57         825.879    1533.418         289.287    1379.247              57              38
  225         617.840     229.299        1374.668     256.487             225              35
   82        1204.465   -1310.387        1374.227    -215.388              82              38
  217        2394.332   -1861.788        1318.022   -1234.906             217              35
   92         625.435   -1508.230         285.539   -1649.957              92              38
   46         658.489   -1838.922        -648.170   -1294.331              46              35
  214         205.336    1153.865        -857.937    -290.417             214              38
  199         113.486    1094.752        -161.623     235.119             199              35
  149         200.069     961.141         552.860    -729.833             149              38
  165       -2545.437   -1024.876       -1446.972   -1076.132             165              35
  194        -907.753    1287.996        -769.978    1199.367             194              38
   54         -16.754     407.948          11.428     150.622              54              35
  237        -489.145    1156.549         337.728     818.162             237              38
  122         487.605   -1900.533         -56.981   -1168.444             122              35
   48       -1831.373    3322.090       -1500.313    1780.243              48              38
  168         904.902    -542.125        1801.965     957.211             168              35
   29        2155.071     689.931         323.368     467.553              29              38
  113        2580.924    1125.393        2354.078    -332.901             113              35
  208       -1872.491    -478.028        -859.801   -1629.595             208              38
   91         114.059     704.304         350.853    1314.242              91              35
  250        1412.963     426.708        1274.549   -1007.913             250              38
   20       -1199.912    -814.753        -285.119    -703.755              20              35
   85         -55.828    1191.321          14.480    -105.707              85              38
   29       -1703.057    -555.157         257.212    -235.460              29              35
  203         740.380   -1232.336         341.426    -510.911             203              38
  123         -78.776    -558.226        -498.362   -1162.561             123              35
   31       -2142.627    2208.535       -1307.847     560.173              31              38
   98       -1513.568     314.528         246.374     639.072              98              35
  106        -737.928     689.086          80.435     733.323             106              38
  235         487.238   -1538.227        1226.399    -450.090             235              35
  101       -1496.540     314.589       -1326.354    -309.290             101              38
  164        -806.421     282.314         790.030    1580.637             164              35
  239        1639.986   -1015.007         909.784    -519.289             239              38
   26        -308.689    -529.451         357.030    -173.297              26              35
    2        -170.367    -297.591         -42.666    -211.259               2              38
   17        -242.231   -1531.500         466.472      49.569              17              35
    9         966.406    -171.128        -460.687    -104.357               9              38
  234         178.794     233.434         862.657    1028.283             234              35
  207        3186.081    -704.829         682.206    -752.873             207              38
   80        -901.913    2067.542         113.888     357.018              80              35
   18        1106.017    -333.433         687.124     132.143              18              38
  102         733.478    1713.692        1405.121     280.443             102              35
   78         739.519   -2074.361        1334.450   -1527.741              78              38
  163        -300.716    -332.142         152.614   -1137.785             163              35
   96       -1342.613   -2438.500        -121.455   -1683.651              96              38
  213       -1268.136    -575.367       -1585.587    -266.640             213              35
  226        -678.306     812.469         205.927     687.105             226              38
  247          23.625   -1274.465         249.847    -267.141             247              35
   56         796.215    -463.325         801.782    -293.052              56              38
  206        -199.574   -2781.438        -446.517   -1966.243             206              35
  107       -1328.171    1388.204       -1919.884     700.819             107              38
  204        -102.957    1133.706         717.989     914.650             204              35
  132        -509.884    -330.110         176.894      29.593             132              38
  197        1207.845   -1315.175         998.671     -35.027             197              35
  210         971.853    -209.202         185.066    -981.177             210              38
  106       -1065.050    -849.565         -82.125    -555.981             106              35
  155         256.315    -581.564        -227.349    -302.432             155              38
  219          55.108   -1110.983         209.860    -900.584             219              35
   60       -1072.223     109.649       -1486.100    -404.187              60              38
  202        -796.470     379.328         348.399     600.360             202              35
   97        -210.836   -1621.801        -728.996   -1015.531              97              38
  110        -987.558     716.805        -683.071     933.059             110              35
  156        1354.380    -628.715         124.101    -117.934             156              38
   13         -91.762    1902.785        -633.823     327.783              13              35
   68       -1154.414    2101.887         -83.898    1043.652              68              38
    4         340.161     624.954        1508.561     634.418               4              35
  161        -134.720   -1459.225         827.941   -1313.326             161              38
  150        -732.876   -1783.836         -44.507    -889.076             150              35
  217       -1219.662   -1164.277        -892.978   -1252.084             217              38
   84       -2622.334    -595.570       -1196.204     627.981              84              35
  123         749.663   -1464.741         265.000    -108.000             123              38
  171       -1139.707   -1008.651       -1262.450     -58.201             171              35
  126        1521.216     881.940         385.869    1334.196             126              38
   78         730.675   -1330.426         710.377   -1345.315              78              35
  215       -1177.317    -329.916       -1922.855    -255.715             215              38
    8        -878.687    1778.458        -197.327    1240.196               8              35
   25        -192.216   -1152.557         203.720     112.625              25              38
  208         849.664    -975.773        -177.457    -235.668             208              35
   83         -90.432     739.967        -716.631     151.851              83              38
  118       -1183.452    -321.721        -631.197      -0.701             118              35
  174        -263.988     977.787       -1320.773    1568.576             174              38
  179        1723.407    1838.766        1533.389     998.052             179              35
  187       -1087.860    -956.022        -794.361    -422.850             187              38
  206        1675.285    1068.282         597.852    1193.175             206              35
  200        -552.171     478.538        -666.778    -649.150             200              38
  215        -858.057    1895.709        -116.828    1956.203             215              35
  133         867.993    -491.524         705.920    -269.038             133              38
   80        -586.591    1111.927        -415.598    1029.247              80              35
  120         508.810       5.335         687.898     416.291             120              38
  250         540.594     373.108          81.493     850.705             250              35
   75        1773.700     551.458        1336.070     398.683              75              38
  227         525.871   -1008.921         267.655    -837.942             227              35
  113         221.680     489.115        -685.349     514.300             113              38
   29        1896.600    1984.094         731.936     675.811              29              35
   23       -1141.459    2338.341          83.324     381.222              23              38
  156         361.836    -375.192        1749.101     229.750             156              35
  196        -886.110   -2122.498        -576.744   -1828.800             196              38
  222        -609.314     341.465        -661.356    1146.243             222              35
    7         570.422    -281.973          78.585    -532.042               7              38
   84        -710.472    1224.322       -1143.731    1257.919              84              35
   95        1004.456    2938.819         904.868    1420.332              95              38
  132         162.234     184.887        1429.407     177.294             132              35
   84        -465.524    -812.406        -144.915    -956.465              84              38
  139        -764.124     469.748        -178.337    1269.578             139              35
  145        2049.582      45.018        1069.214    -456.860             145              38
  209       -1930.438    1036.840        -775.681      35.009             209              35
  186       -1052.544     469.685        -184.828     717.182             186              38
  139        -585.011    1548.907         166.181    1537.277             139              35
  232         272.624     -29.154        1572.760     480.695             232              38
  206         319.415    -997.830         377.794     162.898             206              35
  187         455.985     598.859        1526.193     435.274             187              38
  198         199.303   -4593.534         708.028   -1574.766             198              35
  139         708.438     -17.990       -1596.454     130.553             139              38
  134         612.451    2182.092         813.497    1944.857             134              35
   28        1308.444      65.140        1170.287    -129.753              28              38
  215         504.957    -333.814        1045.845     860.388             215              35
  210        3389.060   -1195.495        1982.374   -1078.329             210              38
   62        -297.144   -1501.005        -121.543   -1006.297              62              35
   98        2774.398     163.462         511.681    -316.901              98              38
   38        -975.658    1216.392         123.169    -843.703              38              35
  109       -1030.998    -896.679        -254.156    -306.912             109              38
  220         111.667    -323.970         320.872    -361.744             220              35
  246       -1208.914    -888.850        -952.208    -869.928             246              38
  107       -1067.517    1121.539        -491.174    1445.277             107              35
  126        1459.922    -642.552        1227.511    -425.279             126              38
   74       -1708.744    -200.680        -922.626    -410.074              74              35
  184        -884.263    -418.410         -56.265     625.946             184              38
  102         437.936   -1316.013         -44.797     428.923             102              35
  100        2233.327     739.201         498.616     406.253             100              38
    3        -817.455     765.749         194.548     224.974               3              35
  224        1453.094   -1443.057         870.035     135.194             224              38
  119        1297.881    -140.091          17.461    -783.311             119              35
  193        -582.935     832.122        -524.138     351.608             193              38
  113         400.202    1009.866         369.406     701.861             113              35
  177         818.201    -272.387        1039.938    -190.416             177              38
   22         -34.860    -975.425        -503.246   -1079.994              22              35
   57       -1193.755    1448.706        -801.751    1080.718              57              38
  142        1525.606     -74.448         949.114     289.313             142              35
   60        -215.237    1335.193        -298.975    -304.461              60              38
   88       -2258.442     486.631        -546.020     447.090              88              35
  171        -424.566     977.953         -71.904    1749.754             171              38
  222        1915.625      69.655        2063.030     487.449             222              35
  230         -59.727   -1227.093          17.014    -739.941             230              38
  117         900.000     216.033         260.635     794.872             117              35
  144        1563.920    1442.604         873.746     636.813             144              38
  207        1249.444     338.094        1870.157    -335.975             207              35
  169        -535.235   -1389.820        -168.461   -1238.143             169              38
   45         481.299    1395.657         470.809     559.131              45              35
  121       -1395.773    -698.609         772.401    -900.178             121              38
   11         -85.697   -2110.935          25.721    -409.267              11              35
  253        -236.979    -290.510         211.351    -456.536             253              38
   55           9.741   -2080.839         -65.465    -593.825              55              35
   14        -213.413     804.850        -326.179     231.006              14              38
  158         767.988   -1801.919        1022.551    -555.374             158              35
  120        -581.287    -148.847       -1074.170    -896.468             120              38
   40        -634.006    -246.152         336.207     333.501              40              35
  164       -1127.398    -885.020        -705.710    -898.619             164              38
   36        -898.852   -1929.543         -16.774     248.447              36              35
  112         849.041   -1626.015       -1188.240    -858.087             112              38
   21        -235.018    1735.951        -601.533    1130.990              21              35
  252        -962.581     316.915        -657.402      78.565             252              38
  202         378.022     416.378         280.475    1434.392             202              35
  113        1013.971     -37.093         166.720    -653.039             113              38
   69        -689.762     487.057        -404.107     577.940              69              35
   61        -459.735     862.138        -683.008     -42.601              61              38
   53       -1328.710    1327.979         -29.486    1594.828              53              35
  118         603.098    -213.442         474.025    -123.546             118              38
  213       -1127.927     168.398          87.720     389.271             213              35
   87       -1049.255   -1413.533        -820.171    -376.034              87              38
  255        -489.736     969.635        -359.743    1673.907             255              35
  103         377.120    -672.454          46.560     294.840             103              38
    8        1598.627    1862.871         355.844    1509.193               8              35
  235       -1186.333    1147.151         381.459    -135.144             235              38
  223        -477.913    -903.719         423.164     992.836             223              35
  183        -316.570    -641.517        -328.803    -575.252             183              38
   89        -542.550     521.683         -36.640    1956.605              89              35
  144         754.966    -682.096         548.050    -283.181             144              38
   80         447.715     550.853         317.471    1609.026              80              35
   37         124.074    -976.838         669.033   -1077.602              37              38
  134        -992.645   -1001.952        -889.674    1515.753             134              35
  133        2395.378    -336.407        1009.734     -48.089             133              38
   59         462.584     -62.757        -669.760     583.714              59              35
  186        -708.115    2581.230        -494.321     549.073             186              38
   15       -1648.198     256.904          31.787    2268.284              15              35
  249        1553.391     324.543         636.095     619.984             249              38
  202         845.092    1113.078        1247.284    2041.577             202              35
   56         348.270   -1333.901         864.551   -1361.419              56              38
   82        -788.541    -807.512        -673.948    1782.807              82              35
   90         725.715     544.337         188.353    -184.048              90              38
  155       -1487.694     883.359        -362.037    3329.521             155              35
  172        2490.683    -375.983        2118.119      -1.957             172              38
  156        -380.044   -1494.315        -141.537    1734.363             156              35
   75        1472.861      64.291         750.336       1.445              75              38
  173          89.409   -1340.863         202.896    2697.046             173              35
  184         439.977      10.997        -400.598    -738.932             184              38
   24       -1996.676     285.566        -819.918    6268.092              24              35
  196        -505.085     -80.716        -317.431     232.638             196              38
   78        -655.591    -333.160        -207.534   19883.960              78              35
