SINAL     NFT                         FFT                         NFT INVERSA     FFT INVERSA
-----     -----------------------     -----------------------     -----------     -----------
   81       64406.000       0.000       34661.495       0.000              81              73
   27        1170.152   -1202.215         359.856  -20271.137              27              49
  133       -1018.190     -68.929        -778.836    -592.437             133              99
  202         -82.654     752.838        -623.780   -5456.337             202             136
  218        1523.485    1316.856        1422.840     211.867             218             141
  157       -1399.882   -1142.078        -750.049   -5279.058             157             114
  165        -970.750    1457.077        -669.568    1495.718             165             115
   71        1024.297     -64.845         871.345   -2870.594              71              71
   43         -67.237    1486.502         -76.315     941.027              43              54
  207        1964.027     288.827        2154.333   -2678.046             207             139
  116       -2070.534    -793.489        -729.481   -1559.174             116              90
   62       -1152.250    -499.156         -85.665   -1437.880              62              66
   46         339.697    -936.115         142.310    -625.115              46              55
  196        -550.378    -146.500        -293.596   -2113.098             196             133
  161       -2003.995     115.273       -1046.195    -324.271             161             113
   65       -2520.956      90.851        -908.211    -535.423              65              68
  218         557.991    -259.366         253.317    1466.796             218             141
  150        2199.561     615.991        1486.146   -1440.635             150             110
   45       -2254.974    -713.212        -604.319    -596.265              45              55
  234         526.537    -686.308         369.239    -720.064             234             152
  254       -1154.619    -195.570        -610.172    -371.583             254             159
    1        -635.222     199.001         108.602     290.184               1              36
    1        1054.500   -1005.399         975.972     215.969               1              33
   26        2094.756   -1100.154        1210.046   -1167.913              26              48
  252         902.847   -1251.183         122.939   -1380.260             252             158
  169        -138.126     372.692        -292.695   -1082.304             169             120
  167       -1373.085    -835.895        -485.450    -604.632             167             116
   73         783.265    -106.531         -44.088     -82.813              73              72
  212         371.048    -265.977         407.115   -1430.871             212             138
  255       -3326.733    -353.066       -2481.694    -349.064             255             163
   58        1596.458    2939.824        1031.595    2608.479              58              61
   19         520.759   -1015.168        2169.564   -1627.647              19              45
  102         465.087   -3249.839        -186.968   -1599.830             102              83
  121       -1249.818     517.143       -1196.258   -1231.737             121              96
   67       -2017.087    -730.526        -898.634    1059.368              67              66
   23        2584.976     583.989         839.109     271.171              23              47
   67          81.967     218.374         783.054    -136.778              67              66
   53        1109.431   -1000.530         623.503    -999.931              53              62
  217        -344.541    -381.439         318.229    -535.166             217             141
  124         590.725   -2351.138         312.075   -1362.838             124              97
  210         721.337    -519.928        -454.905    -694.080             210             137
    7        -213.393     188.769         -91.468    -670.185               7              39
   50          98.086    -722.465          93.302    -387.749              50              57
  221         308.241   -1052.123         265.268   -1341.684             221             146
    4          29.082   -2086.089        -681.688   -1247.266               4              34
  144          22.192     956.618       -1074.473    -929.597             144             107
  213       -2792.102      54.771        -900.490    -170.068             213             139
   90        -468.277   -1552.972        -943.433    -467.406              90              80
  214        -163.592     384.267        -721.611     388.389             214             139
  187        -130.414    -123.989        -729.200    -428.913             187             129
  111        -731.432    1259.327        -930.088    1283.705             111              88
   59        2235.009     636.618        1095.703      60.287              59              65
  234        -970.347     442.227        -771.426    -755.447             234             149
   99       -1157.357    1260.922        -741.204     805.509              99              85
  203         361.645     759.186         802.910     925.078             203             134
  130        1153.295    -799.473         690.617    -999.593             130             100
  174       -1290.024     528.008        -569.387     343.696             174             119
  160        2056.426   -1336.102        1501.197    -508.676             160             115
   14        -380.703   -1017.732       -1011.773   -1475.149              14              39
  123         384.028     470.743        -124.264     375.628             123              97
  217         127.312     -25.723        -450.794    -869.307             217             141
  122        -182.137    1141.981        -151.491     432.537             122              96
  252        -467.850    -430.844        -364.064   -1130.531             252             158
   36       -1373.753    1658.357        -807.836    1165.006              36              53
  143         638.067   -1225.882        1236.907    -977.529             143             104
  228       -1693.632   -1095.200       -1840.247    -383.979             228             149
  129        1686.215     453.036         594.301     800.592             129              97
  169         796.892     580.580        -257.996    -413.903             169             120
  187         865.168     318.796         970.553    -259.808             187             126
  232         115.564   -1451.690       -1094.959   -1895.202             232             151
   54        -944.710    2677.212       -1163.163     422.582              54              59
  153       -2183.800     842.172        -915.582    -220.283             153             112
  141       -1372.124    1007.042        -644.981     757.414             141             103
  190       -1278.770     406.459        -727.250     238.357             190             130
   47         163.666     924.820         154.827    1265.807              47              56
    6        1132.516     746.635         169.745    -434.908               6              38
  108       -1937.973    2274.914        -310.771     688.622             108              86
   29        -641.604    -676.728          15.402     -16.051              29              50
   83        -170.190    2046.896         237.270    1022.951              83              74
    0        -362.253    -960.588         963.887    -677.303               0              35
  194        -877.112    -481.556        -221.555    -235.994             194             129
   45        -251.424   -2076.881          21.563    -883.433              45              58
  111        -526.508     420.552       -1358.656     105.014             111              88
  211        -696.756    1097.301        -138.231    1083.140             211             141
  247        1741.111     844.455        1113.667     696.307             247             156
  176         412.872    -672.511        1001.776   -1507.824             176             123
   60       -1926.895   -1106.498       -1119.595    -998.355              60              62
  202       -1097.021   -1009.812        -855.336    -137.825             202             136
  107         165.214     666.968        -825.823     368.940             107              86
    0       -1316.587    1152.526        -425.309     386.972              -0              35
  138         -16.324      75.169         113.968     752.847             138             101
  199         224.804    -514.489         127.665    -815.606             199             135
  237       -1257.790     565.349       -1298.419     772.717             237             151
   12        1549.045    1313.269        1067.838     431.713              12              41
   57       -2189.402     239.878        -779.967    -789.725              57              61
   93       -1720.648    -426.548        -315.334     748.485              93              82
  198         264.360   -1507.050        -150.654    -359.628             198             131
  218        -488.818      12.450        -922.002     283.924             218             144
  200        -224.233      32.487        -596.367     469.486             200             132
   71         352.924    1038.430        -904.915    1126.129              71              71
  199        1046.835    2904.775         630.453    1462.651             199             132
  117        -298.988     -72.147         251.644     -90.492             117              94
   21         188.712    1476.366        -459.854     983.475              21              43
  166          81.497    1751.627         243.617    1218.672             166             118
  141        1704.914    2682.388        1266.866    1345.600             141             103
    1       -1037.300     546.844        1002.786    -533.127               1              36
   74        -561.781     245.035          37.580    1303.276              74              69
   30        2379.366     520.969        2595.251     172.757              30              50
   39         -51.150   -1807.868         729.101   -1345.683              39              52
  195         643.066   -1539.514         352.506    -821.430             195             133
  169         384.009     604.697        -308.457     -71.682             169             117
   54         430.355     518.472        1566.333    -171.350              54              62
  171        -516.643   -3068.152         -80.010   -2220.157             171             118
  219        -811.499    -446.622       -1137.919    -290.371             219             145
  218           2.157     122.630        -181.932    -357.108             218             141
  170       -1847.530    -371.153        -919.872    -633.632             170             120
  215       -1502.846    -181.202       -1531.904     482.770             215             140
  241        -450.738    2336.519        -162.506    1788.163             241             156
  139         419.389    -804.401        1395.353     280.225             139             102
  178        1172.151   -2381.319        -140.772    -950.104             178             124
  155        1081.606    1372.146        -883.134     331.316             155             110
  247        -620.157    3017.255        -296.021    1040.789             247             159
  136           1.039    1565.126        1045.260    1139.525             136             100
  162         681.368    -803.424        1089.328    -886.766             162             116
   53       -1218.678     103.201        -923.903    -225.831              53              59
   47        -411.193    1537.219         179.587    1199.102              47              59
  196         286.510     508.486        1050.193     405.781             196             130
   26         398.819    -446.648         958.575      76.340              26              48
  249        1615.997    -473.966        1455.000    -506.000             249             157
  198         -23.326   -1440.178         481.029   -1523.976             198             134
  244         126.786    -723.522          60.631    -988.456             244             154
  181       -1999.934    -939.042        -902.783   -1603.986             181             126
  170       -2869.898     416.206       -1463.852     768.369             170             117
  235        -330.301   -1349.205         722.116     301.228             235             153
  204        1127.929   -1371.773         -33.889    -467.192             204             134
  220        -589.823    -161.762          25.153    -533.508             220             145
   32        -240.303   -1557.342        -205.075    -414.955              32              48
   69        -475.080   -2033.838        -455.449   -1581.216              69              70
  221       -1897.360    -650.410       -2847.190     219.532             221             143
  100          13.777    2524.440         -11.293    1924.434             100              85
    9         383.340   -1317.679          40.750     -10.299               9              37
    6        1414.501    1008.428        -196.319     508.945               6              38
  121         317.304    1484.668        -302.506     194.949             121              93
  196       -1371.837    2141.673          12.171     580.873             196             133
  198       -1215.993   -1772.483        -372.948    -156.883             198             131
    3         413.528    2076.372        -689.592    1266.862               3              37
  102        -349.010     759.396        1122.926     751.576             102              83
  193         635.094   -1318.322        -123.005    -521.739             193             132
  197          71.771    1754.426        -154.035     929.488             197             131
   13         162.387     244.629         648.287    -212.137              13              42
  204       -1043.776    -172.662        -653.065     -90.359             204             134
  209        -693.974    1245.822        -621.074     450.588             209             140
  189       -2539.145    1824.753        -555.859    1570.019             189             127
  200         369.574    -433.992        1089.788    1191.259             200             135
  166         622.259     -95.307         569.393     495.374             166             115
   22         646.613    -477.642         759.543     463.698              22              46
   16        1085.203     407.296         594.027     828.086              16              40
  167        1484.810    -417.033        1625.484      53.675             167             119
  138        1172.142    -587.169         415.203     132.675             138             101
  190        2802.780     144.503        2404.892    -233.055             190             130
   55         -93.820   -2864.280         -61.594   -2422.308              55              60
  235         -74.997     145.457        -793.694     -25.884             235             153
  193       -1164.929     225.985        -433.586     150.714             193             129
   78        1904.931    -703.618         975.600     920.006              78              74
  116        2691.137     168.738         725.717   -1380.759             116              90
  254       -1752.324    1269.587        -500.335      85.427             254             162
   10         474.385    -379.744         475.709    -397.061              10              37
  177       -1672.929     525.308        -291.150     136.539             177             124
  148        1246.782   -1668.477        1118.793    -195.495             148             106
  119        -237.120    -942.244        -285.562   -1518.130             119              95
  245       -1409.903   -1058.540       -1044.301     294.586             245             155
  155        1873.794      73.213         693.075      22.257             155             113
   98       -1167.298   -1167.431       -1000.990   -1072.612              98              81
  109        -147.646    1285.503        -763.679    1481.041             109              90
    5        1730.218    -544.317        1283.386    -179.843               5              35
   35         468.834    -259.784       -1069.311    -934.299              35              53
  157       -1543.030    2502.184        -952.943    1233.198             157             111
  105         854.398     672.150         467.093    1042.224             105              88
   57         727.446    2492.383         599.954     689.898              57              61
  150        -495.253    -287.409        1157.484     140.154             150             110
  158        1555.397    -694.349         370.456    -378.615             158             111
  155         121.699    1220.266         816.633     -59.662             155             113
  121        -387.062   -1492.231          -6.417    -996.260             121              93
  195        -130.213     829.327         187.835     424.376             195             133
  107         646.650   -2314.958         604.606   -1628.347             107              86
   41       -1658.408     799.252       -2097.993    -312.137              41              56
  192       -1641.973    1599.278        -298.619    1435.720             192             128
   76         199.521     194.484         347.712     793.747              76              73
  236         742.798     233.485         712.601     458.287             236             150
   98        1153.077     680.942         744.751     580.798              98              84
   55        1660.175     109.269        1726.112    -680.580              55              60
   61       -1424.099    -527.752        -540.204   -1018.570              61              66
  152          -4.101     331.947         937.093     434.471             152             108
   59        -741.470   -2548.258         330.176   -1811.606              59              65
    1        -561.136   -1741.024        -744.496    -268.257               1              33
   40         638.774    -836.868        -327.661    -597.437              40              55
   10        -149.249     942.217        -557.019     362.416              10              37
   58        -550.963    -142.587         101.730    -342.057              58              64
  131        -194.034     123.539        -628.247     418.345             131              98
   17         123.867    1058.237         850.622     161.500              17              44
  240        -583.660   -2089.348         -80.864    -977.374             240             152
   89        -693.348      87.877        -776.279    -151.396              89              80
   24        -311.742    -953.255        -199.627     159.341              24              44
  215         367.382     811.479        -755.943       7.948             215             143
   14        -660.102    1872.543         336.974    1223.592              14              39
   82        -411.201   -1043.867         563.457   -1149.203              82              76
   62       -2318.579    -772.224       -1191.746     665.883              62              63
  142        1637.840    -928.640        1132.969     -26.382             142             106
   80        -851.905   -1759.374       -1039.825    -537.183              80              72
  201        1568.432     457.521          86.442     379.554             201             136
  121       -1237.519    -196.099       -1152.235     -87.468             121              93
   79        1353.933    2263.281          24.396    1583.660              79              75
   20        -857.448     777.490         633.746      37.565              20              42
  147         -30.539    -897.109        -385.982     102.331             147             109
   47        -678.129    1722.017        -314.905    1398.316              47              56
  197        2005.316     220.644        1703.918    1056.918             197             134
  242        1147.802    -283.227        1147.123    -474.403             242             153
  108        1456.648   -1483.228        1074.695    -692.160             108              89
  211         613.702   -1059.562        -103.475   -1316.425             211             138
   61         -45.645     -29.397        -461.676    -497.612              61              66
  242       -1181.063     248.625        -635.512    -237.305             242             153
  172        -522.383    -575.260        -605.187    -295.797             172             121
   92       -2233.179    1295.579       -1590.376    1201.405              92              78
  111        2426.292     488.500        1592.097    1591.220             111              91
  186         420.605     700.971         263.220    -866.509             186             125
  253        -705.910    -941.062         461.174     317.826             253             162
  170         619.543   -1135.650        -864.193    -942.556             170             117
   32        -750.101    2383.888        -494.407    1941.799              32              51
  100        1446.063     377.023        1085.446     387.655             100              82
   58         643.623     447.081         896.860     494.766              58              64
   63        1570.299    -946.407         552.899    -863.036              63              64
  166        -273.203    1962.325          78.941     617.418             166             118
  224         404.190   -1467.842        1070.354    -743.000             224             144
   84         470.054    -262.826        -494.960    -638.393              84              77
  233       -1600.748    1486.161        -738.288     306.303             233             149
  250        -525.886     866.882         797.911    1299.789             250             160
   70         513.748   -1994.811         788.978    -933.782              70              67
   93         214.668     535.821          73.731     677.895              93              82
   96          20.261   -2032.207        1077.731   -1009.774              96              80
  206        1104.989   -1913.592        -389.775     137.011             206             138
  202        2530.643    -154.458         991.576   -1072.692             202             133
  240       -1590.483     -83.072       -1419.994    -189.777             240             155
  164        1308.983     -54.230         958.461     275.667             164             114
  175         196.336   -1608.522        -927.573    -911.802             175             123
   31        1305.423    2440.962        -164.167    1252.892              31              48
  124        1164.607     278.751        1175.778    -125.001             124              97
   22        1316.831      58.415         -45.903   -1153.822              22              43
  148       -1975.928    1580.194        -816.344     175.102             148             109
  229         759.536    -141.273         309.665      24.177             229             147
   32        -800.944    1505.615        -494.186    -169.694              32              51
  216        -685.125     595.325        -150.551     232.292             216             140
   31       -1545.103    1875.764        -223.540     368.093              31              51
  123       -1774.660   -1469.929         186.865      71.752             123              94
   67         444.475    -392.178        -559.359     398.430              67              69
  190         376.757    1293.099         285.338     924.848             190             127
   64         609.005    1593.270         664.137     840.264              64              67
   34         214.000      -0.248        1561.000       0.000              34              35
  107         609.483   -1593.421         664.133    -840.262             107              39
   23         377.025   -1292.960         285.340    -924.846              23              35
   56         444.005     392.402        -559.360    -398.432              56              39
  204       -1775.409    1469.000         186.866     -71.752             204              35
  151       -1544.383   -1876.644        -223.541    -368.094             151              39
  208        -684.702    -595.674        -150.551    -232.292             208              35
   74        -800.130   -1505.879        -494.188     169.692              74              39
  117         759.672     141.532         309.665     -24.175             117              35
  138       -1975.048   -1580.813        -816.343    -175.105             138              39
   11        1317.379     -57.824         -45.905    1153.823              11              35
  172        1164.943    -278.368        1175.778     125.003             172              39
   80        1306.288   -2440.185        -164.165   -1252.892              80              35
  150         195.821    1609.001        -927.576     911.798             150              39
   67        1308.887      54.790         958.461    -275.664              67              35
  128       -1590.360      82.736       -1419.994     189.773             128              39
  216        2530.792     155.614         991.575    1072.694             216              35
   38        1104.117    1914.157        -389.773    -137.013              38              39
  153          19.369    2031.986        1077.728    1009.777             153              35
  215         214.724    -535.957          73.734    -677.896             215              39
   76         512.878    1994.689         788.977     933.784              76              35
   63        -525.826    -867.521         797.915   -1299.789              63              39
    2       -1600.164   -1486.764        -738.289    -306.305               2              35
  240         470.205     263.091        -494.961     638.391             240              39
   27         403.791    1467.732        1070.353     743.002              27              35
  202        -272.361   -1962.582          78.943    -617.419             202              39
   60        1570.107     946.905         552.896     863.037              60              35
   81         643.723    -447.076         896.862    -494.764              81              39
    9        1445.970    -376.738        1085.446    -387.654               9              35
  135        -749.505   -2383.993        -494.401   -1941.800             135              39
   40         619.057    1136.142        -864.196     942.554              40              35
  226        -706.277     940.702         461.175    -317.826             226              39
   31         420.946    -701.006         263.218     866.510              31              35
   96        2426.111    -487.746        1592.101   -1591.215              96              39
  230       -2233.125   -1296.183       -1590.373   -1201.409             230              35
  113        -522.566     575.273        -605.187     295.795             113              39
  172       -1180.826    -248.918        -635.514     237.303             172              35
  228         -45.336      29.586        -461.677     497.611             228              39
  105         613.641    1059.909        -103.479    1316.424             105              35
   76        1456.285    1483.574        1074.694     692.163              76              39
  223        1147.676     283.291        1147.121     474.405             223              35
   35        2005.062    -220.295        1703.920   -1056.913              35              39
   52        -677.943   -1722.291        -314.902   -1398.317              52              35
  158         -31.044     897.078        -385.982    -102.333             158              39
   14        -857.222    -778.000         633.745     -37.564              14              35
  107        1354.570   -2262.678          24.400   -1583.659             107              39
  119       -1237.684     196.039       -1152.236      87.465             119              35
   68        1568.473    -456.629          86.443    -379.552              68              39
  123        -852.687    1759.346       -1039.826     537.181             123              35
  236        1637.188     929.160        1132.968      26.386             236              39
  251       -2319.163     771.337       -1191.743    -665.885             251              35
  136        -411.536    1043.393         563.453    1149.204             136              39
  238        -659.436   -1872.964         336.976   -1223.591             238              35
    4         367.642    -811.125        -755.943      -7.950               4              39
  126        -312.179     953.324        -199.627    -159.342             126              35
    6        -693.364     -87.991        -776.280     151.394               6              39
   33        -584.291    2089.037         -80.866     977.374              33              35
   23         124.272   -1058.416         850.622    -161.497              23              39
   15        -194.013    -123.571        -628.246    -418.345              15              35
  147        -550.968     142.406         101.730     342.058             147              39
   19        -148.818    -942.091        -557.019    -362.417              19              35
    5         638.477     837.409        -327.662     597.437               5              39
  171        -561.806    1740.970        -744.496     268.255             171              35
  114        -742.254    2547.701         330.172    1811.608             114              39
  203          -3.903    -332.378         937.094    -434.471             203              35
  248       -1423.976     526.968        -540.209    1018.568             248              39
  111        1660.532    -109.069        1726.112     680.585             111              35
   27        1153.265    -680.802         744.752    -580.797              27              39
  233         742.663    -233.400         712.602    -458.286             233              35
  177         199.238    -194.640         347.713    -793.746             177              39
  121       -1641.643   -1599.881        -298.615   -1435.721             121              35
  138       -1657.922    -799.506       -2097.993     312.130             138              39
  186         646.128    2315.193         604.603    1628.348             186              35
   42        -129.848    -829.529         187.836    -424.375              42              39
  119        -387.385    1491.899          -6.418     996.260             119              35
  144         122.382   -1220.463         816.633      59.663             144              39
   89        1555.223     694.720         370.454     378.617              89              35
   83        -495.359     286.789        1157.484    -140.151              83              39
   83         728.354   -2492.405         599.956    -689.896              83              35
  154         854.466    -671.888         467.095   -1042.223             154              39
  205       -1542.182   -2502.485        -952.942   -1233.198             205              35
   55         469.019     260.346       -1069.314     934.295              55              39
   59        1729.997     545.015        1283.386     179.847              59              35
  141        -147.451   -1285.321        -763.674   -1481.043             141              39
  101       -1167.611    1167.317       -1000.992    1072.610             101              35
  203        1873.774     -72.418         693.075     -22.255             203              39
  192       -1410.397    1058.238       -1044.301    -294.588             192              35
  136        -237.264     942.200        -285.565    1518.130             136              39
   31        1246.168    1668.676        1118.792     195.496              31              35
  119       -1672.756    -526.138        -291.150    -136.540             119              39
   15         474.415     379.701         475.708     397.062              15              35
   89       -1751.498   -1270.257        -500.334     -85.429              89              39
  124        2691.594    -167.690         725.715    1380.760             124              35
  237        1904.472     704.303         975.603    -920.003             237              39
  146       -1165.013    -226.356        -433.585    -150.714             146              35
   34         -74.778    -145.242        -793.693      25.882              34              39
  202         -94.416    2864.197         -61.597    2422.308             202              35
  188        2802.999    -143.882        2404.892     233.061             188              39
  243        1171.790     587.359         415.203    -132.674             243              35
   22        1484.447     417.240        1625.485     -53.671              22              39
  248        1084.985    -407.156         594.028    -828.086             248              35
   20         646.050     477.660         759.543    -463.697              20              39
  166         621.762      95.231         569.394    -495.373             166              35
  205         368.785     433.679        1089.791   -1191.257             205              39
  148       -2538.927   -1825.948        -555.857   -1570.021             148              35
   28        -693.602   -1246.050        -621.074    -450.589              28              39
  239       -1043.789     172.305        -653.064      90.357             239              35
  254         162.552    -244.752         648.286     212.138             254              39
   29          72.361   -1754.351        -154.035    -929.489              29              35
   59         634.535    1318.530        -123.008     521.739              59              39
   32        -348.920    -759.787        1122.927    -751.573              32              35
  218         413.997   -2076.129        -689.589   -1266.863             218              39
   66       -1216.797    1772.035        -372.949     156.883              66              35
    2       -1371.001   -2142.344          12.172    -580.873               2              39
   31         318.041   -1484.371        -302.507    -194.950              31              35
  209        1414.800   -1007.553        -196.318    -508.944             209              39
  102         382.609    1317.971          40.750      10.299             102              35
  162          14.235   -2524.148         -11.287   -1924.433             162              39
  142       -1897.764     650.439       -2847.190    -219.538             142              35
   86        -475.708    2034.028        -455.452    1581.216              86              39
   45        -240.822    1557.260        -205.076     414.954              45              35
   17        -589.820     161.574          25.152     533.509              17              39
  168        1127.354    1372.182         -33.890     467.192             168              35
  145        -331.183    1348.886         722.117    -301.225             145              39
  144       -2869.904    -417.309       -1463.851    -768.372             144              35
  230       -1999.862     938.343        -902.786    1603.985             230              39
  144         127.002     723.454          60.629     988.456             144              35
  217         -23.429    1439.910         481.029    1523.980             217              39
  189        1616.009     474.102        1455.000     506.000             189              35
  195         398.593     446.320         958.571     -76.342             195              39
  167         286.558    -508.872        1050.194    -405.779             167              35
  140        -410.805   -1537.586         179.588   -1199.102             140              39
  165       -1218.533    -103.673        -923.903     225.830             165              35
  151         681.253     803.302        1089.324     886.769             151              39
  113           1.566   -1565.584        1045.262   -1139.521             113              35
   25        -618.997   -3017.431        -296.018   -1040.790              25              39
   65        1082.218   -1371.234        -883.134    -331.318              65              35
  220        1171.222    2381.980        -140.775     950.103             220              39
   80         418.795     804.222        1395.353    -280.222              80              35
  179        -450.318   -2336.731        -162.501   -1788.163             179              39
  215       -1503.115     180.955       -1531.903    -482.773             215              35
  176       -1847.521     370.646        -919.873     633.629             176              39
   18           2.409    -122.498        -181.935     357.108              18              35
  143        -811.481     446.604       -1137.919     290.369             143              39
   78        -517.363    3067.820         -80.012    2220.158              78              35
  212         430.819    -518.746        1566.333     171.353             212              39
   59         384.411    -604.610        -308.458      71.680              59              35
  106         642.672    1539.677         352.505     821.432             106              39
   32         -51.569    1807.361         729.099    1345.684              32              35
   77        2379.479    -520.785        2595.251    -172.751              77              39
  106        -561.973    -245.738          37.583   -1303.275             106              35
  140       -1037.000    -547.801        1002.785     533.129             140              39
   39        1705.876   -2682.216        1266.868   -1345.599              39              35
  255          81.921   -1751.656         243.618   -1218.672             255              39
    4         189.090   -1476.216        -459.853    -983.476               4              35
   39        -299.038      71.971         251.643      90.494              39              39
   76        1047.726   -2904.381         630.457   -1462.650              76              35
  166         353.000   -1037.892        -904.913   -1126.131             166              39
   32        -224.499     -32.190        -596.366    -469.487              32              35
   36        -489.011     -12.285        -922.000    -283.927              36              39
   25         263.559    1507.252        -150.655     359.627              25              35
  167       -1721.058     425.803        -315.334    -748.487             167              39
  234       -2189.110    -240.823        -779.970     789.724             234              35
   93        1549.601   -1312.792        1067.838    -431.709              93              39
   68       -1257.668    -565.600       -1298.417    -772.719              68              35
  173         224.670     514.644         127.662     815.607             173              39
  184         -16.436     -75.259         113.969    -752.846             184              35
  169       -1316.235   -1152.927        -425.308    -386.972             169              39
  145         165.427    -666.619        -825.823    -368.942             145              35
  107       -1097.438    1009.692        -855.337     137.824             107              39
  114       -1927.005    1105.826       -1119.597     998.353             114              35
  105         413.063     672.398        1001.771    1507.827             105              39
  207        1741.389    -844.097        1113.668    -696.304             207              35
  125        -696.581   -1097.489        -138.228   -1083.139             125              39
   81        -526.399    -420.441       -1358.656    -105.017              81              35
  203        -252.156    2076.857          21.561     883.435             203              39
   51        -877.264     481.004        -221.555     235.994              51              35
  126        -362.501     960.016         963.884     677.305             126              39
   79        -169.503   -2047.260         237.273   -1022.951              79              35
   56        -641.883     676.269          15.400      16.051              56              39
  227       -1936.981   -2275.791        -310.770    -688.622             227              35
  101        1132.995    -746.225         169.742     434.909             101              39
   48         163.830    -924.732         154.830   -1265.804              48              35
  226       -1278.761    -406.878        -727.249    -238.359             226              39
   60       -1371.753   -1007.505        -644.980    -757.416              60              35
  130       -2183.212    -842.887        -915.583     220.282             130              39
   70        -943.244   -2677.151       -1163.162    -422.584              70              35
  242         115.646    1452.132       -1094.964    1895.200             242              39
  242         865.682    -318.431         970.552     259.811             242              35
   20         797.331    -580.136        -257.996     413.902              20              39
  136        1686.272    -452.148         594.302    -800.590             136              35
   36       -1694.047    1094.874       -1840.246     383.977              36              39
   81         637.740    1225.955        1236.906     977.529              81              35
  188       -1373.119   -1658.871        -807.835   -1165.012             188              39
  239        -467.703     430.778        -364.067    1130.530             239              35
  204        -181.446   -1141.937        -151.491    -432.538             204              39
  188         127.598      25.992        -450.795     869.307             188              35
  139         384.404    -470.334        -124.264    -375.629             139              39
   22        -380.740    1017.864       -1011.777    1475.148              22              35
   35        2056.066    1336.732        1501.196     508.681              35              39
  210       -1289.805    -528.532        -569.386    -343.696             210              35
   98        1153.183     799.747         690.614     999.594              98              39
   71         361.790    -759.264         802.913    -925.077              71              35
   78       -1156.930   -1261.287        -741.202    -805.511              78              39
  218        -969.833    -442.418        -771.428     755.446             218              35
  176        2235.354    -635.748        1095.702     -60.284             176              39
   56        -731.128   -1259.274        -930.086   -1283.706              56              35
   51        -130.422     124.327        -729.200     428.913              51              39
   68        -163.478    -383.907        -721.610    -388.390              68              35
  178        -468.893    1553.090        -943.435     467.403             178              39
  113       -2791.832     -55.621        -900.490     170.066             113              35
  131          23.044    -956.208       -1074.475     929.596             131              39
  202          28.778    2086.476        -681.689    1247.265             202              35
   42         308.210    1052.280         265.264    1341.684              42              39
  224          98.108     722.486          93.301     387.751             224              35
  153        -212.997    -188.744         -91.468     670.185             153              39
  114         721.483     520.444        -454.906     694.079             114              35
   76         590.113    2351.364         312.072    1362.839              76              39
  201        -344.416     381.156         318.228     535.166             201              35
   56        1109.338    1000.722         623.500     999.933              56              39
  235          82.248    -218.542         783.054     136.780             235              35
   62        2585.034    -583.087         839.109    -271.168              62              39
   86       -2017.556     729.928        -898.631   -1059.368              86              35
   20       -1249.334    -517.346       -1196.259    1231.737              20              39
  165         464.374    3249.973        -186.970    1599.829             165              35
   91         520.650    1014.717        2169.557    1627.648              91              39
  172        1597.289   -2939.500        1031.601   -2608.475             172              35
  206       -3326.761     352.164       -2481.695     349.057             206              39
    0         371.489     266.171         407.113    1430.872               0              35
   91         783.441     106.879         -44.088      82.811              91              39
  215       -1373.080     835.453        -485.452     604.632             215              35
  220        -137.434    -372.660        -292.696    1082.303             220              39
   67         902.972    1251.599         122.937    1380.260              67              35
  226        2094.623    1100.775        1210.043    1167.914             226              39
  200        1054.048    1005.519         975.972    -215.966             200              35
  232        -635.252    -199.420         108.605    -290.184             232              39
   18       -1154.485     195.111        -610.174     371.581              18              35
  174         526.496     686.374         369.237     720.066             174              39
  142       -2254.783     712.199        -604.321     596.265             142              35
  208        2200.200    -615.456        1486.144    1440.642             208              39
  115         557.775     259.450         253.319   -1466.796             115              35
  240       -2520.861     -91.816        -908.214     535.417             240              39
   94       -2003.365    -115.997       -1046.197     324.269              94              35
   99        -549.652     146.321        -293.601    2113.098              99              39
  146         340.003     936.145         142.310     625.115             146              35
  158       -1151.817     498.564         -85.669    1437.879             158              39
  172       -2069.706     792.460        -729.485    1559.173             172              35
  227        1965.229    -288.602        2154.327    2678.053             227              39
   44         -65.850   -1486.725         -76.313    -941.028              44              35
  119        1025.168      65.080         871.337    2870.592             119              39
   70        -969.261   -1457.395        -669.565   -1495.720              70              35
   22       -1398.654    1141.558        -750.063    5279.055              22              39
   55        1525.815   -1316.492        1422.840    -211.865              55              35
  112         -80.213    -752.736        -623.794    5456.330             112              39
  175       -1014.648      68.786        -778.837     592.436             175              35
   82        1176.744    1202.594         359.805   20271.126              82              39
