SINAL     NFT                         FFT                         NFT INVERSA     FFT INVERSA
-----     -----------------------     -----------------------     -----------     -----------
  205       65735.000       0.000       36218.495       0.000             205             138
  240         748.791   -2164.980        -524.613  -21031.714             240             155
   49        -178.317    1486.489          -9.775     936.618              49              60
   87        1786.739    -734.048         939.850   -7043.316              87              79
   66        -539.305    -145.435          78.972    -609.545              66              69
   67         726.808   -1695.786        -598.065   -4574.001              67              69
   94        -373.429    3290.937        -508.845    1201.524              94              83
   15         487.361    -952.629        1698.213   -2583.325              15              43
  110        1757.446   -1608.967         486.478   -1224.154             110              91
  220         532.013    -708.038          44.623   -3092.219             220             145
   57        -221.631    -664.567        -627.928   -1114.050              57              64
   84        -914.329    -302.703       -1322.843   -1920.570              84              77
  181         578.742    2029.881        -125.934     870.287             181             126
  178        -724.060    -938.655         371.463   -2514.887             178             124
  244        -792.747   -1005.038       -1803.314    -139.613             244             158
  181        1069.916    2087.498         129.195    -348.690             181             126
  118        -874.097    -185.554        -540.889    -863.661             118              95
  230       -1661.187     780.534       -1741.361    -558.500             230             150
  241        -852.034    1953.767        -886.319    1831.809             241             156
  217        2110.849    2059.494         985.980     673.809             217             144
   37         328.734    1836.462         636.041    -290.022              37              54
  222       -1737.420     591.309        -406.618    -165.149             222             146
  209         910.475     828.126         642.730     456.124             209             140
  103       -1216.077     863.943        -284.340    -409.049             103              87
   86         384.191     589.760         750.634     690.413              86              79
  238       -1020.627    -247.947        -422.684    -977.533             238             154
   62        -353.443    1380.971           8.844    1780.119              62              67
   83        1314.425    -325.714        1249.927    -490.029              83              77
  199         205.325     762.346        -104.384     566.892             199             135
  150         658.009     948.436        1015.206     322.864             150             110
   52        1075.689     222.732        1217.731     380.601              52              62
    2        1115.010   -1276.495        1163.056   -1148.486               2              36
   66         718.389     146.578         -56.921     102.098              66              69
   56        1715.090     161.830        1824.707    -278.165              56              63
  195        1194.000   -2038.838         364.731   -2195.163             195             133
  184       -1897.938     446.510       -1492.254    -335.908             184             127
  219        1209.063     537.902         477.948     578.695             219             145
  186       -1535.967     582.132        -522.054    -317.361             186             128
    6        2091.713    -642.269         965.931    1400.631               6              39
  114        2918.305     933.332         919.920   -1461.249             114              92
   34       -1776.719    1188.040        -748.277     621.515              34              53
  113        2250.937    1406.084        1165.637     556.006             113              92
   58         194.639    1254.009        1255.535     -28.804              58              65
   27         893.580   -1734.996         835.684   -1044.902              27              49
  225        1718.018    1042.390         487.209     -66.556             225             148
   49         400.686     378.187         917.812   -1204.708              49              60
  116        -341.404     205.920           1.257    -570.708             116              94
  216        -787.762      98.487         211.441   -1361.475             216             143
  175       -3365.143     -37.470       -1245.887     -41.523             175             123
  177        -407.547   -1155.482         522.529     509.261             177             124
   95        1328.086   -1503.789         500.100    -491.760              95              83
  233         164.669   -1221.021        -462.950    -900.862             233             152
  162         437.249    1386.242        -858.494    1078.352             162             117
   90        1069.454    1419.218        1335.087     494.689              90              80
  252         729.010   -1151.974         161.305    -536.948             252             162
   37        1065.731    1652.182         -56.070     353.068              37              54
  152         391.867    2010.785        1014.277     883.770             152             112
  113         800.899   -1249.769        1332.989   -1212.336             113              92
   60        -492.818      19.809        -846.317     219.252              60              66
   25        2558.073    1070.074        2064.246     592.067              25              48
  230         730.116   -1202.407         708.458   -1596.852             230             151
  213        1130.905    -728.471         385.071    -639.952             213             142
   54         988.445     668.469          -9.981    -987.002              54              63
  157        -834.241      57.350         143.540    -909.052             157             114
  183       -1150.754    -399.030       -1653.631    -732.055             183             127
   21        -317.783    3103.564          66.970    1700.125              21              46
   31         -37.840     -67.143         610.242    -706.647              31              51
  247       -1280.071    1125.718        -312.129    1047.807             247             159
  249        2142.205    -419.300        1677.246    -177.469             249             160
  180        -363.220     251.336        -169.538    -624.006             180             125
  106         668.035     407.602         739.342     175.025             106              89
  180        -568.199    -646.371         145.772   -1033.814             180             125
   61         -28.901    -288.490        -785.933     549.285              61              66
  134        2114.524    2747.437        1221.881     961.923             134             102
  189         159.229     195.648        1003.896    -359.129             189             130
  163        2155.342     698.075        1543.014     -87.308             163             117
  186          16.451    -502.311         973.720   -2057.245             186             129
  188       -1389.917   -1226.646        -458.610   -1007.944             188             129
  138        -163.190    -715.069        -476.828   -1015.259             138             105
  131        -617.506    1118.533        -556.450     298.512             131             101
  128        -208.069     581.248          23.964    -663.357             128             100
  111       -1952.964    1694.070        -689.588     818.578             111              91
  226         355.419    -152.709        1087.973    -230.521             226             149
  240        -771.663     375.355        -532.610     -24.505             240             155
   72          10.746    1418.700         708.913      18.313              72              72
  124       -2326.133     418.977        -100.473     408.138             124              97
   15        1573.655   -1577.681        1708.998    -684.543              15              43
  185       -1810.679     -92.295       -1517.730    -855.401             185             128
   56        -376.340    2184.055         986.100    1583.114              56              64
   26        -780.106   -1865.494        1095.057    -862.067              26              48
  150        1632.420   -2010.996        1052.875    -740.832             150             111
   27       -1230.316   -1162.665        -846.093   -1828.908              27              49
  198       -1189.974     192.533        -581.326    1278.472             198             135
    6        2569.339    -615.962        1684.499    -612.344               6              38
  229        -903.941    -969.956        -504.153   -1609.977             229             150
   78        -502.344     105.557        -771.323      67.117              78              74
   31        -821.528    1768.778         -80.031    -458.238              31              51
  192       -4375.171    -179.423       -1079.839     553.279             192             131
   91        1089.359   -1311.526        1147.214     486.200              91              81
   50       -1116.256   -1516.185        -582.941    -698.219              50              60
   39        1446.266    -202.977         569.476     739.846              39              55
  115        -317.307    -704.868        -186.612   -1053.497             115              93
  132        -224.335     538.720        -435.518     783.605             132             102
   37        -640.423     586.614         115.229       0.419              37              54
  243        -864.646    -125.934         152.319     759.615             243             157
  106         227.542   -1390.016         405.785      44.406             106              88
   40        1927.522     -43.027         728.532     645.814              40              56
   86         852.192    -731.729         746.593    -958.002              86              78
  245        -363.363     -57.290        -663.006     145.243             245             158
   92         216.926     121.826         515.865     669.101              92              81
  133        2505.146    -600.583         788.923     -31.715             133             102
  250         247.653    1347.336         -72.112    -109.879             250             160
   32         945.385    1621.101         929.428    1063.459              32              52
   33         184.130    -117.020        1493.930   -1016.505              33              52
  116       -1027.921   -1753.649        -336.625    -581.598             116              94
  248         -29.849    -458.540         158.600     174.008             248             159
   32        1544.694    -624.463         456.485     545.308              32              52
   19        2126.419     718.361        1459.988    -142.914              19              45
  138         542.605   -1380.162         321.283    -941.017             138             105
  127        1193.219     881.467         216.350     381.691             127              99
   41        2253.449     905.854        1670.961    -150.357              41              56
  243        -291.411    -595.185         870.468   -1732.486             243             157
   77        -768.106   -2026.176        -730.705    -909.294              77              74
  249        1134.604    1208.710         427.332     401.890             249             160
   63        1138.244   -1234.341         644.879   -1414.814              63              67
  219        -486.316    2621.340        -902.227     216.313             219             145
  156        -478.964     973.429        1730.371    -281.853             156             114
  243       -2736.195   -1702.047        -963.396   -1441.534             243             157
   51         -33.975      82.896         726.000    1112.000              51              61
   88         568.505   -1800.149        1122.732   -1730.161              88              79
  102        -609.665   -2068.967        -108.002    -824.011             102              87
  198         387.319   -1648.845           6.891   -1812.765             198             134
  214       -2720.580   -1511.145       -1703.686    -830.657             214             143
  243         -97.455    -678.697        -809.434     326.291             243             157
  133         -27.054     293.861        -580.976     -81.602             133             102
  173       -1705.250    1183.948        -854.886     841.646             173             122
  253         445.478   -1317.842         757.217     566.445             253             162
  241        1898.734    -311.649        -492.928     128.907             241             156
  216        2680.759    3109.772        1631.859     938.267             216             144
   30       -1860.070    -492.747         -41.400   -2309.812              30              50
  211       -3390.609     -59.813       -1592.646    1393.085             211             141
   35        2018.112    -218.888        1289.133     704.505              35              53
   18         771.264     373.150         457.182     476.517              18              45
  222        2343.591     457.023        2068.189    -101.831             222             146
   76        -110.220   -2190.449         693.159   -1927.672              76              74
  192         -99.957   -1077.616        -685.983    -887.258             192             131
  112        -927.924     285.064        -159.555     168.470             112              92
   70        1571.953   -1229.490        1093.511    -202.123              70              70
  100         882.497   -2174.262         355.829   -2439.631             100              86
  132       -2302.365    -478.543       -2812.880    -574.694             132             101
  222         -97.016    2625.412         148.115    1893.684             222             147
    3         423.078   -1118.675         535.409    -437.668               3              37
    1        1337.204     680.172         478.217     355.695               1              36
  251         973.559    -474.658         878.865   -1034.850             251             161
  241          84.234   -1259.184          83.760   -1725.390             241             156
  230       -2391.589   -1076.794       -2673.951   -1495.353             230             150
  209       -1691.576    3847.359       -1167.199    2434.300             209             140
  193        -549.875   -1108.009         699.506    -511.805             193             132
  112        -550.069     858.509       -1527.313     685.220             112              92
   97       -1017.059    2555.019         -22.658    1058.154              97              84
  232       -1648.048    1468.003         -56.487    1806.587             232             152
   12        1744.103    -223.069        2238.602     834.282              12              41
  230        1242.455   -1366.559         874.804    -995.477             230             151
  187         152.734    -171.645          21.915    -264.185             187             129
  248          95.737     915.303         355.054      70.239             248             160
   33       -1675.613    -789.370          90.413    -300.709              33              52
  252         722.720    -957.261         131.298     648.780             252             162
  203        1788.393     605.851        1028.984    -113.058             203             137
   97        -737.049     274.754         157.651    -246.420              97              84
   91        -147.109    -526.479         713.161     211.355              91              81
  164         842.048   -1497.133         849.845    -767.375             164             118
  255        -178.746   -1244.636        -279.411    -425.391             255             163
  117        1632.134    -109.776         794.602     -49.232             117              94
  255        -688.766    -803.001        -306.919    -915.001             255             163
  244         668.114     -25.332         415.409     522.853             244             158
   82         375.654   -1553.718         221.009   -1183.733              82              76
   32         795.564     246.080        -331.935     351.962              32              52
   26         -14.929     433.405         151.804    -542.459              26              48
   56        -441.136      71.673        -115.941     711.683              56              64
   16        1784.727    -683.959         726.596    -442.266              16              43
   51         581.383    1810.995         137.008     408.425              51              61
  104        -482.845   -1173.300         902.005    -838.206             104              87
  199        1603.911    -626.991        -333.169     196.615             199             135
  135        1481.011    1843.114        1228.200    -597.567             135             103
  149       -1581.148    -545.340        -680.258    -663.908             149             110
   59         455.990    1547.106         333.540     467.365              59              65
   74        -599.049     853.063         929.266     -38.428              74              73
  251        -368.534   -1929.090         831.437   -1301.118             251             161
  249        -665.625    -597.972        -543.691    -494.097             249             160
    2        -496.937    -668.950         737.888    -427.582               2              36
  239          96.381   -1989.482        -213.192   -1018.377             239             155
   13        -337.176    -238.661          33.888    -596.942              13              42
  168        -507.130   -1653.030        -652.368   -1030.055             168             120
   99       -1464.703    1261.302       -1094.082     369.216              99              85
   31          68.078     130.684         876.325     616.011              31              51
  181        -839.587   -1229.124          29.059   -1493.362             181             126
  162       -1962.451    -936.937        -794.194     545.380             162             117
  253         701.860   -1681.375         675.723    -603.730             253             162
   45        -367.591   -1674.845        -910.765     -74.970              45              58
  252        1861.317     684.999         529.942     281.186             252             161
  179         -56.309      -9.566         420.126    -198.133             179             125
   52         507.602   -1394.612         812.163   -1361.482              52              61
   84       -2195.873   -2789.484       -1338.500   -1455.415              84              78
  247         -69.697   -1244.241       -1334.088     -11.410             247             159
  251        -359.530     683.330        -884.126     802.751             251             161
    2        1195.576    -340.826         185.073     223.019               2              36
  127         -52.591     751.207        -869.672     217.039             127              99
   58         230.138    1234.468          13.149    1237.250              58              64
  223        2001.818     742.476        1140.575     479.610             223             147
  151         115.434    -161.656         168.663    -973.803             151             111
  208        -644.931     878.303        -458.781    1119.198             208             140
  233        2400.260     -27.164        1873.946     -85.777             233             152
  194         722.915    -593.038         493.392    -986.558             194             133
   37         396.889   -1768.910         452.393   -2164.400              37              54
  244       -3269.144    -805.405       -3062.265    -786.632             244             158
  212          74.976    1882.696        -189.656    1965.484             212             141
  155         136.931     294.666          61.557    -118.802             155             113
   10        -472.766     640.696         -60.596     887.425              10              40
  172        1583.690    -360.941         928.215     291.121             172             122
  250        1774.280    -951.102         390.973   -1210.442             250             160
   61       -1032.027    2659.993       -1860.358     497.667              61              66
   65        -450.650    3066.310        1635.836    1953.632              65              68
    7        1246.866   -2154.255        1141.484   -1343.337               7              39
   66        -444.779    1242.550         334.006    -121.391              66              68
   78        -644.669   -2882.147         381.438   -1481.076              78              75
  217        -147.370      52.082       -1042.903    -312.026             217             144
  225       -1110.132     340.588         -63.209      31.322             225             148
  210        -727.016    -499.679        -347.163      62.861             210             140
   11         257.715    -454.958         424.784     256.324              11              41
  255        1077.388   -1364.081         349.085    -718.781             255             163
   36         676.549      25.261        -392.365    -522.641              36              54
  228        -660.290     753.228        -278.063    -406.639             228             149
  233       -1344.693    -330.592        -933.999    -357.342             233             152
  184       -1409.513    1539.448        -771.574     947.186             184             127
   39         300.842    -303.865         981.261     326.943              39              55
  203       -1379.115   -1187.300       -1029.582   -1211.214             203             137
  166       -1215.762    1166.247        -925.713    2365.509             166             119
   55        3063.188    -135.980        2330.893    -210.765              55              63
  184       -1108.303   -1237.947       -1176.869    -764.530             184             128
  107        1533.460    1856.127         693.113     843.845             107              89
  182       -1777.503    -394.485        -284.412    -452.981             182             127
  114        1630.202    -166.324         940.438     655.949             114              92
  119         -64.008   -1010.725        -144.684   -1614.613             119              95
  160       -1033.418    1033.129        -963.328     822.165             160             115
  196        -205.538     617.907         183.772     190.207             196             134
  148        -642.456    1715.432         265.943    1279.625             148             109
   37         530.557   -1828.060        2081.366    -651.582              37              54
   25         256.846   -3099.633        -468.154   -1571.150              25              48
   83         -53.151    -354.006        -587.075    -125.110              83              77
  161         280.062     395.945        -380.952     347.545             161             116
  242         447.262     300.351        1033.759     113.626             242             157
  140          87.132   -2766.139        -262.681   -1676.202             140             105
  223        -727.041     680.495       -1399.042     469.792             223             147
   22         785.395     301.404         571.531     478.822              22              46
   28         376.818    -320.811        -114.184    -597.981              28              50
  202        -499.959     194.901        -414.463      30.415             202             136
  102         -55.000       0.032        -146.000       0.000             102              39
  209        -499.819    -194.942        -414.470     -30.415             209              38
   55         376.825     321.046        -114.185     597.981              55              39
  116         785.426    -301.032         571.531    -478.821             116              38
   27        -726.863    -680.363       -1399.041    -469.795              27              39
  171          86.297    2766.303        -262.687    1676.202             171              38
  184         447.387    -300.358        1033.760    -113.622             184              39
   31         280.141    -395.723        -380.951    -347.547              31              38
    9         -53.310     354.322        -587.075     125.109               9              39
  192         255.781    3099.736        -468.159    1571.148             192              38
  108         529.796    1827.644        2081.362     651.588             108              39
   30        -642.027   -1716.122         265.947   -1279.623              30              38
   86        -205.398    -618.084         183.774    -190.208              86              39
   32       -1033.013   -1033.381        -963.327    -822.168              32              38
  165         -64.118    1010.776        -144.689    1614.613             165              39
   48        1630.077     166.756         940.440    -655.947              48              38
  174       -1777.638     393.674        -284.413     452.980             174              39
  111        1534.152   -1855.590         693.116    -843.842             111              38
  111       -1108.640    1237.689       -1176.871     764.527             111              39
  137        3062.973     136.841        2330.892     210.771             137              38
  100       -1215.867   -1166.610        -925.709   -2365.511             100              39
   28       -1379.600    1186.892       -1029.586    1211.213              28              38
  106         300.652     303.729         981.263    -326.941             106              39
   73       -1409.113   -1539.963        -771.572    -947.188              73              38
  110       -1344.647     330.234        -933.999     357.340             110              39
   24        -659.697    -753.352        -278.064     406.637              24              38
   78         676.847     -24.772        -392.368     522.640              78              39
   39        1076.951    1364.552         349.083     718.784              39              38
    3         257.385     454.973         424.786    -256.323               3              39
  106        -727.324     499.323        -347.163     -62.862             106              38
  187       -1109.952    -341.012         -63.208     -31.323             187              39
  154        -147.213     -51.971       -1042.902     312.022             154              38
  155        -645.479    2881.723         381.437    1481.076             155              39
   99        -444.062   -1243.038         334.006     121.390              99              38
   26        1246.292    2154.190        1141.479    1343.339              26              39
   79        -449.620   -3066.985        1635.841   -1953.627              79              38
   13       -1030.812   -2660.082       -1860.358    -497.670              13              39
  148        1774.267     952.019         390.969    1210.444             148              38
   74        1583.426     361.438         928.215    -291.119              74              39
   22        -472.749    -640.896         -60.593    -887.425              22              38
  163         136.936    -294.623          61.558     118.802             163              39
  102          75.355   -1882.400        -189.650   -1965.485             102              38
  251       -3269.249     804.769       -3062.268     786.623             251              39
   89         396.864    1769.137         452.387    2164.403              89              38
  194         723.126     593.110         493.391     986.559             194              39
  135        2400.281      27.767        1873.945      85.782             135              38
  228        -644.730    -878.581        -458.778   -1119.200             228              39
  188         115.585     161.677         168.660     973.804             188              38
  149        2002.067    -741.858        1140.576    -479.608             149              39
   77         230.337   -1234.247          13.152   -1237.250              77              38
   26         -52.411    -750.866        -869.671    -217.040              26              39
  186        1195.285     341.575         185.073    -223.018             186              38
  106        -359.582    -682.996        -884.124    -802.752             106              39
   95         -70.375    1244.787       -1334.088      11.408              95              38
   51       -2196.779    2788.933       -1338.502    1455.412              51              39
   39         507.368    1394.589         812.161    1361.484              39              38
  157         -56.154       9.385         420.126     198.134             157              39
  195        1861.471    -684.202         529.943    -281.185             195              38
  162        -368.405    1674.962        -910.765      74.967             162              39
  227         700.973    1681.560         675.721     603.732             227              38
   97       -1963.003     936.115        -794.192    -545.382              97              39
    3        -839.922    1228.569          29.055    1493.363               3              38
  141          68.103    -130.973         876.327    -616.009             141              39
   62       -1464.257   -1261.729       -1094.079    -369.218              62              38
   42        -507.494    1652.982        -652.369    1030.055              42              39
  208        -337.075     238.555          33.886     596.943             208              38
    2          95.823    1989.422        -213.193    1018.375               2              39
  217        -497.096     668.502         737.886     427.585             217              38
  238        -665.674     597.535        -543.691     494.096             238              39
  192        -368.976    1928.496         831.433    1301.120             192              38
  131        -598.487    -853.859         929.266      38.430             131              39
  243         456.720   -1547.149         333.542    -467.364             243              38
  235       -1580.935     544.652        -680.258     663.906             235              39
  167        1482.129   -1842.658        1228.199     597.570             167              38
  176        1603.787     627.674        -333.168    -196.618             176              39
   38        -483.159    1172.923         902.002     838.208              38              38
  123         582.246   -1810.901         137.009    -408.425             123              39
   22        1784.497     684.639         726.593     442.268              22              38
  142        -441.198     -71.883        -115.939    -711.683             142              39
  229         -14.654    -433.377         151.803     542.460             229              38
  198         795.744    -245.609        -331.935    -351.962             198              39
  220         375.159    1553.916         221.006    1183.734             220              38
   81         668.065      25.505         415.412    -522.853              81              39
   41        -688.941     802.751        -306.922     914.999              41              38
  249        1632.148     110.326         794.602      49.234             249              39
  169        -179.236    1244.578        -279.411     425.391             169              38
    2         841.485    1497.175         849.845     767.377               2              39
  122        -147.409     526.038         713.162    -211.354             122              38
  137        -736.832    -275.322         157.651     246.419             137              39
   49        1788.638    -605.351        1028.983     113.060              49              38
  186         722.064     957.412         131.299    -648.782             186              39
  141       -1676.004     788.472          90.411     300.709             141              38
  101          96.182    -915.525         355.055     -70.237             101              39
  141         152.800     171.632          21.914     264.184             141              38
   24        1242.009    1366.683         874.801     995.480              24              39
  119        1743.606     223.070        2238.606    -834.276             119              38
  158       -1648.000   -1469.079         -56.485   -1806.587             158              39
  168       -1016.307   -2555.460         -22.656   -1058.154             168              38
   26        -549.834    -858.478       -1527.311    -685.225              26              39
  140        -550.361    1107.694         699.503     511.807             140              38
   23       -1690.320   -3847.773       -1167.194   -2434.302              23              39
   99       -2391.558    1076.537       -2673.955    1495.346              99              38
   41          84.419    1259.323          83.757    1725.389              41              39
    1         973.801     474.874         878.862    1034.853               1              38
  104        1337.539    -679.726         478.219    -355.695             104              39
    9         422.615    1118.704         535.407     437.670               9              38
   98         -96.285   -2625.339         148.121   -1893.685              98              39
  231       -2302.304     478.306       -2812.882     574.686             231              38
  116         882.227    2174.764         355.824    2439.631             116              39
    0        1571.583    1229.866        1093.511     202.125              -0              38
   60        -927.828    -285.428        -159.555    -168.470              60              39
  166        -100.085    1077.647        -685.985     887.257             166              38
    7        -110.583    2190.120         693.157    1927.673               7              39
  117        2343.913    -456.661        2068.187     101.836             117              38
  229         771.265    -373.072         457.184    -476.515             229              39
  228        2017.554     219.423        1289.135    -704.502             228              38
  102       -3390.928      58.496       -1592.643   -1393.088             102              39
    8       -1859.668     491.759         -41.405    2309.811               8              38
  157        2682.240   -3108.904        1631.861    -938.263             157              39
   50        1898.437     312.655        -492.927    -128.909              50              38
  145         444.587    1317.998         757.219    -566.445             145              39
  196       -1705.069   -1184.524        -854.885    -841.649             196              38
  205         -26.970    -293.568        -580.976      81.601             205              39
   73         -97.886     679.017        -809.432    -326.291              73              38
  115       -2720.993    1510.465       -1703.687     830.653             115              39
  200         387.068    1649.036           6.887    1812.766             200              38
  182        -610.169    2068.614        -108.004     824.010             182              39
  202         568.023    1799.905        1122.730    1730.168             202              38
   43         -34.075     -83.313         726.000   -1112.000              43              39
   14       -2736.598    1700.623        -963.404    1441.527              14              38
  152        -478.120    -974.230        1730.371     281.858             152              39
   12        -484.877   -2621.571        -902.227    -216.317              12              38
  134        1138.317    1234.777         644.877    1414.817             134              39
  201        1135.183   -1208.291         427.334    -401.891             201              38
    2        -768.565    2025.920        -730.707     909.292               2              39
    1        -291.051     594.705         870.465    1732.487               1              38
  236        2254.182    -905.379        1670.961     150.359             236              39
  202        1193.638    -881.022         216.350    -381.692             202              38
   39         542.335    1380.296         321.281     941.017              39              39
   69        2126.749    -717.763        1459.987     142.918              69              38
  213        1544.245     624.984         456.488    -545.307             213              39
   58         -30.292     458.479         158.600    -174.009              58              38
  146       -1028.503    1753.021        -336.626     581.597             146              39
   90         184.321     116.534        1493.927    1016.507              90              38
  253         946.077   -1621.119         929.428   -1063.458             253              39
  250         248.281   -1347.186         -72.114     109.879             250              38
  112        2504.906     601.513         788.923      31.718             112              39
   11         216.682    -121.773         515.866    -669.100              11              38
  204        -363.427      57.214        -663.006    -145.244             204              39
  217         852.010     731.995         746.591     958.005             217              38
   70        1927.275      43.646         728.535    -645.813              70              39
  175         226.613    1389.954         405.785     -44.405             175              38
  197        -864.999     125.335         152.321    -759.616             197              39
  207        -640.334    -587.010         115.228      -0.419             207              38
   62        -224.196    -538.760        -435.516    -783.606              62              39
  238        -317.515     704.813        -186.616    1053.497             238              38
   57        1446.005     203.489         569.479    -739.845              57              39
   13       -1117.040    1515.751        -582.944     698.216              13              38
  179        1088.465    1311.538        1147.216    -486.196             179              39
  135       -4375.424     177.458       -1079.836    -553.282             135              38
   80        -820.554   -1769.258         -80.031     458.238              80              39
   84        -502.020    -105.608        -771.322     -67.121              84              38
   58        -903.831     969.661        -504.156    1609.975              58              39
  254        2569.236     616.668        1684.496     612.348             254              38
  139       -1190.088    -192.984        -581.322   -1278.471             139              39
  243       -1230.466    1162.265        -846.097    1828.904             243              38
   97        1631.840    2011.286        1052.875     740.834              97              39
  100        -780.859    1864.520        1095.054     862.068             100              38
   15        -375.648   -2184.711         986.102   -1583.113              15              39
  178       -1810.507      91.586       -1517.733     855.396             178              38
   58        1573.193    1577.811        1708.997     684.547              58              39
    6       -2325.974    -420.369        -100.472    -408.140               6              38
   22          11.480   -1419.064         708.914     -18.312              22              39
  206        -771.330    -375.810        -532.610      24.501             206              38
  248         355.470     152.483        1087.971     230.523             248              39
   12       -1952.205   -1694.983        -689.585    -818.581              12              38
  153        -207.493    -581.382          23.962     663.358             153              39
  136        -616.789   -1118.663        -556.448    -298.514             136              38
  246        -163.099     715.127        -476.830    1015.258             246              39
   98       -1389.836    1225.998        -458.612    1007.943              98              38
   75          17.025     501.889         973.717    2057.248              75              39
  171        2156.041    -697.761        1543.016      87.310             171              38
    8         159.592    -196.006        1003.895     359.130               8              39
   21        2115.592   -2746.833        1221.884    -961.920              21              38
  126         -29.050     288.640        -785.933    -549.286             126              39
  144        -568.235     646.054         145.770    1033.814             144              38
  235         668.392    -407.592         739.342    -175.024             235              39
   41        -362.864    -251.601        -169.540     624.004              41              38
   67        2142.116     419.747        1677.246     177.473              67              39
  218       -1279.745   -1126.415        -312.124   -1047.809             218              38
  144         -37.681      66.826         610.239     706.648             144              39
  154        -316.599   -3103.694          66.976   -1700.121             154              38
   20       -1150.588     398.884       -1653.632     732.055              20              39
    9        -833.626     -57.623         143.538     909.050               9              38
  174         989.288    -668.048          -9.983     987.001             174              39
  167        1131.083     728.945         385.070     639.952             167              38
  174         730.113    1202.426         708.455    1596.853             174              39
  153        2558.550   -1069.447        2064.248    -592.063             153              38
  122        -492.781     -20.008        -846.317    -219.255             122              39
  191         800.694    1249.698        1332.986    1212.338             191              38
  239         392.743   -2011.004        1014.278    -883.769             239              39
   19        1066.462   -1651.691         -56.069    -353.070              19              38
   95         728.730    1152.236         161.304     536.947              95              39
   57        1069.955   -1418.967        1335.088    -494.686              57              38
   99         437.670   -1385.789        -858.492   -1078.355              99              39
  226         164.286    1221.416        -462.952     900.860             226              38
  189        1327.438    1504.233         500.098     491.761             189              39
  213        -408.312    1155.075         522.531    -509.258             213              38
   59       -3365.059      36.003       -1245.887      41.521              59              39
  180        -787.150     -99.031         211.437    1361.474             180              38
   32        -340.721    -206.291           1.256     570.707              32              39
  137         401.462    -378.289         917.809    1204.709             137              38
   10        1718.821   -1041.857         487.208      66.556              10              39
  147         893.236    1735.052         835.681    1044.903             147              38
  122         195.396   -1254.404        1255.535      28.806             122              39
   80        2251.537   -1405.515        1165.638    -556.003              80              38
  143       -1776.009   -1188.636        -748.275    -621.516             143              39
  145        2919.049    -932.198         919.916    1461.249             145              38
  247        2091.300     643.025         965.934   -1400.630             247              39
  142       -1535.813    -582.706        -522.057     317.359             142              38
   16        1209.355    -537.434         477.949    -578.693              16              39
  165       -1897.500    -446.916       -1492.253     335.903             165              38
  232        1193.884    2039.237         364.724    2195.162             232              39
  123        1715.411    -161.504        1824.706     278.173             123              38
   21         718.589    -146.422         -56.921    -102.098              21              39
  103        1114.729    1276.632        1163.053    1148.485             103              38
  176        1075.808    -222.800        1217.731    -380.600             176              39
  146         658.314    -948.510        1015.205    -322.863             146              38
  190         205.636    -762.401        -104.383    -566.892             190              39
  195        1314.260     325.940        1249.925     490.031             195              38
  205        -353.137   -1381.268           8.847   -1780.120             205              39
   48       -1020.610     247.472        -422.689     977.532              48              38
   41         384.533    -589.896         750.635    -690.411              41              39
   82       -1215.552    -864.566        -284.341     409.045              82              38
   67         910.974    -827.994         642.729    -456.123              67              39
   34       -1736.913    -592.134        -406.619     165.148              34              38
  144         329.940   -1836.560         636.042     290.023             144              39
    5        2111.729   -2058.763         985.981    -673.808               5              38
  188        -851.406   -1953.775        -886.317   -1831.812             188              39
  189       -1660.586    -780.696       -1741.363     558.499             189              38
    0        -873.491     185.462        -540.890     863.660               0              39
  236        1071.159   -2086.789         129.193     348.686             236              38
  250        -792.634    1005.220       -1803.315     139.609             250              39
   71        -723.669     938.423         371.456    2514.888              71              38
  131         580.117   -2029.524        -125.933    -870.287             131              39
   33        -913.675     302.838       -1322.847    1920.565              33              38
  255        -220.832     664.788        -627.931    1114.048             255              39
  218         532.903     708.426          44.615    3092.221             218              38
  203        1757.893    1609.545         486.476    1224.155             203              39
  119         487.932     952.404        1698.206    2583.324             119              38
   30        -371.137   -3291.010        -508.842   -1201.526              30              39
  115         727.695    1696.347        -598.077    4573.999             115              38
  182        -537.459     145.259          78.971     609.546             182              39
  222        1788.897     734.556         939.833    7043.313             222              38
  249        -174.377   -1486.439          -9.773    -936.619             249              39
  135         755.068    2165.284        -524.669   21031.701             135              38
