SINAL     NFT                         FFT                         NFT INVERSA     FFT INVERSA
-----     -----------------------     -----------------------     -----------     -----------
  166       64470.000       0.000       35273.495       0.000             166             117
  166          -8.359   -2105.449         141.218  -20077.857             166             118
   49        1434.983     480.631         444.228     156.412              49              58
  248        -138.972    -521.893         450.400   -6315.142             248             159
  178        3199.102    -180.541        1331.712    -329.862             178             123
   52       -1257.453    -175.157        -267.757   -4861.530              52              61
  245        1722.564    -178.754         298.307     588.905             245             156
   39         663.947    1921.632         586.049   -3199.137              39              55
  252        -948.721     379.767         517.586     174.134             252             160
  242        -272.852    -959.948         644.565   -2957.622             242             156
  166       -1034.572    -842.047        -326.295     164.988             166             117
  210        1646.158    -560.915        1242.937   -1193.476             210             140
  150        2510.524    -761.933        1624.462    -854.545             150             109
  213         334.560   -1917.207         693.950   -3460.773             213             142
  126        -998.542   -1954.162       -1202.040   -1363.291             126              97
  206         166.489    -180.772        -373.398    -714.804             206             138
  171        2085.703    -424.017         618.602    -884.234             171             119
   16       -1457.092     -85.108       -1196.371   -1564.689              16              43
   16        1782.645    1348.101         250.049    1083.134              16              42
  102         671.908    1418.678        1327.671   -1330.133             102              86
  104         529.282   -1826.943         633.857   -1455.915             104              86
   59        -947.698    -200.199        -781.089   -2248.646              59              65
  186       -1494.369    -329.023        -812.093     -91.357             186             127
   24          46.872     356.305         -89.372    -937.974              24              47
  168       -1206.816      -3.280        -208.700    -574.912             168             118
  173       -1860.320   -1080.907        -744.101   -1029.628             173             122
  109          86.525    -528.009        -192.001     159.572             109              88
  220        -802.436   -1086.918        -292.657   -1458.352             220             145
  153       -1337.088    -744.223       -1778.472     258.292             153             110
  191         792.892    1638.749         539.097    1388.967             191             131
   49        3057.867   -1966.235        1523.626   -1474.141              49              58
    4       -1745.096     915.231       -1851.820   -1511.459               4              37
  140       -2007.040    -236.588        -733.455     558.605             140             104
  144        -458.530     -61.563       -1372.586     187.076             144             107
   28         970.093    1973.581         351.203    1787.240              28              48
  193         667.284     415.182         355.040    -267.067             193             132
   21         392.552    1065.414          94.365     982.114              21              44
  191         961.047     784.188         837.128     465.836             191             131
  246        2729.776    -617.180        1477.895    -168.763             246             157
   67         976.547     919.191        -389.249    -916.064              67              69
   71         909.224    2584.589         994.947    1005.240              71              69
  203        -274.587     -36.493         582.308   -1605.229             203             137
  166       -1389.435     739.027        -343.909     716.001             166             117
   66         807.607    -128.572        1216.456    -269.678              66              68
  197         842.452    -591.133         846.179    -222.228             197             132
   18        1116.413    -912.176        1041.385   -1551.187              18              44
   74        -847.146   -1704.013        -538.571   -1182.464              74              71
  184         842.544    -105.947        -229.050    -474.341             184             127
  164        -373.307      40.820        -131.899    -814.381             164             116
  226       -1125.645    -199.542       -1112.484    -423.755             226             148
  249        -645.517     723.606        -368.683     481.720             249             158
   23          38.926     383.457        -519.403     799.813              23              47
  211        2921.683    2038.150        1864.379     868.809             211             139
    6        -386.064    -146.349         146.746   -1586.133               6              38
  202        -560.780    1201.283         550.913     724.977             202             135
  167          -0.971   -2731.935         588.015   -1921.126             167             119
  139         280.781      -7.826        -697.549     296.682             139             103
  232        1432.488    -208.481         716.807   -1302.942             232             151
  193       -2782.352     700.874       -1745.095    -464.207             193             130
  203        -830.214    -102.838        -512.753    1128.168             203             137
   20        2061.586    2241.408         899.218    1166.121              20              44
  114         474.610    -731.579        1494.848    -656.315             114              92
   33        1997.024    -724.794         427.292   -1052.762              33              50
   38       -1525.076      41.339        -731.158   -1370.044              38              54
   33        -899.234    1307.645        -920.800    1162.898              33              50
   92         977.415     254.649        1545.163    -101.194              92              81
   54         756.593    -622.739         -41.224   -1038.840              54              61
  111       -1461.981      98.285        -299.747   -1081.995             111              91
  209       -1833.549     -91.341       -1895.741     436.007             209             138
  190        1007.721    2415.765        1158.279    1586.815             190             130
   54         567.940    -799.340         367.608   -1222.802              54              61
  136       -1585.827    2289.098        -355.528     990.805             136             103
   66         537.941   -1359.760        1338.657    -459.263              66              67
  119        -496.320     141.091        -559.151     -62.361             119              95
   47        1449.544     319.373        1629.706     404.867              47              57
  204         522.909   -1608.875         557.403   -1768.347             204             137
    4          90.423    -232.921        -392.152    -718.148               4              36
  135       -1362.382    1029.465        -335.899    -469.515             135             103
  211       -1565.962    -842.644          12.762    -321.036             211             139
  115        -786.250   -1391.440        -398.252    -405.704             115              93
  122         948.655    -477.036         172.161    -288.590             122              95
   75       -1914.847     328.758        -876.037    -508.724              75              73
  177        -115.325   -1042.709         255.484     632.346             177             122
  244         866.061    -372.166          -8.965    -846.489             244             157
   72        -963.834    -332.752         -88.974     175.624              72              70
  255        1141.605   -1604.748         -85.993    -923.008             255             163
  168        -166.270     974.107        -607.610      65.822             168             118
  237        -300.197     -80.477        -198.476    -597.844             237             154
   42       -2043.908     245.756       -1186.097     -42.556              42              55
  176        -459.712    -264.676        -660.408     892.849             176             123
   79        1427.432    1518.907         498.403     489.479              79              73
  155       -1904.000    -173.148        -654.308    -225.412             155             113
  157         888.056     435.404         224.918    1205.643             157             112
    7         487.254    -348.846         118.354    -685.571               7              39
  224        -192.650    1733.788        -767.346    1347.134             224             146
   18        1093.430    1403.085        1421.537     604.305              18              44
  105         339.520    -267.702         494.134    -382.411             105              86
   21        -483.063     -20.422         181.652    -313.508              21              46
  183          36.642   -1027.323          60.448     162.243             183             125
    1        2256.865     -20.742         569.069    -328.831               1              36
   54        -428.782     918.636        -274.990    -638.389              54              61
  236        -925.130     365.268        -609.713      84.615             236             153
  254        -900.465    1210.316        -134.315     294.069             254             161
   48        -977.810    -802.862        -550.284     417.697              48              59
  252        1590.773    2472.400         397.782    1141.517             252             160
   42       -1367.200     794.042         617.091     340.321              42              56
   98        1314.941    -446.282        1211.427     266.876              98              83
  135        -576.927   -1455.942          74.609   -1078.491             135             103
  131         980.043     149.117          28.560     930.089             131              99
  147        1883.556    -761.155        1130.413    -856.338             147             109
  181         633.632    1390.686        -851.177    -162.725             181             124
   89       -1347.715    2253.444         643.442     806.281              89              80
   67        1749.750   -1407.584        1207.201    -484.912              67              67
    2        -419.508     690.977         -10.501   -1350.484               2              36
   22       -2110.231    -485.474        -727.064    -111.100              22              45
   71        -225.865     112.043          46.354     -25.781              71              71
   89        -949.579    -264.065        -289.372    -403.930              89              78
  221       -2023.997      27.963        -836.604     418.583             221             146
  196        1214.458    -657.155         768.430     509.897             196             132
  233        -946.929    -205.569       -1041.591    -816.955             233             152
  120         -12.005    1913.585         -78.299    2374.480             120              94
   55        1790.582     370.282        1663.113    -949.725              55              63
   16       -3338.891     418.657       -1473.958     325.891              16              42
  228         241.663      62.421        1001.267    1349.963             228             149
  119        1405.973    -836.389         820.182     209.021             119              93
  224        1519.393     720.686        1185.343     -50.330             224             147
  117        -979.509   -1177.978         608.116    -664.437             117              92
  224         677.866   -2473.858          91.515    -642.614             224             147
  213         682.006     164.097        -121.000      22.000             213             140
    8         190.610    -956.853          88.245    -249.125               8              39
  188        1114.572     793.462        -102.875     761.695             188             128
  213        1529.285     157.907        1558.498    -225.238             213             142
   41         134.004   -1530.440        -473.189   -1219.439              41              54
  254         283.932    1502.931        -328.110     729.079             254             162
  194         266.726     158.400         791.933    -169.434             194             131
  208         352.880    -692.430        -511.783    -245.795             208             139
  151         666.994    3366.929         580.029    1102.613             151             109
  253       -1100.335   -1647.100        1380.496    -748.780             253             162
  243        1388.682   -1976.568        -134.168    -922.232             243             155
   41       -1023.345     588.072        -367.792    -347.368              41              56
  218        -467.070    -712.683        -311.767     188.203             218             143
  224        -457.716      65.180        -125.670     583.709             224             147
   67        2881.495    -647.872        1663.407     683.998              67              67
   14        1324.396   -2006.388         513.948   -2556.979              14              42
  121       -1134.867      91.400       -2063.309     665.623             121              94
   39        2667.239    1523.345        1516.247     565.127              39              55
   10         330.364    -751.282        -418.283   -1142.344              10              39
   14        -163.931    2038.043        -602.748     178.334              14              42
  160       -1432.530    1077.648        -489.442    1031.927             160             114
   84        2633.285    1123.718        1659.822     531.815              84              77
  103        -928.301    -294.831         -53.779   -1208.919             103              85
  226         322.246     433.429         -98.203     478.985             226             148
  124        -145.784     983.732         445.575    -284.256             124              96
   36        -277.590   -1010.524         355.603    -563.343              36              53
  237       -1360.612   -1132.204       -1197.573   -1217.133             237             152
   74       -1167.044     892.658       -1728.600    1524.576              74              72
  255        1036.935    3315.592         670.228    1765.185             255             161
  126         200.361      14.376        1278.183     543.735             126              98
  132        1263.827    -266.705         424.894    -616.729             132             100
   76       -1251.139     614.479        -437.058     878.542              76              73
  217        2726.184     347.403        1239.830     613.128             217             142
  181         588.866    1081.016         245.221     159.498             181             126
  181        2127.905    1847.580        1286.750     682.334             181             124
   18         -40.941     904.095         999.011    -375.607              18              44
  177        1330.582     -15.282        1153.084    -377.197             177             122
  229       -1295.914     415.002         -59.008    -876.801             229             150
  156          91.787     -51.550         813.171     653.641             156             112
   30        1105.228   -1398.085         974.359   -1420.813              30              50
   70         226.192     212.544        -161.873    -261.526              70              69
  171        -406.838    -627.250         291.335   -1265.405             171             121
  196        -813.326     234.990       -1482.808     222.035             196             132
   85        -135.921    2949.255         497.273     891.947              85              78
  168        -950.331     415.125         325.656     689.618             168             118
  222        1781.557     889.169        1904.005     -61.091             222             146
   36       -2094.836    -727.478        -237.427   -1154.148              36              52
  146        -483.546      42.718         624.329     729.819             146             108
  116         120.041   -1561.455         721.009    -810.890             116              92
  209         552.208    -294.308         797.745     217.047             209             140
  125         775.978   -2564.228        1023.221   -1742.629             125              96
  245         216.654   -1055.867        -704.014    -577.082             245             158
   76         603.154     168.161         449.342    -821.778              76              72
    6       -1953.041   -1021.226       -1057.940    -801.949               6              38
   48        -224.456    -220.163        -758.880     231.257              48              58
  138        -272.358    1816.780        -355.279    1043.687             138             104
   54          60.710     200.010         780.679     146.483              54              61
   12        -425.269     352.907        -449.809     875.052              12              41
   73        2894.330    1063.795        2138.495     788.634              73              70
  242         243.335     655.318         491.450    -829.204             242             156
  213        -396.262     200.747        1519.693     203.654             213             140
    6         719.872   -2903.282         519.588   -1461.951               6              38
  212        1180.206     618.177         726.634     -93.455             212             140
  181        -295.386   -1596.296         359.876   -1299.817             181             126
  177        1403.099    -176.187         750.800      10.899             177             122
  177        1366.815   -1273.954         914.855   -2141.470             177             124
   83       -1927.789     -81.488       -1063.822   -1386.424              83              75
  234       -2426.855    -246.771       -1236.826      44.067             234             152
    1         310.159    1174.625        1064.240    1128.093               1              34
   84         785.983   -3571.317        1341.877   -2044.357              84              77
  104         368.757   -1031.810        -935.976   -1362.615             104              86
  217       -1567.105    -295.983        -747.491    -401.555             217             144
   98        1530.023    -123.111         300.984    -223.624              98              83
   42       -1505.095     130.942        -832.265   -1501.925              42              56
   36       -1478.335    1041.562        -742.659     523.122              36              52
   45       -2415.342    -217.540        -576.968    -826.550              45              58
  164       -1655.963     197.913        -632.453    1468.391             164             116
  168         856.417    -889.385        1068.126    -676.541             168             119
  198       -1189.245     -46.709        -704.582     408.462             198             133
  233        1115.977     -10.472        1419.833    -176.130             233             152
  119       -1138.776   -1294.221         179.176    -979.695             119              93
   48        -389.060   -2283.077          53.134   -1310.019              48              59
   14       -1875.548    -785.552        -898.668    -258.730              14              41
   41         157.149   -2800.884         363.666    -681.755              41              56
  167         158.733   -1199.448        -663.990    -609.553             167             117
  124         512.893   -2515.103          91.183   -1276.598             124              97
   50        -912.196    -455.291       -2369.304   -1015.003              50              59
  178       -2305.882    1516.322       -1295.523    1356.135             178             124
  224         189.250      63.972         109.914     947.728             224             146
   95         665.842   -1292.374         551.234      83.212              95              83
   90        2635.557    -842.693         345.051    -391.687              90              79
   31         333.223     104.310        -195.559   -1172.755              31              51
  102        -852.312     150.747        -912.064    -374.129             102              85
  155       -1560.486   -1129.802       -1109.810   -1071.426             155             113
  155       -1745.246    1334.047       -2537.635    1366.835             155             111
  152         510.809    2199.929         907.738    1666.741             152             111
   78         117.473    -613.764         -72.509    -289.856              78              73
  222         -29.223     285.830         -41.325     386.345             222             146
  197         488.697    -125.031        -397.730    -111.923             197             132
  179        -666.205     907.661        -575.620     484.196             179             125
  234         806.920     889.734        -238.588     929.500             234             151
   70         746.375    1801.862         562.503     420.464              70              70
  254        -192.686     783.892        -204.502     128.531             254             161
   68        -372.609    1655.827         304.806     491.312              68              69
   28        -795.329     -73.799        -186.227    -150.101              28              48
   85        -912.292    1661.493        -456.807    1145.904              85              78
  250         976.298    1365.474        1421.442     953.878             250             159
    2        -803.599      14.398         585.776    -649.539               2              36
  255        -587.164    -511.474         773.198     530.095             255             161
  235        1146.049   -2788.179        1075.957   -1772.641             235             153
  120       -1224.812    -595.920       -1395.157    -672.619             120              94
   33       -1021.975    -407.091        -343.890     116.476              33              52
  214         295.110     352.535        -422.939     503.288             214             141
   33       -1055.127     -83.784         319.682    -354.473              33              52
  227        -560.572   -1465.608        -979.494     323.427             227             147
  209         519.385     525.357         191.704      74.579             209             140
  125       -1154.203    -154.041       -1561.803    1007.975             125              96
  178        2549.902    3306.588        1571.683    2249.219             178             124
   80        1521.659    -576.908        1933.185    -371.588              80              74
   80        1924.354    -870.034        1125.462   -1847.738              80              75
  132       -3720.338    -433.311       -2163.414    -982.665             132             100
   26         105.670     875.637         345.255    1704.761              26              48
  227         -57.115   -1071.486         118.209    -956.839             227             147
  136        -580.326     741.517        -382.663    1223.625             136             103
   74        1382.257    -850.563        1087.709    -173.272              74              71
  203         873.617     211.660          47.784     -80.191             203             137
  130        -279.162      -7.701         316.416    -509.429             130              99
  238        -627.904    -666.419        -497.372     215.715             238             154
  218        1606.000       0.325         629.000       0.000             218              37
  154        -628.251     666.216        -497.378    -215.717             154              38
  130        -279.051       7.531         316.415     509.430             130              37
  150         873.789    -211.356          47.783      80.190             150              38
  126        1381.781     850.951        1087.709     173.272             126              37
  227        -580.327    -741.760        -382.662   -1223.627             227              38
  117         -57.598    1071.388         118.207     956.840             117              37
  246         105.690    -875.698         345.260   -1704.759             246              38
  111       -3720.225     432.099       -2163.415     982.661             111              37
  249        1924.634     870.518        1125.456    1847.741             249              38
  164        1521.587     576.951        1933.183     371.593             164              37
   61        2550.669   -3305.845        1571.689   -2249.214              61              38
   11       -1154.655     153.930       -1561.801   -1007.980              11              37
   91         519.334    -524.942         191.702     -74.577              91              38
  104        -561.354    1465.531        -979.494    -323.429             104              37
  237       -1055.250      83.331         319.680     354.476             237              38
  231         295.128    -352.401        -422.938    -503.288             231              37
   20       -1022.245     406.868        -343.890    -116.476              20              38
  171       -1224.863     595.648       -1395.159     672.617             171              37
  247        1145.171    2788.356        1075.952    1772.645             247              38
    6        -587.463     510.705         773.199    -530.095               6              37
   42        -803.516     -15.250         585.772     649.540              42              38
  178         976.723   -1365.616        1421.444    -953.875             178              37
  248        -911.874   -1661.954        -456.804   -1145.905             248              38
   92        -795.294      73.371        -186.227     150.100              92              37
  119        -371.908   -1656.130         304.806    -491.312             119              38
  247        -192.226    -784.021        -204.503    -128.531             247              37
   17         747.106   -1801.567         562.504    -420.461              17              38
  236         807.118    -889.260        -238.585    -929.501             236              37
  160        -665.971    -907.617        -575.619    -484.198             160              38
   92         488.641     125.427        -397.731     111.922              92              37
   73         -29.220    -285.687         -41.323    -386.344              73              38
  164         117.168     613.764         -72.509     289.856             164              37
  237         511.262   -2199.707         907.741   -1666.738             237              38
  216       -1745.029   -1334.118       -2537.631   -1366.841             216              37
   10       -1560.733    1129.707       -1109.813    1071.424              10              38
  171        -851.897    -150.794        -912.065     374.126             171              37
   31         333.704    -103.842        -195.563    1172.755              31              38
  202        2635.329     843.917         345.050     391.688             202              37
  211         665.051    1292.701         551.234     -83.209             211              38
  185         188.806     -63.926         109.917    -947.728             185              37
   65       -2305.593   -1516.759       -1295.521   -1356.138              65              38
    8        -912.173     455.652       -2369.307    1014.998               8              37
  116         512.149    2515.693          91.181    1276.600             116              38
   43         158.240    1199.720        -663.990     609.550              43              37
   89         155.962    2800.958         363.663     681.757              89              38
    5       -1875.922     784.819        -898.668     258.729               5              37
   30        -389.750    2282.781          53.131    1310.020              30              38
   88       -1139.049    1293.417         179.174     979.696              88              37
   97        1115.998      10.478        1419.832     176.135              97              38
   18       -1189.330      46.124        -704.580    -408.462              18              37
  198         855.962     889.442        1068.125     676.544             198              38
   87       -1656.196    -198.726        -632.449   -1468.394              87              37
   73       -2415.357     216.504        -576.972     826.549              73              38
   38       -1477.664   -1042.156        -742.657    -523.123              38              37
  144       -1504.512    -131.348        -832.269    1501.924             144              38
  135        1530.305     123.749         300.985     223.624             135              37
  151       -1566.991     295.644        -747.492     401.553             151              38
  101         368.801    1032.163        -935.978    1362.614             101              37
  218         784.936    3571.293        1341.873    2044.360             218              38
  143         310.426   -1174.966        1064.243   -1128.091             143              37
   24       -2426.872     245.866       -1236.825     -44.070              24              38
   16       -1927.163      80.819       -1063.824    1386.422              16              37
   55        1367.063    1274.319         914.851    2141.473              55              38
  133        1403.288     176.526         750.800     -10.898             133              37
    2        -295.694    1595.969         359.870    1299.817               2              38
   46        1180.658    -617.933         726.636      93.457              46              37
  123         718.948    2903.202         519.585    1461.951             123              38
   75        -396.062    -201.537        1519.694    -203.652              75              37
   89         243.904    -655.701         491.447     829.203              89              38
  199        2894.672   -1063.084        2138.496    -788.628             199              37
   16        -425.421    -353.189        -449.806    -875.054              16              38
   50          60.677    -200.191         780.679    -146.483              50              37
   36        -271.832   -1816.842        -355.277   -1043.688              36              38
  201        -224.623     220.344        -758.878    -231.260             201              37
  190       -1953.200    1020.630       -1057.942     801.946             190              38
    4         603.556    -167.906         449.340     821.779               4              37
   28         216.501    1056.090        -704.016     577.079              28              38
  206         775.235    2564.289        1023.217    1742.631             206              37
  136         552.076     294.123         797.746    -217.046             136              38
    4         119.405    1561.072         721.008     810.891               4              37
   68        -483.652     -43.390         624.331    -729.817              68              38
  209       -2094.826     726.230        -237.428    1154.148             209              37
  229        1782.071    -889.132        1904.005      61.095             229              38
  173        -950.193    -415.955         325.657    -689.618             173              37
  126        -134.799   -2949.474         497.275    -891.946             126              38
   93        -813.050    -235.082       -1482.808    -222.038              93              37
  159        -406.701     627.096         291.333    1265.406             159              38
  204         226.644    -212.535        -161.874     261.525             204              37
   15        1104.967    1398.245         974.355    1420.816              15              38
  184          91.819      51.152         813.174    -653.639             184              37
  153       -1295.443    -415.802         -59.010     876.799             153              38
   75        1330.980      15.327        1153.084     377.199              75              37
   96         -40.287    -904.556         999.010     375.608              96              38
  219        2128.780   -1847.099        1286.752    -682.331             219              37
   17         589.343   -1080.826         245.222    -159.498              17              38
  203        2726.139    -346.507        1239.830    -613.127             203              37
   97       -1251.108    -614.926        -437.057    -878.544              97              38
   12        1263.752     267.015         424.894     616.731              12              37
   72         200.250     -14.695        1278.184    -543.734              72              38
  198        1037.793   -3315.319         670.231   -1765.184             198              37
  235       -1167.010    -892.625       -1728.597   -1524.581             235              38
  244       -1360.915    1131.987       -1197.576    1217.131             244              37
   59        -277.701    1010.257         355.603     563.344              59              38
   86        -145.230    -983.985         445.575     284.256              86              37
   66         322.558    -433.352         -98.202    -478.984              66              38
   54        -928.061     294.368         -53.781    1208.919              54              37
  178        2633.770   -1123.029        1659.823    -531.811             178              38
  254       -1432.209   -1078.186        -489.440   -1031.928             254              37
   53        -162.923   -2037.863        -602.747    -178.335              53              38
   76         330.532     751.624        -418.286    1142.342              76              37
   84        2667.821   -1522.241        1516.249    -565.122              84              38
  105       -1134.798     -91.289       -2063.308    -665.626             105              37
  145        1324.032    2007.062         513.940    2556.980             145              38
   19        2881.095     648.751        1663.410    -683.994              19              37
  187        -458.088     -65.355        -125.669    -583.709             187              38
  220        -467.451     712.491        -311.766    -188.203             220              37
   62       -1023.020    -588.341        -367.792     347.367              62              38
  167        1388.079    1977.034        -134.170     922.231             167              37
  195       -1100.848    1646.161        1380.494     748.784             195              38
  190         668.307   -3366.961         580.032   -1102.612             190              37
  122         352.726     692.679        -511.784     245.792             122              38
  112         266.861    -158.421         791.933     169.435             112              37
  118         284.538   -1502.685        -328.107    -729.081             118              38
  217         133.687    1530.615        -473.191    1219.438             217              37
   26        1529.456    -157.508        1558.499     225.243              26              38
  101        1114.723    -792.975        -102.874    -761.696             101              37
  168         190.177     957.058          88.247     249.128             168              38
   85         681.982    -163.708        -121.000     -22.000              85              37
  153         676.842    2474.088          91.510     642.610             153              38
   24        -979.911    1177.234         608.114     664.438              24              37
   95        1519.688    -720.478        1185.342      50.331              95              38
   73        1405.377     836.630         820.182    -209.020              73              37
   54         241.120     -62.691        1001.269   -1349.960              54              38
  114       -3338.796    -420.068       -1473.957    -325.895             114              37
   56        1790.860    -369.967        1663.108     949.730              56              38
  191         -11.604   -1913.618         -78.295   -2374.480             191              37
  210        -947.064     205.420       -1041.595     816.951             210              38
  192        1214.025     657.531         768.430    -509.896             192              37
   79       -2024.223     -28.752        -836.604    -418.585              79              38
   91        -949.574     263.625        -289.373     403.929              91              37
  112        -225.801    -112.244          46.354      25.780             112              38
   25       -2110.185     484.579        -727.065     111.097              25              37
    5        -418.752    -691.260         -10.506    1350.484               5              38
   40        1749.493    1407.837        1207.201     484.914              40              37
    8       -1346.785   -2254.226         643.443    -806.280               8              38
  143         634.527   -1390.308        -851.177     162.724             143              37
  151        1883.452     761.927        1130.411     856.341             151              38
  242         979.935    -148.753          28.562    -930.090             242              37
   96        -577.463    1455.632          74.605    1078.490              96              38
   41        1314.691     446.298        1211.428    -266.874              41              37
   28       -1366.968    -794.950         617.091    -340.320              28              38
  144        1591.550   -2471.914         397.784   -1141.516             144              37
  244        -978.295     802.562        -550.284    -417.699             244              38
  107        -900.035   -1210.718        -134.315    -294.069             107              37
   75        -924.796    -365.559        -609.712     -84.616              75              38
   49        -428.048    -918.686        -274.991     638.388              49              37
  234        2257.026      21.682         569.068     328.832             234              38
  114          36.165    1027.321          60.448    -162.244             114              37
   43        -483.018      20.079         181.651     313.509              43              38
  119         339.585     267.536         494.134     382.411             119              37
  123        1093.886   -1402.962        1421.536    -604.301             123              38
  182        -192.137   -1733.739        -767.342   -1347.135             182              37
   90         487.120     349.169         118.352     685.570              90              38
  216         887.958    -435.068         224.920   -1205.643             216              37
  155       -1904.109     172.479        -654.310     225.411             155              38
  232        1427.938   -1518.342         498.405    -489.478             232              37
  254        -460.096     264.726        -660.407    -892.850             254              38
  157       -2043.813    -246.320       -1186.097      42.555             157              37
   76        -299.967      80.482        -198.478     597.844              76              38
   89        -165.702    -973.887        -607.609     -65.823              89              37
   95        1141.107    1605.365         -85.995     923.008              95              38
   90        -963.930     332.441         -88.972    -175.625              90              37
  143         865.967     372.516          -8.968     846.488             143              38
  231        -115.866    1042.618         255.486    -632.345             231              37
   49       -1914.659    -329.444        -876.038     508.721              49              38
  167         948.603     477.442         172.161     288.590             167              37
  106        -786.826    1391.106        -398.255     405.702             106              38
   71       -1566.146     841.801          12.761     321.037              71              37
  207       -1361.645   -1030.100        -335.899     469.514             207              38
    3          90.824     233.007        -392.153     718.147               3              37
  184         522.742    1608.863         557.399    1768.347             184              38
   39        1449.746    -319.210        1629.707    -404.862              39              37
   93        -496.269    -141.413        -559.150      62.359              93              38
  151         537.482    1359.540        1338.656     459.265             151              37
   47       -1584.929   -2289.927        -355.524    -990.806              47              38
  155         567.958     799.339         367.605    1222.803             155              37
  172        1008.460   -2415.537        1158.284   -1586.811             172              38
   45       -1833.611      90.879       -1895.739    -436.012              45              37
  237       -1461.524     -98.729        -299.750    1081.994             237              38
   89         756.841     622.909         -41.227    1038.840              89              37
   95         977.620    -254.536        1545.163     101.201              95              38
   71        -898.718   -1307.969        -920.800   -1162.899              71              37
   55       -1524.554     -41.708        -731.164    1370.038              55              38
   24        1997.251     725.455         427.289    1052.763              24              37
  178         474.562     731.427        1494.846     656.318             178              38
   97        2062.260   -2240.846         899.221   -1166.119              97              37
    2        -830.529     102.675        -512.751   -1128.171               2              38
   18       -2781.801    -701.708       -1745.097     464.202              18              37
  159        1432.897     209.112         716.803    1302.946             159              38
  165         280.937       8.109        -697.548    -296.683             165              37
  107          -1.733    2731.739         588.009    1921.127             107              38
  192        -560.117   -1201.871         550.916    -724.976             192              37
   46        -385.593     145.953         146.741    1586.133              46              38
  147        2922.575   -2037.285        1864.382    -868.806             147              37
  172          38.873    -383.322        -519.401    -799.816             172              38
   16        -645.297    -723.667        -368.682    -481.722              16              37
   59       -1125.494     199.337       -1112.486     423.752              59              38
   78        -372.876     -40.812        -131.900     814.380              78              37
   66         842.810     106.442        -229.052     474.339              66              38
   84        -847.364    1703.783        -538.573    1182.463              84              37
   16        1116.523     912.334        1041.381    1551.188              16              38
    9         842.461     591.101         846.178     222.230               9              37
  218         807.594     128.456        1216.455     269.680             218              38
  211       -1389.003    -739.809        -343.907    -716.002             211              37
   47        -274.072      36.032         582.303    1605.230              47              38
  130         910.616   -2584.461         994.949   -1005.238             130              37
  134         977.328    -918.665        -389.252     916.062             134              38
  155        2729.755     618.115        1477.895     168.766             155              37
   17         961.202    -783.998         837.128    -465.834              17              38
  245         392.869   -1065.275          94.367    -982.113             245              37
  102         667.412    -414.943         355.038     267.068             102              38
  170         970.581   -1973.053         351.207   -1787.239             170              37
  131        -458.816      61.776       -1372.585    -187.077             131              38
  250       -2007.075     236.105        -733.455    -558.605             250              37
  251       -1744.169    -915.507       -1851.825    1511.450             251              38
   79        3057.609    1967.383        1523.622    1474.145              79              37
  218         793.224   -1638.385         539.100   -1388.967             218              38
  252       -1337.426     744.127       -1778.471    -258.294             252              37
   86        -802.613    1086.787        -292.660    1458.351              86              38
   92          86.459     528.080        -192.000    -159.572              92              37
  160       -1860.492    1080.216        -744.104    1029.626             160              38
  103       -1206.319       2.733        -208.700     574.912             103              37
  133          47.445    -356.290         -89.374     937.971             133              38
   34       -1493.977     328.584        -812.094      91.354              34              37
  100        -946.963     199.952        -781.094    2248.644             100              38
   16         529.505    1826.908         633.856    1455.917              16              37
  195         673.113   -1418.741        1327.668    1330.134             195              38
   84        1783.542   -1347.358         250.051   -1083.133              84              37
  125       -1456.542      84.922       -1196.374    1564.688             125              38
  246        2086.209     424.953         618.601     884.235             246              37
   36         166.803     181.131        -373.400     714.797              36              38
  211        -998.525    1954.040       -1202.043    1363.289             211              37
   12         334.898    1917.188         693.942    3460.773              12              38
  161        2511.028     762.511        1624.462     854.548             161              37
  221        1646.298     561.250        1242.934    1193.476             221              38
  164       -1034.399     841.457        -326.294    -164.990             164              37
   66        -272.382     959.442         644.556    2957.623              66              38
   46        -947.500    -380.577         517.586    -174.132              46              37
  197         665.941   -1921.554         586.041    3199.133             197              38
   55        1723.720     179.408         298.308    -588.905              55              37
   65       -1255.904     174.709        -267.769    4861.528              65              38
  230        3200.912     181.564        1331.713     329.864             230              37
  134        -136.973     521.728         450.383    6315.136             134              38
  158        1438.507    -480.169         444.229    -156.412             158              37
  197          -2.344    2105.251         141.166   20077.845             197              38
