SINAL     NFT                         FFT                         NFT INVERSA     FFT INVERSA
-----     -----------------------     -----------------------     -----------     -----------
  157       67343.000       0.000       34366.495       0.000             157             112
   80          47.419    1921.020         251.075  -19394.937              80              74
  175         502.784    -781.622        1005.052    -407.838             175             121
  238         286.509      20.272        -315.948   -7282.538             238             153
  251        -927.092     414.914         288.121    -145.948             251             159
   52        -502.455   -1404.880        -720.646   -4725.017              52              60
   43        -702.236    1865.754        -391.484     758.480              43              55
  206        -782.758    -784.883          54.751   -2960.686             206             137
   42         117.101     863.279        -168.957     549.563              42              55
   56        -384.883    -422.612         157.384   -2433.346              56              62
   68        -268.639    1374.604        -694.207     822.070              68              68
   97         179.940    1337.031        1257.908    -930.144              97              82
  165         326.069    -979.169         609.115   -1012.852             165             116
   69       -1984.358     -68.169        -848.587   -1695.739              69              68
  226        -333.950     192.780         -62.035     792.709             226             147
  197        -359.158     385.815         167.468   -1000.941             197             132
    1          43.694     269.229         441.843     676.472               1              34
    7        -231.243    -441.580         454.491   -1490.276               7              37
   17        -912.297    -452.765        -587.477     797.178              17              42
  218        2401.248    1457.473        1405.846     364.686             218             143
  221         723.639     -89.803        1860.556    -718.814             221             144
  163        -597.214   -3061.193        -239.736   -2212.795             163             115
  146        1089.190     910.079        -443.902    1114.912             146             107
  169        2921.480    1479.441        2245.260    -391.961             169             118
  145         323.819    -543.735         891.028   -2163.696             145             106
  250       -2837.909    -137.236       -1208.640   -1249.669             250             159
   26        -944.855     375.047         709.174     428.617              26              47
  221       -1813.836   -3450.365        -219.751   -1911.800             221             144
    3        1050.240    -638.982        -404.191    1041.450               3              35
  248        1993.221    -464.242        1289.300   -1266.336             248             158
  118        -347.801    -248.068        -854.343    -370.112             118              93
  100         521.145    1088.479         693.384     -45.231             100              84
  224        -435.717    -923.652         131.845    -678.495             224             146
  124          56.578     -28.645        -143.084     119.154             124              96
  104        2549.979     344.303        1825.215     357.190             104              86
  202        1855.669   -1616.120        1070.437   -2927.222             202             135
  177       -2927.303     711.025       -1936.159   -1027.677             177             122
   88       -1684.797     388.858         -91.303     664.298              88              78
   17         650.230   -1013.636         825.326    -744.664              17              42
  113       -1493.510   -1631.330        -955.158   -1253.967             113              90
  154        -663.603     658.616        -783.175     678.001             154             111
   72        -547.463    -420.491         -96.405     514.420              72              70
  134        2903.189    1140.838         951.980    1114.357             134             101
  123        1134.590    1345.685        1326.156    -289.614             123              95
  231        1574.994     429.897        2000.868    -292.940             231             149
   12        -507.571   -3202.689         588.343   -3180.453              12              40
  255        -811.523     174.437       -1473.258      40.488             255             161
  232          99.821     168.856        1117.472    -786.896             232             150
   93       -1408.361    -421.114        -940.555    -653.748              93              80
  249        -864.531    -172.735         926.526      18.518             249             158
  243         461.680   -2348.633         144.088   -1287.399             243             155
  195        -786.431    -785.374          45.626    -673.465             195             131
   54         976.019   -1808.549         -37.666    -926.148              54              61
   82        -903.812     188.760        -166.421    -879.636              82              75
   85        -596.985   -1663.771        -398.655    -528.600              85              76
   14         142.654    -690.962         538.811    -724.340              14              41
  107         150.119   -3695.982        -710.120   -2163.280             107              87
  239       -1049.022    1230.629       -2021.077     -90.951             239             153
  223        -514.928     256.698        -205.066     187.478             223             145
  219       -1041.135     913.322       -1028.684    -177.663             219             143
   98       -1601.001     187.590         -54.172     370.984              98              83
  106        -962.911   -1362.013        -929.883     -22.620             106              87
  120        2339.987    1053.804         933.957    1194.607             120              94
  112         311.043    -136.248         440.756   -1891.115             112              90
  159       -2765.032    -155.106       -1081.169     138.448             159             113
   72         332.567   -1732.510          -0.868    -936.271              72              70
  143       -2493.988    1031.003       -1871.070     331.492             143             105
  106        -505.091    -725.777         385.384     954.393             106              87
   14        1076.255    -310.869        -404.610    -433.185              14              41
  137       -2610.324    1225.832        -806.559     868.239             137             102
  174         493.677   -1066.946         397.292    1176.608             174             121
  131        1886.102    -393.591        1022.102     404.420             131              99
  142        2280.707   -1198.702         784.013    -482.519             142             105
  201         828.795     373.868        -168.136    -134.399             201             134
   59        2129.989     561.467        1116.138     262.780              59              63
   71         707.700    -732.533         386.341   -1608.717              71              69
  221        -200.124     200.952        -917.012    -311.465             221             144
   60        -686.961    1727.919        -238.050     191.275              60              64
  109        -650.001      19.482          74.792     288.407             109              88
   91         441.571     843.759         267.806     395.305              91              79
   59         519.070     274.758        1565.688     -56.726              59              63
   72        -260.927   -3189.461         218.721   -1789.207              72              70
  201        1353.339    -773.134        -139.403    -503.330             201             134
  225        -912.457    -681.911        -838.473   -1335.954             225             146
  152         275.721     858.384        -462.316     985.151             152             110
  138         544.180    -233.975         519.274   -1471.782             138             103
   63       -2211.894     595.377       -1680.716     509.193              63              65
  114        1317.882     333.355        1389.420     275.021             114              91
  127         -55.276   -1138.315        -304.637   -1419.405             127              97
  102       -1046.194     143.339        -591.316    -451.152             102              85
  125        -739.384    -334.004        -620.604    -399.236             125              96
  191       -1392.981     239.299        -734.590    -438.069             191             129
  104       -1836.176    -113.063        -986.702     273.832             104              86
  168        -554.545    -215.373        -160.323     108.278             168             118
  167        -854.254    -733.770        -707.731    -249.260             167             117
  181       -1284.127     387.948        -994.698     176.418             181             124
   83       -2162.852    -111.824        -783.538     750.648              83              75
  119          61.895   -1360.197        -514.509     798.065             119              93
   97        1345.901    1124.164          74.434    1164.622              97              82
    7         595.239    -180.747         360.176     392.522               7              37
  149        1294.257     417.206         343.690     513.486             149             108
   57         705.480   -1033.699         112.655    -114.924              57              62
    5        2613.251    1434.398          -4.614     609.987               5              36
  208        -303.894    2243.901         182.142     293.164             208             138
  212         655.926     944.428         905.935     663.188             212             140
  146        -508.131    -994.849         328.572    -955.867             146             107
  168        1034.838    -131.406         103.435     570.511             168             118
  137         282.938    -269.544         179.904    -998.006             137             102
  188         424.697     689.496         -90.490    1081.305             188             128
  226        1404.541    -899.177         974.152   -1705.959             226             147
   16       -1783.599     528.956       -1752.698     603.800              16              42
   95        2085.470    -232.120        1213.402    -204.952              95              81
  101        -458.083    1211.043       -1388.095      38.925             101              84
   19         751.104    1261.158        1036.769     383.203              19              43
  108        -353.065     961.097        -637.594    -296.012             108              88
   68       -1262.135     232.681         751.351    -236.547              68              68
   71        -625.339   -1877.484       -1364.290    -527.804              71              69
  129         219.911    1648.815         137.566     600.135             129              98
   59        -304.793    -622.804        -726.634     110.157              59              63
   28        1551.399    1341.094         824.570      62.546              28              48
  113       -1656.773   -1078.733       -1798.341   -1000.124             113              90
  172         428.002    3794.052        -853.017    1954.756             172             120
   94       -1133.345    2595.240         302.193     816.496              94              81
  221        -401.088     550.682         433.602     496.948             221             144
   58        -495.938     858.518        -291.869     340.586              58              63
   81        -293.400    1438.402         455.722     543.933              81              74
   79       -1811.674    -145.267        -536.465     257.723              79              73
   77        1558.825     512.679         297.736     968.401              77              72
  102        -398.356    3754.898        -149.000     873.000             102              85
  252       -1291.331     634.061        1432.963     752.356             252             160
  153        -793.366    -581.568        -495.526    -184.253             153             110
  251         -83.968    1140.565        1115.467    1658.374             251             159
  164        1382.100    -821.959         835.415    -503.477             164             116
  213         -16.836     850.172         953.742     583.738             213             140
  205         774.552   -1466.501         474.780   -1033.245             205             136
  113        -671.436     895.438          92.426     398.970             113              90
  239         210.761   -1166.263         128.010    -643.769             239             153
   94        -812.856    1419.686        -297.138     705.522              94              81
  204        -373.060    -486.322         212.866     -16.515             204             136
  201        -750.579     990.811        -288.389    1107.503             201             134
   40        1163.225      58.129        1033.335     924.185              40              54
   94        1769.698     888.952        1011.587     520.790              94              81
   27        1219.651    1191.693        1325.578     350.924              27              47
   79        1177.660    -189.959        1764.347    -503.054              79              73
   36         405.355    -756.206         398.559   -1197.702              36              52
   18        -264.298     487.870         590.270    -296.905              18              43
  118        -870.116    -572.206          -4.451    -970.554             118              93
  175       -1159.456      22.070         474.127     215.248             175             121
  126         327.745   -2404.804         362.219   -1462.405             126              97
   35       -1117.207     375.529        -702.729    -207.835              35              51
  255       -1426.662    -613.077        -488.110    -474.062             255             161
  113       -1618.579     771.450        -611.581    1129.757             113              90
  212         654.111    -617.327         772.427      23.791             212             140
  195       -1247.098    1447.691        -438.359     914.246             195             131
   15         797.060    -191.270        2180.629     645.864              15              41
   73           8.171   -2432.507         564.818   -1623.568              73              70
  192       -1006.967    -754.340        -187.514      72.025             192             130
    0         294.485   -1868.252         906.231    -444.299              -0              34
  206         171.841   -2574.429        -163.591   -1079.588             206             137
  197         191.643    -702.299        -575.366    -104.438             197             132
  123        -324.196     277.200        -160.837     205.484             123              95
  109        -271.961    -999.558         125.059     410.117             109              88
   74        1752.222     -95.740         715.788     279.406              74              71
  126         -20.757   -1279.068         903.989    -601.080             126              97
  178        1389.553   -2985.476        -146.456    -815.802             178             123
  140        2097.407     516.543         101.571    -245.948             140             104
  109        -418.730     161.873        -574.747    -795.975             109              88
   71        -850.781    1098.527        -666.412     966.299              71              69
   12        1182.906     356.181        1107.218     243.519              12              40
    3         -19.594    -879.007         -14.042    -643.645               3              35
    9         509.748     881.678         213.236     304.967               9              38
   81        -483.961   -1507.191         606.575   -1018.282              81              74
   54        -530.793   -1342.848       -1626.232    -525.091              54              61
  181          31.115    2448.558        -301.973    1959.605             181             124
  115        2343.385    1414.026        1754.900     636.582             115              91
  253        -395.134    -115.532        1223.714   -1035.234             253             160
  241       -1123.331   -2149.111        -379.231    -913.093             241             154
  240          71.579    -571.175         265.914     253.452             240             154
   97        1143.278   -1541.684         465.269    -778.626              97              82
  196          94.104   -1042.857          55.605    -605.972             196             132
  247        1067.774   -1238.987        -561.862    -874.632             247             157
   37        -488.958    1747.312        -385.899     284.060              37              52
  239        -727.279    -642.703        -382.314    -645.616             239             153
   56       -1789.469    1407.011        -697.329    1250.624              56              62
  135        1793.946   -1644.305        1700.795    -227.105             135             101
   14        -627.149   -1452.186        -885.686   -1457.207              14              41
  186        -742.380     223.584       -1020.752     703.241             186             127
   79        -299.969     527.866         167.471     951.266              79              73
   79        2750.141   -1083.783        1131.854     264.335              79              73
  173         863.250     110.374         514.588   -1112.139             173             120
   16         161.427   -1571.433        -818.991    -356.316              16              42
   44        1432.747    2942.015         399.263     539.542              44              56
  102        -910.897   -1651.126         405.170   -1183.551             102              85
  220         -57.621     468.336       -1067.413    -203.306             220             144
   79        -950.616      77.092         296.520      53.481              79              73
  249         238.809   -1514.298        -774.103    -889.548             249             158
   37        -530.153    1841.812        -937.644     639.233              37              52
  180       -1138.907     883.239         -28.157     160.842             180             124
  205       -1181.980    -847.998        -636.142     410.158             205             136
  122        1846.327     438.234         412.072     382.417             122              95
   53        -613.354    1000.953        -522.650    -423.374              53              60
    1       -1601.765     800.935        -435.959     417.266               1              34
   44       -1368.297    -261.270       -1033.702     176.924              44              56
   24        -588.267    2154.206         -51.457    1826.029              24              46
  136        -114.258   -1099.817         504.431    -412.247             136             102
   93       -1857.557     892.131       -1327.848    1215.731              93              80
  240        1056.796    -419.887         701.899    1446.392             240             154
  112        1970.165    2495.137         277.104    1531.419             112              90
   71        1264.829    1114.509        2399.371     829.524              71              69
  102         981.167   -1045.780         333.126    -713.264             102              85
    1         852.541    1712.934        1359.624    1265.294               1              34
  196        1891.163   -2169.433        2024.692   -1674.848             196             132
  214        -586.118   -1772.871        -691.709   -1220.696             214             141
  102        1094.838     -12.203        -124.582     -88.555             102              85
  204        -368.005    1256.825        -280.460     -29.367             204             136
   29        -215.499     490.939         415.621     185.666              29              48
  203        -558.416    -179.263        -179.222    -522.176             203             135
  109       -1418.125    1199.467        -177.552     569.037             109              88
  153       -1424.291   -1895.513         319.705    -177.501             153             110
  254        1212.469    -879.227        -378.417     442.940             254             161
   76         366.271    1476.336         605.965     363.965              76              72
  142        -811.144    -571.268        -103.004     193.752             142             105
  224         455.686     413.317         908.361     814.115             224             146
  140         838.895   -2360.885         873.484    -837.373             140             104
   17         251.033    -254.624        -643.470     152.340              17              42
    9        1613.503     483.160        1397.891     825.766               9              38
  200        1065.849   -2274.078         674.615   -1763.455             200             134
   73        -212.877    -232.903       -1295.149     219.873              73              70
  137        1501.313    1773.314         817.977     738.146             137             102
  229        -419.366      54.790         256.052    -216.711             229             148
  239         342.305     -72.855         785.587     450.305             239             153
  245        1684.270   -2192.625        1082.589    -970.310             245             156
  111         706.712    -292.687        -547.123    -846.825             111              89
   23         107.279     640.677         333.936     456.968              23              45
  118        1293.643   -1345.555         655.615   -1475.609             118              93
  105       -1771.437     -73.886       -1595.470    -364.636             105              86
  246         953.006     826.994         510.745     703.306             246             157
  121        -783.562    -722.801        -333.500   -1271.962             121              94
   82       -1546.495     159.867       -1340.863     658.960              82              75
  141         573.378     541.970         215.197     584.077             141             104
  193        -603.321     565.297        -721.578     211.477             193             130
  182        -577.986    2010.133         -65.778    1703.000             182             125
  154         722.867     163.286        1437.749     647.583             154             111
   71         670.645   -1339.706         527.124    -260.460              71              69
   93        1052.592     226.672         343.035     347.918              93              80
  193         806.441     -59.978         804.148     269.369             193             130
  170        1904.003    -351.190        1000.083    -172.181             170             119
   56         530.154    -404.040         564.526    -777.068              56              62
  119         303.572    -624.829        -107.194    -166.217             119              93
  248        1484.637     372.812         956.387     -13.719             248             158
  211         552.884   -1091.132         302.112   -1293.571             211             139
   68        -440.487     265.141        -429.262    -370.505              68              68
   50        -741.528    -600.345        -210.427    -410.027              50              59
  206         222.149      -1.067        -142.242     226.757             206             137
  244          94.197    -484.879         299.619    -721.882             244             156
   27        -912.810    -899.820        -879.551    -146.054              27              47
  196        1029.000       0.318          -4.000       0.000             196              37
  234        -913.153     899.683        -879.557     146.050             234              37
   60          94.136     484.923         299.617     721.883              60              37
  121         222.158       1.175        -142.243    -226.757             121              37
  147        -741.653     600.106        -210.428     410.026             147              37
    4        -440.112    -265.245        -429.264     370.504               4              37
  171         552.865    1091.306         302.110    1293.572             171              37
   32        1484.910    -372.362         956.385      13.721              32              37
   85         303.417     624.944        -107.194     166.218              85              37
  216         530.196     404.141         564.524     777.068             216              37
   74        1903.917     351.710        1000.083     172.184              74              37
  234         806.282      60.120         804.148    -269.368             234              37
  139        1052.493    -226.348         343.035    -347.917             139              37
  107         669.952    1339.752         527.123     260.461             107              37
  163         722.582    -163.468        1437.751    -647.580             163              37
  183        -577.624   -2010.481         -65.774   -1703.002             183              37
   13        -603.236    -565.385        -721.578    -211.479              13              37
   12         573.378    -541.637         215.198    -584.077              12              37
   77       -1546.563    -160.193       -1340.863    -658.963              77              37
  128        -783.604     722.593        -333.504    1271.961             128              37
  203         953.340    -826.608         510.746    -703.306             203              37
   92       -1771.284      73.540       -1595.472     364.631              92              37
  148        1293.494    1346.034         655.611    1475.610             148              37
  200         107.637    -640.625         333.937    -456.968             200              37
   89         706.819     293.159        -547.125     846.824              89              37
   69        1683.535    2193.142        1082.587     970.312              69              37
    9         342.125      72.678         785.587    -450.303               9              37
   64        -419.292     -55.169         256.051     216.711              64              37
  109        1501.930   -1772.753         817.978    -738.144             109              37
   37        -212.972     233.199       -1295.148    -219.878              37              37
  145        1065.167    2274.450         674.610    1763.455             145              37
  236        1613.509    -482.753        1397.894    -825.763             236              37
   39         250.714     254.835        -643.470    -152.340              39              37
   28         837.883    2361.008         873.481     837.374              28              37
   31         455.487    -413.490         908.362    -814.114              31              37
  246        -811.535     570.737        -103.005    -193.753             246              37
  233         366.699   -1476.283         605.965    -363.963             233              37
   51        1211.825     879.753        -378.414    -442.942              51              37
  215       -1425.306    1894.737         319.703     177.500             215              37
  219       -1417.747   -1200.285        -177.552    -569.037             219              37
  155        -558.333     178.916        -179.222     522.176             155              37
  216        -215.178    -491.212         415.622    -185.666             216              37
   74        -367.344   -1256.915        -280.461      29.366              74              37
  117        1094.986      12.826        -124.582      88.555             117              37
  208        -586.512    1772.749        -691.712    1220.694             208              37
  135        1890.622    2169.599        2024.688    1674.853             135              37
  163         853.073   -1713.069        1359.626   -1265.291             163              37
   37         980.772    1045.793         333.123     713.263              37              37
  179        1265.092   -1114.572        2399.372    -829.520             179              37
  121        1970.638   -2494.525         277.107   -1531.421             121              37
  246        1055.954     420.324         701.901   -1446.390             246              37
  148       -1857.765    -892.745       -1327.845   -1215.735             148              37
  140        -114.878    1099.617         504.429     412.249             140              37
  138        -587.873   -2154.525         -51.452   -1826.029             138              37
  189       -1368.600     260.862       -1033.703    -176.927             189              37
  139       -1601.442    -801.532        -435.958    -417.267             139              37
   67        -612.740   -1001.069        -522.651     423.373              67              37
  213        1846.424    -437.409         412.072    -382.415             213              37
  136       -1182.524     847.625        -636.142    -410.158             136              37
  109       -1138.584    -883.718         -28.157    -160.841             109              37
  236        -529.378   -1841.697        -937.643    -639.235             236              37
   73         238.373    1514.654        -774.105     889.546              73              37
  220        -950.496     -77.412         296.519     -53.480             220              37
  192         -57.283    -468.206       -1067.413     203.304             192              37
   17        -911.126    1650.724         405.169    1183.552              17              37
  102        1434.017   -2941.429         399.264    -539.542             102              37
  220         161.042    1571.834        -818.993     356.315             220              37
  227         863.505    -109.969         514.585    1112.140             227              37
  239        2749.600    1084.746        1131.853    -264.332             239              37
  118        -300.223    -527.955         167.474    -951.265             118              37
  135        -742.478    -223.584       -1020.749    -703.243             135              37
  158        -627.558    1452.156        -885.691    1457.204             158              37
   75        1793.230    1644.681        1700.795     227.109              75              37
  181       -1789.228   -1407.756        -697.325   -1250.626             181              37
  208        -727.367     642.459        -382.315     645.616             208              37
  246        -488.113   -1747.286        -385.898    -284.062             246              37
  251        1067.529    1239.715        -561.864     874.632             251              37
    5          93.816    1043.041          55.605     605.972               5              37
  115        1142.724    1542.047         465.268     778.627             115              37
   90          71.190     571.123         265.917    -253.453              90              37
   64       -1124.049    2148.449        -379.233     913.093              64              37
  184        -394.858     114.846        1223.711    1035.236             184              37
  170        2343.914   -1413.604        1754.901    -636.578             170              37
  183          31.678   -2448.338        -301.967   -1959.606             183              37
   76        -531.340    1343.030       -1626.233     525.088              76              37
   99        -484.376    1506.920         606.573    1018.284              99              37
   97         510.142    -881.609         213.237    -304.966              97              37
  126         -19.804     878.963         -14.043     643.644             126              37
  190        1182.982    -355.934        1107.218    -243.517             190              37
   88        -850.454   -1098.735        -666.410    -966.301              88              37
  195        -418.372    -161.755        -574.749     795.974             195              37
  224        2097.768    -515.367         101.571     245.949             224              37
  244        1388.371    2986.219        -146.457     815.803             244              37
   58         -21.324    1278.890         903.989     601.082              58              37
  203        1751.954      96.233         715.789    -279.405             203              37
  179        -272.665     999.408         125.061    -410.117             179              37
   61        -324.286    -277.283        -160.837    -205.484              61              37
  164         191.273     702.611        -575.366     104.436             164              37
  191         170.802    2574.535        -163.594    1079.588             191              37
  219         293.594    1868.058         906.230     444.301             219              37
  208       -1007.393     753.715        -187.515     -72.026             208              37
   38           7.327    2432.031         564.814    1623.568              38              37
   72         796.759     190.818        2180.631    -645.860              72              37
    1       -1246.823   -1448.483        -438.357    -914.248               1              37
  166         653.676     617.322         772.427     -23.789             166              37
   55       -1618.596    -772.185        -611.577   -1129.760              55              37
   63       -1426.860     612.482        -488.112     474.061              63              37
  243       -1116.887    -375.941        -702.728     207.834             243              37
  104         327.052    2404.695         362.218    1462.404             104              37
   81       -1159.378     -22.917         474.128    -215.249              81              37
  137        -870.027     571.504          -4.454     970.555             137              37
  184        -263.747    -488.309         590.271     296.906             184              37
  185         405.498     755.992         398.557    1197.702             185              37
   11        1177.876     189.815        1764.346     503.057              11              37
  238        1220.175   -1191.728        1325.577    -350.922             238              37
  176        1769.897    -888.576        1011.588    -520.788             176              37
   84        1162.859     -57.959        1033.337    -924.183              84              37
  120        -750.589    -991.223        -288.386   -1107.504             120              37
   10        -373.380     486.003         212.865      16.516              10              37
  180        -812.403   -1420.068        -297.136    -705.523             180              37
  251         210.382    1166.216         128.008     643.769             251              37
  157        -671.072    -895.836          92.429    -398.970             157              37
  114         774.127    1466.504         474.777    1033.245             114              37
  203         -16.547    -850.538         953.744    -583.735             203              37
  111        1381.680     822.042         835.414     503.479             111              37
  245         -83.932   -1140.994        1115.473   -1658.371             245              37
  121        -793.812     580.877        -495.527     184.251             121              37
   32       -1291.141    -635.192        1432.968    -752.349              32              37
  146        -396.931   -3755.305        -149.000    -873.000             146              37
   21        1558.856    -512.054         297.735    -968.403              21              37
  102       -1811.916     144.470        -536.465    -257.725             102              37
   55        -292.868   -1438.751         455.722    -543.933              55              37
  242        -495.636    -858.838        -291.870    -340.587             242              37
   23        -400.894    -551.125         433.602    -496.947              23              37
  102       -1132.342   -2595.876         302.194    -816.496             102              37
  242         429.377   -3793.523        -853.012   -1954.758             242              37
  121       -1656.901    1078.610       -1798.343    1000.121             121              37
  141        1552.065   -1340.374         824.571     -62.543             141              37
   78        -305.021     622.862        -726.635    -110.159              78              37
  128         220.448   -1648.505         137.568    -600.133             128              37
  156        -626.007    1877.419       -1364.291     527.800             156              37
  176       -1261.887    -233.327         751.351     236.549             176              37
   89        -352.382    -961.347        -637.595     296.009              89              37
  139         751.775   -1260.874        1036.769    -383.199             139              37
   71        -457.408   -1210.952       -1388.095     -38.928              71              37
  134        2085.449     233.055        1213.401     204.955             134              37
  242       -1783.328    -529.350       -1752.698    -603.804             242              37
  241        1404.517     899.743         974.147    1705.963             241              37
  192         424.985    -689.318         -90.488   -1081.306             192              37
  145         282.948     269.744         179.900     998.006             145              37
  232        1034.791     131.791         103.436    -570.511             232              37
  218        -508.433     994.498         328.569     955.868             218              37
   29         656.365    -944.530         905.936    -663.187              29              37
   64        -302.897   -2243.995         182.142    -293.164              64              37
   18        2613.830   -1433.110          -4.612    -609.988              18              37
  135         704.953    1034.240         112.653     114.924             135              37
  242        1294.178    -416.652         343.691    -513.485             242              37
  106         594.882     181.066         360.177    -392.521             106              37
   93        1345.819   -1123.449          74.436   -1164.622              93              37
  133          60.748    1360.459        -514.508    -798.064             133              37
   27       -2163.353     111.113        -783.537    -750.648              27              37
    7       -1284.128    -388.244        -994.698    -176.421               7              37
  116        -854.569     733.611        -707.732     249.258             116              37
  117        -554.757     215.204        -160.324    -108.279             117              37
  228       -1836.268     112.461        -986.703    -273.834             228              37
  239       -1392.723    -239.695        -734.591     438.068             239              37
  216        -739.264     333.840        -620.605     399.235             216              37
  224       -1045.836    -143.579        -591.317     451.152             224              37
  155         -55.279    1138.294        -304.639    1419.405             155              37
  161        1318.038    -333.028        1389.421    -275.016             161              37
  219       -2211.565    -596.055       -1680.714    -509.198             219              37
   36         544.467     234.245         519.270    1471.784              36              37
  150         276.154    -858.091        -462.313    -985.152             150              37
   10        -912.407     681.918        -838.477    1335.951              10              37
  114        1353.314     773.852        -139.404     503.329             114              37
  101        -261.896    3189.203         218.717    1789.207             101              37
   76         519.301    -275.077        1565.687      56.728              76              37
   15         441.857    -843.827         267.807    -395.305              15              37
    1        -649.957     -19.861          74.793    -288.408               1              37
  247        -686.139   -1728.138        -238.050    -191.275             247              37
   35        -199.646    -200.764        -917.013     311.464              35              37
  165         707.918     732.861         386.337    1608.718             165              37
  216        2130.403    -560.709        1116.138    -262.778             216              37
  146         828.998    -373.342        -168.136     134.398             146              37
  247        2280.253    1199.637         784.011     482.519             247              37
  147        1885.531     394.241        1022.101    -404.416             147              37
  134         492.639    1066.978         397.295   -1176.607             134              37
  199       -2610.190   -1226.752        -806.557    -868.240             199              37
  221        1076.047     311.391        -404.610     433.185             221              37
   14        -505.741     725.602         385.387    -954.390              14              37
  104       -2493.718   -1031.703       -1871.069    -331.496             104              37
  242         331.995    1732.736          -0.869     936.275             242              37
   87       -2764.914     154.059       -1081.169    -138.449              87              37
   83         311.489     136.253         440.749    1891.113              83              37
  218        2340.293   -1052.914         933.960   -1194.604             218              37
  127        -963.714    1361.777        -929.884      22.617             127              37
  151       -1600.985    -188.240         -54.171    -370.984             151              37
   36       -1040.665    -913.591       -1028.685     177.660              36              37
   35        -514.660    -256.630        -205.065    -187.478              35              37
  209       -1048.346   -1230.384       -2021.075      90.946             209              37
  169         149.173    3696.425        -710.123    2163.278             169              37
  138         142.554     690.979         538.810     724.342             138              37
  120        -597.427    1663.505        -398.656     528.600             120              37
    0        -903.448    -189.060        -166.422     879.636               0              37
  177         975.621    1808.922         -37.667     926.148             177              37
  234        -786.572     785.058          45.626     673.466             234              37
  215         461.009    2348.543         144.086    1287.399             215              37
  189        -864.541     172.054         926.528     -18.515             189              37
  251       -1408.199     420.365        -940.555     653.746             251              37
  199         100.248    -169.014        1117.469     786.897             199              37
  214        -811.088    -174.650       -1473.258     -40.492             214              37
   22        -508.032    3202.231         588.334    3180.453              22              37
   95        1575.674    -430.025        2000.867     292.944              95              37
  125        1135.367   -1345.635        1326.155     289.616             125              37
  108        2903.474   -1139.855         951.982   -1114.354             108              37
  133        -547.940     420.358         -96.403    -514.421             133              37
   22        -663.493    -658.721        -783.174    -678.003              22              37
   12       -1493.901    1630.900        -955.161    1253.965              12              37
   62         650.015    1013.593         825.325     744.666              62              37
  192       -1684.604    -389.678         -91.301    -664.298             192              37
  192       -2926.349    -711.977       -1936.161    1027.673             192              37
  219        1856.013    1616.675        1070.430    2927.225             219              37
  169        2550.332    -343.659        1825.216    -357.186             169              37
   31          56.557      28.614        -143.083    -119.151              31              37
   90        -435.822     923.331         131.844     678.496              90              37
  129         521.766   -1088.406         693.384      45.228             129              37
  144        -347.541     248.061        -854.344     370.110             144              37
  237        1993.282     464.999        1289.296    1266.339             237              37
   85        1049.796     639.490        -404.188   -1041.451              85              37
  196       -1815.102    3449.489        -219.756    1911.797             196              37
  143        -944.559    -375.906         709.174    -428.616             143              37
  248       -2837.350     135.978       -1208.642    1249.666             248              37
   52         324.636     543.442         891.025    2163.697              52              37
   13        2922.529   -1478.728        2245.258     391.965              13              37
  243        1089.585    -909.520        -443.899   -1114.913             243              37
  120        -597.987    3060.887        -239.742    2212.794             120              37
  127         724.062      89.475        1860.556     718.817             127              37
  233        2401.816   -1456.924        1405.846    -364.684             233              37
  171        -912.485     452.377        -587.476    -797.178             171              37
    8        -231.156     441.248         454.488    1490.279               8              37
  166          44.026    -269.500         441.844    -676.472             166              37
  223        -358.778    -386.134         167.464    1000.937             223              37
  199        -333.624    -193.029         -62.033    -792.709             199              37
  171       -1983.835      67.379        -848.592    1695.734             171              37
   75         326.486     978.931         609.113    1012.853              75              37
   80         180.992   -1337.353        1257.905     930.145              80              37
   93        -267.553   -1374.727        -694.206    -822.071              93              37
  232        -384.271     422.456         157.379    2433.348             232              37
   99         118.190    -863.288        -168.956    -549.565              99              37
    5        -782.102     784.495          54.741    2960.682               5              37
  255        -700.409   -1865.984        -391.482    -758.479             255              37
  199        -501.442    1404.765        -720.658    4725.014             199              37
   40        -924.991    -415.371         288.121     145.947              40              37
    2         289.121     -20.218        -315.968    7282.531               2              37
  154         506.169     781.566        1005.051     407.842             154              37
   32          55.221   -1921.083         251.024   19394.925              32              37
