SINAL     NFT                         FFT                         NFT INVERSA     FFT INVERSA
-----     -----------------------     -----------------------     -----------     -----------
   97       65886.000       0.000       34702.495       0.000              97              83
   82        1910.092   -1057.513        1087.765  -20591.673              82              75
   21        -342.946    -962.854       -1171.960   -1143.569              21              45
    9         906.871    1331.175         -86.169   -6057.641               9              38
   35        -440.961    -113.743        -407.238   -1029.036              35              52
  157        -949.073    1110.029       -1132.367   -3506.111             157             112
  120        -724.224    1068.837        -284.148     481.029             120              94
   91         215.339    1563.604         214.639   -1907.477              91              79
   66        -357.028    -496.122        1224.646    -551.593              66              67
   33         633.641   -2683.327        -508.491   -3450.445              33              50
  233        -151.789    1966.856        -669.497    -265.978             233             151
   45       -2500.210    -160.470        -696.947   -2096.987              45              56
  215       -1227.315    -277.881        -447.221      61.005             215             142
  249       -1448.775   -1929.398        -757.156   -2124.453             249             158
  165        -685.057      96.801       -1438.027     842.511             165             117
  187        1152.686     894.483         787.146    -276.089             187             127
  231         480.846   -1121.153         501.764   -1262.878             231             150
  239       -1634.695   -1790.585       -1337.246   -2061.090             239             153
  253        -259.016    -700.506       -1111.075      89.169             253             161
  134          66.740    -382.369       -1132.822   -1175.805             134             101
   55        -709.681    1381.740       -1490.502     404.226              55              62
  204       -1639.302     943.404       -1402.766     -52.128             204             136
    3        -126.258    1838.170        -770.483    1567.663               3              36
  102        -511.531    1197.805        -196.982     -32.387             102              85
   97        -730.130     676.859        -729.815    1200.994              97              83
   31        1185.055     857.911          83.429     373.426              31              49
    9        -143.946    2353.902        -492.878    1140.195               9              39
  198         204.878    1113.477         600.366    1135.091             198             133
  139        2963.147     879.710        1059.887     423.349             139             104
  109        -521.485    2135.581         -61.646    -101.581             109              88
   22         710.200    1212.771         861.369    1363.130              22              45
  145        1812.751     710.456        1471.706    -552.310             145             106
  170         350.083      58.473         605.260    -431.922             170             119
  114         461.853     329.806         109.569    -710.377             114              91
  209        -308.684    1744.097         577.237     100.183             209             139
  135       -2121.844   -1715.385        -156.471   -1236.438             135             101
  208         593.006    -233.423         -94.251     924.627             208             138
  215        1063.522   -1011.899         727.475   -1284.715             215             141
    7        -173.228     850.775       -1238.722     810.263               7              38
  201        2096.313    2083.444        1975.523     558.921             201             134
  154         278.640   -1163.874         779.071   -1353.780             154             111
  199         463.035   -1306.416         222.736   -1555.619             199             133
    6       -1384.716     -98.197       -1535.163    -970.139               6              37
  214       -1342.908    1151.684        -442.649     684.989             214             141
   91         -52.863    -683.554          95.193    -313.263              91              80
  146        -379.095    -309.485        -363.579    -191.114             146             107
   54        -201.915    -415.228        -481.079    -112.976              54              61
  115         602.254     120.888        -379.523     558.727             115              91
   81        1637.645    1702.427         369.914     244.676              81              75
  131        -342.127     515.358         258.679      40.897             131              99
   11        1287.635     401.220         379.042    -691.789              11              40
  149       -2542.207      14.481        -778.951    -241.490             149             108
  214        1810.938   -1143.005         175.251    -255.528             214             141
  237       -1717.239    1088.784       -1619.126    -228.733             237             152
  231        1146.163    1396.917          38.453    1612.531             231             150
  103         197.624    1765.519         140.476     118.741             103              85
   17        1407.835     823.011         730.497     815.984              17              43
   77         537.132    1097.536         -36.069    -819.886              77              72
  179         -24.905    2999.951         -10.334    1408.594             179             124
  152        -282.696    1035.410        1405.121    -725.372             152             110
  183       -1320.221    -701.252        -570.399    -196.740             183             126
   75         265.263     758.046         653.941      76.956              75              71
  221         229.565    -582.436         130.731    -593.935             221             145
  210        -837.334     700.687        -271.963    -575.307             210             139
  223       -1038.735    -175.958        -648.449      16.138             223             146
  172        -544.008    1129.804        -316.106     155.144             172             120
  231        -821.853     688.487        -466.756     396.381             231             150
  187       -1073.417    1688.434        -220.530     814.587             187             127
  175         646.241     739.778         797.645    1080.173             175             122
  219         917.315     774.715        1376.268    -576.598             219             143
   86       -1138.014   -1489.654        -421.644   -1147.416              86              77
  227        -954.512    1874.937        -854.949     336.768             227             147
   39       -2372.301     606.291         -24.224     377.845              39              54
  159       -1123.594    -514.183        -393.866     621.210             159             113
  133         891.811     323.299         667.243     716.644             133             101
  179         127.907     923.236          91.435     194.471             179             123
  205        -394.859    1401.912         907.063     594.063             205             137
  162       -1023.322   -1301.340         472.274    -372.570             162             115
   34         892.878    -474.020         655.047    -312.027              34              51
  132       -3194.194    -685.164       -1052.355    -534.091             132             100
   53        1132.231    -580.661         661.846    1777.206              53              61
  156        1314.720    -413.089        1227.416   -1194.286             156             112
  221       -1046.416   -2102.807        -355.090    -334.812             221             145
  153         749.965    -852.050        -746.073    -615.371             153             110
   97        -672.326    2308.560        -609.960    1588.020              97              83
   24        -432.616      63.969         606.662      17.893              24              46
   93        -884.417     444.340        -440.517    1796.752              93              81
  123        3042.211    -206.905        2770.385     698.759             123              95
   89        1645.207   -2481.360         651.271   -1415.222              89              79
  135         871.291     450.816          92.882      34.896             135             101
  169        1048.924    -926.042         857.616    -297.478             169             119
  231         769.706    -768.541        -292.835    -683.948             231             149
  120        1146.964     815.912         408.906     848.058             120              94
   19        2022.558    -665.552         742.314    -967.966              19              43
  230         707.147    2237.528        -422.736     577.377             230             149
  204        -109.000    1634.538        1344.728     -80.154             204             136
   74        -649.615   -1292.813         194.142    -235.348              74              71
  135        1789.041    -540.518        1388.709    -332.806             135             101
   19        1145.626   -1972.392         324.019   -1703.583              19              44
   94        -757.323     445.576       -1007.301    -746.299              94              81
  196           4.404     -86.497         -25.425     481.680             196             132
  161        1520.188     754.366         158.137    -842.574             161             114
  121       -2245.541    1662.389        -526.804     278.169             121              95
   79        -444.413   -1304.611         300.105    -465.164              79              73
  217        -389.517     250.638        -776.296     278.943             217             143
  170         135.355     632.873         447.292     399.551             170             119
   20         732.580     183.460         261.440     264.006              20              44
  233         169.465     747.595         733.690    -361.652             233             150
   27        -418.384   -1230.903          13.878    -257.930              27              48
   40         657.466     437.779         140.798    -703.108              40              54
  118       -2861.803    -332.476        -845.830     190.917             118              93
   19        1175.631   -1363.854         100.932     369.415              19              43
  198        1084.753    1601.471         -70.438    1007.419             198             133
  218        1614.093    1206.187        1431.413     380.291             218             143
   85         344.261     295.842         958.559      57.864              85              77
   87        1904.016   -2098.194        1570.687   -1549.744              87              77
  178        -763.890    -262.392       -1465.398    -775.029             178             123
  176        1430.255    1527.412        1273.466     853.099             176             122
   99         270.353    -839.927         524.842   -1725.341              99              84
   50        -922.299    -543.439        -273.589    -548.372              50              59
  243           5.360    -408.715        -183.570    -927.618             243             156
   94       -2571.981    -595.004        -976.891    -713.002              94              81
   33        -697.511    -752.928       -1326.773    1006.142              33              51
  135        2664.672    2194.250        1500.028    1106.701             135             101
   42          -3.874   -1015.162         414.956   -1547.015              42              55
  112       -1187.979     693.695        -924.853     209.311             112              90
  198         267.506     393.658         618.832     544.563             198             133
  232         343.243    -428.009         481.609    -779.483             232             150
  183        -903.971    -234.084        -671.000     277.000             183             126
  218        2176.025    1192.781        1649.909     517.871             218             143
  124        -523.628   -2000.168         454.307   -2017.384             124              96
  255        -126.440    -187.583        -678.180    -109.107             255             161
  189        -384.475    -325.206         689.195    -871.938             189             129
  130        -883.803   -2422.742        -927.809   -1105.064             130              99
  199         110.190     144.426        -322.599    -353.859             199             134
  239       -1712.072   -1677.471       -1546.898    -818.029             239             153
   13         735.311    2434.640        -644.141    1707.384              13              41
  142        -192.064    -341.009        1022.866    -770.629             142             105
  187        -265.208    -977.835       -1445.723    -385.488             187             128
  219       -1322.973    2191.000        -589.195     439.144             219             143
   92       -1570.048      -3.458        -666.516    1456.511              92              80
  252        2530.103      80.241        1861.408     239.594             252             160
  161        -244.637   -2196.124        -883.639   -1163.339             161             115
   65        1779.090    2298.035        -191.115     870.356              65              66
  108       -1404.355    1270.748        -130.035       7.105             108              88
   34         384.811    -234.744         274.046     343.315              34              51
  203        -319.778     591.139        -650.527      14.172             203             136
   64         729.576    1526.752         669.824    1210.461              64              66
  182         277.404      49.085         253.067    -574.650             182             125
   60          30.397    1040.746         409.865    1025.457              60              64
  211        2043.778   -1070.125         911.566   -1202.553             211             140
   54       -1404.999    2833.901       -1189.425     398.696              54              61
  107       -1084.085     878.107        1202.814     877.926             107              88
  182         641.634   -1574.058         760.735    -630.809             182             125
  135         440.024    -865.828         417.336    -682.212             135             102
   36        -208.271    -697.148        -497.586    -647.811              36              52
  119         258.590     574.493          44.889     354.198             119              94
  133         178.156      49.170         178.833    -639.796             133             100
  248        -960.450     138.437        -296.599     248.813             248             158
  113        1317.817    -785.566         701.450    -698.569             113              90
    7       -1393.071      41.501       -1304.910    -802.104               7              38
  164       -1274.513    1243.626        -777.562     927.996             164             116
   62        -256.286     776.621          83.530    1050.644              62              65
  115        1996.438     592.982        1336.085     254.471             115              91
  239        -935.544     -94.621        -163.656   -1115.894             239             154
  173       -1472.214     252.387        -700.797     595.534             173             120
  253         -61.598     219.370         233.434     715.275             253             161
  171        1674.816     474.319         868.081     837.691             171             119
  132        1666.444     519.267        1704.859    -502.316             132             100
   52        -409.036   -2037.209         -43.713   -1547.120              52              60
  237         376.521     742.526        -476.148     417.370             237             153
  206        1446.965     456.216        1213.726    -506.214             206             137
   45       -1127.905     333.124        -529.016   -1104.931              45              57
   30       -1574.148    -182.669        -126.270    -110.554              30              49
  181        -196.850    -212.293        -257.674    -233.946             181             125
   84        -855.132      76.025         471.417    -556.549              84              76
   56       -2477.041   -2261.028       -1388.093    -887.567              56              62
   69         539.248     313.254        -221.930    1188.710              69              68
  187         342.819    -171.343         306.255    -408.042             187             128
  158         301.651    -922.694           4.968     149.044             158             113
   66        1815.187     209.561          11.907    -569.845              66              67
   50        -675.965    1335.363         -80.146       4.250              50              59
  188         116.027    -664.949        -127.189    -830.196             188             128
  229       -1091.766     953.759        -688.320    -315.170             229             148
  151       -1467.959     -88.325       -1114.477    -403.410             151             110
   57       -1901.677    2393.302        -964.998     955.166              57              62
  122       -2129.085     -14.484        -396.161     483.705             122              95
  109        -417.849    1079.519          71.502    1276.888             109              88
  185        -449.319   -1541.126         543.181    -602.270             185             127
   70        -815.256     203.902       -1408.554     594.682              70              69
   88        -252.368    1287.894         539.393    1381.008              88              78
   94        1284.187    -677.694         593.620     141.937              94              81
  147        -139.374     750.070         -61.551    -127.861             147             108
   39       -1083.742     230.343        -564.568     775.665              39              53
  252         601.802    1217.635         346.882    1282.523             252             160
  111        1505.834    1013.489        1340.621    1102.307             111              89
  157        1737.737      38.237        1602.871    -610.436             157             113
    4        -467.500    -538.106         275.004    -582.714               4              36
  211         321.433   -1270.927         101.293    -825.988             211             140
  233        -524.769    1472.205       -1076.498     803.078             233             150
  181        1168.829    2221.527        1892.524    1149.637             181             125
  113          73.173   -1311.376        1018.949   -1391.065             113              90
  104        -989.701    -669.683          90.805    -795.658             104              86
   66       -1571.880   -1874.758        -660.807    -685.685              66              67
   78         331.718    -107.407        -122.435     366.885              78              73
  200        -887.914    -260.732        -465.992    -244.563             200             134
  114         -40.453     660.282         243.517    1330.019             114              91
  152        1579.833   -1404.716        1091.038    -795.993             152             110
   45        -496.366     872.391        -715.525     197.896              45              57
  187        -169.494    -121.089         872.082     384.480             187             127
  241        1093.820    -767.331         407.243      12.155             241             155
   92         864.449    -511.436        1038.425    -679.884              92              80
   23        -299.336   -1642.978        -733.013    -510.334              23              46
   89        2461.716    1147.965         793.722     468.409              89              78
   37        -549.652    1011.152         185.661    -806.392              37              53
   82       -1182.075    -938.126         452.203    -117.272              82              75
  111         580.947   -2102.589        -163.941    -880.903             111              90
   95        1195.286     394.310         288.573      50.898              95              81
  126        -328.668    -484.203        -272.169   -1323.922             126              97
   90       -1595.652     -47.162        -849.095     431.167              90              79
    5        1380.356    -613.837          44.466    -161.873               5              37
   92         -77.469    2192.914        -270.793     625.046              92              80
  185          84.334    -166.599         793.616    -271.094             185             127
  153        -504.113     240.877        -529.965    -140.231             153             110
   53           8.434     808.645         665.508     621.324              53              61
  182         931.618    -974.201         994.222    -745.089             182             125
  186        -178.035    -950.334        -101.396   -1120.253             186             127
    4        -259.434    -485.712        -436.885    -437.197               4              36
  189        -200.490     794.702        -287.527    -257.890             189             129
  134       -1288.802     -60.045          69.884    -220.577             134             101
   18        -219.670   -1371.825        -380.057    -801.377              18              43
   32        -782.066     735.254        -518.109     125.015              32              50
   25        -140.641    -650.950         173.579    -653.351              25              47
  149       -2122.825    -238.265       -1208.497    -934.840             149             108
    1       -2678.583    -515.988       -1568.796     661.175               1              35
  252         684.485     719.153         135.824     820.861             252             160
  231       -2442.728    -442.200       -1094.828    -389.606             231             150
  182        -764.293     596.606        -796.353    2303.213             182             125
   48        2410.026     549.278        1534.709     766.824              48              58
   59         858.903     269.388         775.074     172.801              59              63
  165         698.477   -1713.376         906.566   -1221.200             165             117
   52        -391.111   -1161.365       -1424.917    -352.340              52              60
   58        1412.977    1726.563         334.646     714.534              58              63
  195        -697.815     127.511        -286.282    -623.063             195             131
   48       -1198.091     592.789       -1020.973     475.576              48              58
  172        -136.726    1621.422        -110.812    1475.651             172             120
  101        1047.058     716.978        1071.192     467.695             101              85
   96         341.056     414.605         165.793     188.617              96              82
  209         748.273    1336.323         813.205     177.015             209             139
  153       -1517.863     678.460          -4.217      98.077             153             110
  162         310.942    -325.179        1379.833     390.746             162             115
   72         -17.645   -2150.518         292.058   -1390.164              72              70
   69        -369.515    -136.574        -213.996     453.285              69              69
  125        1666.207   -1566.124        1329.927    -718.140             125              96
  246         190.386   -1465.361        -605.442   -1664.210             246             157
   56       -1320.026     232.755       -1143.149     -54.907              56              62
  102        -402.000       0.019        -396.000       0.000             102              37
  186       -1319.785    -232.918       -1143.155      54.904             186              37
  217         190.224    1465.650        -605.446    1664.209             217              37
  101        1665.708    1566.594        1329.923     718.143             101              37
   35        -369.698     136.347        -213.996    -453.285              35              37
   52         -18.385    2150.250         292.053    1390.164              52              37
   36         310.720     324.725        1379.833    -390.742              36              37
   82       -1517.569    -679.450          -4.217     -98.078              82              37
  130         748.916   -1336.326         813.205    -177.015             130              37
  127         341.242    -414.635         165.792    -188.617             127              37
  117        1047.185    -716.815        1071.193    -467.692             117              37
  114        -136.437   -1621.483        -110.809   -1475.651             114              37
  192       -1197.956    -593.041       -1020.972    -475.577             192              37
   27        -697.544    -127.684        -286.285     623.062              27              37
   69        1413.648   -1725.815         334.648    -714.532              69              37
   78        -391.516    1161.613       -1424.917     352.335              78              37
   33         697.967    1713.545         906.564    1221.201              33              37
  130         858.964    -269.335         775.074    -172.799             130              37
  187        2409.766    -548.555        1534.710    -766.820             187              37
  111        -764.812    -596.792        -796.348   -2303.215             111              37
  173       -2443.139     441.423       -1094.828     389.606             173              37
  152         684.473    -718.854         135.826    -820.861             152              37
  113       -2679.039     515.219       -1568.796    -661.176             113              37
  118       -2122.703     237.598       -1208.498     934.838             118              37
   16        -140.618     650.851         173.578     653.351              16              37
  104        -781.678    -735.470        -518.109    -125.016             104              37
  203        -220.021    1371.767        -380.059     801.378             203              37
  148       -1288.643      59.427          69.885     220.578             148              37
   55        -199.943    -794.767        -287.527     257.890              55              37
  151        -259.354     485.743        -436.885     437.196             151              37
  191        -178.067     950.242        -101.397    1120.253             191              37
  195         931.452     974.242         994.222     745.091             195              37
   73           8.712    -808.896         665.508    -621.323              73              37
  169        -503.931    -241.134        -529.966     140.229             169              37
  254          84.440     166.434         793.615     271.095             254              37
   30         -76.552   -2192.885        -270.792    -625.046              30              37
    6        1380.112     614.550          44.467     161.874               6              37
  141       -1595.685      46.736        -849.093    -431.170             141              37
  252        -328.504     484.162        -272.172    1323.922             252              37
  204        1195.608    -393.733         288.575     -50.898             204              37
  215         580.158    2102.835        -163.943     880.902             215              37
  128       -1182.342     937.389         452.203     117.273             128              37
  249        -548.901   -1011.585         185.659     806.393             249              37
   20        2462.268   -1146.971         793.723    -468.406              20              37
  123        -299.928    1643.017        -733.014     510.333             123              37
  248         864.345     511.617        1038.424     679.886             248              37
    7        1093.430     767.525         407.243     -12.154               7              37
  118        -169.716     120.792         872.084    -384.478             118              37
  183        -496.033    -872.585        -715.525    -197.897             183              37
  182        1579.285    1405.170        1091.035     795.996             182              37
   16         -40.543    -660.448         243.519   -1330.019              16              37
  109        -888.144     260.435        -465.993     244.563             109              37
  195         331.533     107.575        -122.434    -366.885             195              37
  241       -1572.597    1874.125        -660.808     685.683             241              37
  149        -989.705     669.007          90.803     795.659             149              37
   39          73.033    1310.813        1018.946    1391.067              39              37
  140        1169.646   -2221.614        1892.526   -1149.635             140              37
   30        -524.268   -1472.300       -1076.496    -803.082              30              37
  177         321.101    1271.069         101.292     825.988             177              37
  246        -467.472     537.660         275.003     582.713             246              37
  181        1737.911     -38.045        1602.870     610.440             181              37
    5        1505.976   -1013.303        1340.624   -1102.305               5              37
   19         601.810   -1217.531         346.884   -1282.523              19              37
   88       -1083.909    -230.737        -564.566    -775.667              88              37
   58        -139.124    -750.111         -61.551     127.862              58              37
   41        1283.760     678.027         593.619    -141.937              41              37
   35        -252.334   -1288.070         539.396   -1381.006              35              37
   35        -815.471    -204.047       -1408.553    -594.687              35              37
  190        -450.060    1540.811         543.180     602.272             190              37
  140        -417.820   -1079.953          71.505   -1276.888             140              37
  109       -2129.319      13.523        -396.162    -483.705             109              37
  210       -1900.804   -2393.984        -964.995    -955.168             210              37
  199       -1467.738      87.976       -1114.478     403.408             199              37
  220       -1091.061    -954.007        -688.322     315.169             220              37
   75         116.154     665.033        -127.191     830.196              75              37
   20        -675.128   -1335.534         -80.146      -4.250              20              37
  184        1815.490    -208.670          11.906     569.845             184              37
  140         301.283     922.948           4.969    -149.044             140              37
  118         342.672     171.474         306.254     408.042             118              37
   64         539.042    -312.895        -221.926   -1188.710              64              37
   65       -2477.937    2260.179       -1388.093     887.565              65              37
   35        -854.891     -76.571         471.415     556.549              35              37
  157        -196.798     212.066        -257.676     233.946             157              37
  183       -1574.007     181.943        -126.270     110.555             183              37
   97       -1127.258    -333.685        -529.018    1104.931              97              37
  154        1447.545    -455.825        1213.725     506.218             154              37
  181         376.916    -742.283        -476.147    -417.370             181              37
   13        -409.425    2036.983         -43.716    1547.119              13              37
  227        1666.869    -519.044        1704.857     502.318             227              37
  139        1674.818    -473.920         868.083    -837.689             139              37
  194         -61.857    -219.503         233.435    -715.274             194              37
  215       -1472.213    -252.982        -700.795    -595.536             215              37
  139        -935.279      94.151        -163.658    1115.893             139              37
  249        1996.716    -592.499        1336.085    -254.467             249              37
   62        -256.280    -776.811          83.532   -1050.643              62              37
  151       -1274.161   -1243.966        -777.557    -927.998             151              37
  155       -1392.770     -41.760       -1304.911     802.103             155              37
  246        1317.743     786.038         701.447     698.570             246              37
  160        -960.331    -138.837        -296.600    -248.813             160              37
  125         178.381     -49.161         178.832     639.797             125              37
   76         258.896    -574.347          44.890    -354.199              76              37
   40        -208.376     697.167        -497.589     647.809              40              37
  110         439.861     865.902         417.334     682.214             110              37
  211         641.047    1573.864         760.734     630.811             211              37
   53       -1083.821    -879.052        1202.815    -877.925              53              37
  254       -1403.661   -2834.432       -1189.424    -398.700             254              37
   77        2043.708    1070.847         911.562    1202.555              77              37
   30          30.751   -1040.890         409.868   -1025.456              30              37
   79         277.506     -49.121         253.066     574.650              79              37
  250         730.074   -1526.571         669.828   -1210.459             250              37
  141        -319.602    -591.129        -650.528     -14.172             141              37
   48         384.709     234.842         274.049    -343.313              48              37
  200       -1403.745   -1271.293        -130.035      -7.106             200              37
   11        1780.036   -2297.043        -191.113    -870.357              11              37
  255        -245.332    2196.351        -883.643    1163.336             255              37
  135        2529.889     -79.493        1861.409    -239.588             135              37
   72       -1570.462       2.802        -666.513   -1456.512              72              37
   64       -1322.224   -2191.285        -589.193    -439.145              64              37
  112        -265.399     978.030       -1445.724     385.484             112              37
  235        -192.061     340.883        1022.864     770.632             235              37
   96         736.052   -2434.110        -644.140   -1707.385              96              37
   35       -1712.638    1677.319       -1546.901     818.027              35              37
   16         110.381    -144.118        -322.600     353.859              16              37
  197        -884.490    2422.550        -927.811    1105.062             197              37
  105        -384.346     324.922         689.193     871.939             105              37
   16        -126.265     187.544        -678.179     109.106              16              37
   35        -523.930    1999.760         454.302    2017.385              35              37
  133        2176.547   -1192.323        1649.914    -517.863             133              37
   76        -904.086     233.747        -671.000    -277.000              76              37
   77         343.223     427.970         481.605     779.480              77              37
  207         267.625    -393.742         618.832    -544.562             207              37
  145       -1187.617    -694.090        -924.853    -209.314             145              37
   41          -3.827    1015.026         414.952    1547.015              41              37
  251        2665.374   -2193.346        1500.031   -1106.696             251              37
   79        -698.156     752.949       -1326.771   -1006.145              79              37
   13       -2572.091     594.185        -976.892     713.000              13              37
   74           5.567     408.694        -183.571     927.618              74              37
   81        -922.117     543.062        -273.590     548.370              81              37
  139         270.554     839.766         524.838    1725.341             139              37
   80        1431.007   -1527.033        1273.469    -853.095              80              37
  252        -763.693     262.324       -1465.400     775.025             252              37
   99        1903.598    2098.665        1570.682    1549.748              99              37
   59         344.486    -296.166         958.559     -57.861              59              37
  116        1614.567   -1205.875        1431.415    -380.286             116              37
  116        1085.139   -1600.940         -70.436   -1007.420             116              37
  254        1174.751    1364.403         100.931    -369.416             254              37
  222       -2862.027     331.383        -845.831    -190.919             222              37
  252         657.825    -437.596         140.796     703.110             252              37
  209        -418.696    1230.616          13.878     257.930             209              37
   65         169.887    -747.773         733.688     361.654              65              37
  211         732.694    -183.325         261.441    -264.005             211              37
  148         135.497    -632.877         447.294    -399.549             148              37
  178        -389.476    -250.699        -776.296    -278.945             178              37
   71        -444.866    1304.284         300.104     465.164              71              37
   65       -2244.633   -1663.338        -526.804    -278.171              65              37
   94        1520.858    -753.724         158.135     842.576              94              37
  163           4.508      86.646         -25.424    -481.682             163              37
  166        -756.821    -445.594       -1007.303     746.296             166              37
  128        1145.387    1972.858         324.015    1703.584             128              37
  204        1788.922     540.923        1388.709     332.811             204              37
  109        -650.017    1292.177         194.142     235.349             109              37
  141        -108.135   -1635.006        1344.727      80.156             141              37
   41         708.303   -2237.185        -422.734    -577.379              41              37
  125        2022.552     666.433         742.311     967.967             125              37
   97        1147.241    -815.373         408.908    -848.058              97              37
   38         769.467     769.012        -292.837     683.947              38              37
    8        1048.639     926.390         857.615     297.479               8              37
  120         871.475    -450.429          92.883     -34.897             120              37
   79        1644.374    2481.839         651.268    1415.222              79              37
  184        3041.667     207.524        2770.385    -698.753             184              37
   28        -884.879    -444.903        -440.513   -1796.754              28              37
    4        -432.880     -64.359         606.660     -17.891               4              37
   51        -671.657   -2308.687        -609.957   -1588.022              51              37
  253         749.536     852.682        -746.077     615.369             253              37
  205       -1047.193    2102.440        -355.091     334.812             205              37
   63        1314.524     413.293        1227.411    1194.290              63              37
   78        1131.511     580.847         661.849   -1777.204              78              37
  170       -3194.644     683.848       -1052.358     534.087             170              37
   73         892.759     474.030         655.045     312.028              73              37
  136       -1023.869    1300.477         472.272     372.571             136              37
  119        -394.345   -1402.569         907.064    -594.061             119              37
  235         128.234    -923.407          91.435    -194.472             235              37
   31         891.675    -323.124         667.244    -716.642              31              37
  144       -1124.145     513.539        -393.865    -621.210             144              37
  151       -2372.129    -607.473         -24.224    -377.845             151              37
   16        -953.659   -1875.325        -854.948    -336.770              16              37
   55       -1138.161    1489.134        -421.647    1147.415              55              37
  114         917.852    -774.821        1376.266     576.602             114              37
  200         646.414    -739.892         797.647   -1080.171             200              37
  187       -1072.940   -1688.965        -220.528    -814.586             187              37
  133        -821.535    -688.806        -466.755    -396.382             133              37
  156        -543.517   -1129.960        -316.105    -155.141             156              37
   93       -1038.617     175.612        -648.449     -16.139              93              37
  186        -836.767    -701.007        -271.966     575.302             186              37
  175         229.684     582.389         130.729     593.934             175              37
   70         265.636    -758.145         653.940     -76.955              70              37
   62       -1320.245     700.497        -570.399     196.738              62              37
   13        -281.944   -1036.032        1405.118     725.375              13              37
  130         -23.480   -3000.139         -10.332   -1408.593             130              37
  232         537.906   -1097.248         -36.071     819.887             232              37
  206        1408.311    -822.535         730.499    -815.984             206              37
  181         198.300   -1765.387         140.474    -118.742             181              37
  244        1146.577   -1396.274          38.456   -1612.532             244              37
   88       -1716.766   -1088.927       -1619.129     228.729              88              37
  140        1810.624    1143.880         175.251     255.528             140              37
  168       -2542.041     -15.346        -778.952     241.487             168              37
   73        1288.158    -400.811         379.040     691.790              73              37
  162        -341.682    -515.501         258.678     -40.895             162              37
   75        1638.409   -1701.704         369.915    -244.674              75              37
   15         602.217    -120.336        -379.521    -558.731              15              37
  172        -202.120     415.386        -481.081     112.975             172              37
  185        -379.169     309.473        -363.580     191.114             185              37
   26         -53.081     683.485          95.192     313.264              26              37
   87       -1342.421   -1152.106        -442.647    -684.991              87              37
  156       -1384.305      97.970       -1535.166     970.137             156              37
   36         463.129    1306.621         222.733    1555.621              36              37
  239         278.727    1163.616         779.068    1353.781             239              37
  149        2097.235   -2082.968        1975.525    -558.916             149              37
  126        -172.861    -850.616       -1238.720    -810.266             126              37
  179        1063.288    1012.381         727.471    1284.717             179              37
  172         592.783     233.586         -94.249    -924.627             172              37
   57       -2122.315    1714.336        -156.474    1236.438              57              37
  210        -307.621   -1744.570         577.237    -100.182             210              37
   16         462.406    -329.759         109.568     710.380              16              37
  232         350.543     -58.582         605.260     431.922             232              37
  128        1813.268    -710.160        1471.703     552.308             128              37
  145         710.666   -1212.816         861.371   -1363.128             145              37
  195        -520.464   -2135.829         -61.648     101.579             195              37
  205        2963.575    -878.674        1059.887    -423.347             205              37
  115         205.053   -1113.458         600.367   -1135.090             115              37
  191        -143.153   -2353.812        -492.876   -1140.195             191              37
  111        1185.252    -857.216          83.429    -373.424             111              37
  169        -730.057    -676.917        -729.813   -1200.996             169              37
  223        -511.106   -1197.822        -196.984      32.386             223              37
  227        -125.650   -1837.884        -770.480   -1567.663             227              37
  223       -1638.860    -943.485       -1402.767      52.126             223              37
   74        -708.853   -1381.356       -1490.502    -404.227              74              37
  220          66.933     383.083       -1132.825    1175.803             220              37
  199        -259.040     700.980       -1111.075     -89.171             199              37
  230       -1634.858    1790.347       -1337.251    2061.091             230              37
   83         481.050    1121.287         501.762    1262.879              83              37
   57        1153.235    -894.034         787.145     276.088              57              37
   39        -684.923     -96.678       -1438.025    -842.514              39              37
   34       -1449.112    1929.058        -757.163    2124.451              34              37
  200       -1226.926     277.360        -447.222     -61.005             200              37
  219       -2499.418     159.507        -696.952    2096.985             219              37
  216        -150.009   -1966.666        -669.497     265.978             216              37
   85         633.696    2683.714        -508.499    3450.445              85              37
   20        -356.251     495.635        1224.645     551.595              20              37
   81         216.891   -1563.746         214.634    1907.473              81              37
   77        -722.692   -1069.013        -284.146    -481.028              77              37
  163        -947.120   -1110.111       -1132.376    3506.107             163              37
  244        -438.902     113.821        -407.240    1029.035             244              37
  161         909.900   -1330.532         -86.184    6057.636             161              37
  156        -339.515     963.142       -1171.963    1143.567             156              37
  215        1916.884    1058.241        1087.712   20591.665             215              37
