SINAL     NFT                         FFT                         NFT INVERSA     FFT INVERSA
-----     -----------------------     -----------------------     -----------     -----------
  157       64935.000       0.000       34421.495       0.000             157             112
    6         723.904   -1342.613         168.440  -20498.969               6              37
  134        -411.531    -740.208       -1254.001    -531.036             134             100
  166         418.441    1191.421        -781.621   -6371.194             166             117
   49       -1914.416    1503.469       -1349.879     598.820              49              58
   79         173.933    1282.324         297.287   -2784.209              79              74
  152        -943.478    -844.927        -800.238    -406.545             152             109
   62         535.911    2737.095        -731.698    -663.699              62              65
   96         433.815    1375.036        1474.027     433.470              96              81
   58        -673.992    -925.061        -861.653   -2266.621              58              63
  236        1131.937    2836.414         202.168    2458.110             236             151
  154        3462.829    2105.567        3225.391   -1347.804             154             111
  248       -1333.054   -2750.781         564.654   -2587.798             248             157
  138         626.496    -804.131        -945.274   -1406.248             138             103
   61         309.619    1118.280         433.749    -555.995              61              64
  129        -477.721     112.106        -811.160   -1195.818             129              99
   18          -0.269    1839.843         542.173    -196.893              18              42
    2       -2485.979    -244.365       -1214.838   -1110.259               2              35
   42         590.636    1851.913         861.276    1072.283              42              54
   18       -1586.510    -488.329          34.503   -1540.379              18              43
  125          44.033    -167.281         781.420     820.192             125              96
   40        1702.617   -1877.138        1220.492   -2142.296              40              54
  106         144.971    -875.211          15.410   -1642.128             106              86
   17       -2912.927    -974.527       -1855.063   -2232.672              17              43
  241       -2413.290     135.195       -1204.288    1038.766             241             154
    3         271.477    -756.391        -420.344    -684.859               3              36
   98        -893.567    1387.281         -30.101     897.247              98              82
  237          78.967   -3031.733         -53.526   -1771.776             237             153
  181        -451.196    1898.861       -1595.445     886.484             181             124
   57        -725.705     168.458         602.265      70.684              57              63
   74        1227.357   -1168.402        -141.430    -347.106              74              70
  178        -981.836     749.090       -1107.402    -908.467             178             123
   63       -1794.829    1347.303       -1180.522    1598.947              63              65
  207         845.331     341.872         473.724     383.962             207             138
   12         413.435    1082.937        -179.907     860.378              12              39
  102         543.142     916.902         185.172     247.134             102              85
   75         870.299    2620.974         476.794    1716.734              75              71
  105        1528.675     131.168        2047.422    -721.025             105              87
  196        -240.605     269.349        -449.701    -410.944             196             131
  124        -507.286     950.899         739.129      -1.425             124              96
  236         -59.740    -497.909        -114.667    -271.134             236             151
    0       -1400.255    1464.858          21.247     126.801               0              34
   53        -969.171    -877.862         195.316    1136.265              53              60
  205        3443.048    -198.310        2233.302     129.394             205             137
  114         973.387   -1558.495         720.388   -1643.049             114              90
  249         164.722    -105.561        -293.860    -645.191             249             159
  232        -372.789     320.628          83.014    -111.496             232             149
  188          96.217    -978.923         199.896    -215.324             188             128
   70        2405.523     384.159         491.790     -25.622              70              68
   79        -260.913    1733.891         486.244    -666.320              79              74
  227        -966.596    -753.881         153.359    -387.154             227             147
  140        -525.874     -77.141         108.339    -493.914             140             104
  240           0.076   -1440.247         396.058     -44.428             240             153
  228        1836.594    -556.705         466.527   -1018.692             228             148
  227        -707.934     452.455        -219.573    -531.387             227             147
  244       -1033.663    -580.367        -193.261    -726.434             244             156
   25        -703.366    -526.469        -342.744     267.819              25              46
  165        1001.564    -882.824         642.594    -555.367             165             117
  254          67.875    -670.921        -523.544    -305.590             254             160
   69        1575.259     643.817         788.223     118.520              69              69
  181        1033.334    -651.987         755.298   -1302.805             181             124
  227        -713.685   -1357.917        -448.382   -1983.149             227             148
   45       -1794.052    -852.877       -1978.569    -798.032              45              56
  130        -810.481     831.910       -1078.457     268.118             130              99
   10        -904.464    1317.262       -1692.553     440.662              10              38
   43       -1475.190    4616.545        -105.326    2406.796              43              56
   10         113.147    -753.077        1641.817     297.312              10              38
    8         867.787     181.036         801.710    -178.450               8              38
  166        -233.533   -2054.474         853.301   -1678.900             166             116
   95       -2222.309   -1374.227       -1832.448    -776.154              95              82
  251         368.431    -535.436        -106.757     680.301             251             159
  247         119.736     703.747        -519.717     -35.187             247             158
  110          69.910    -491.313         452.695     249.360             110              88
   42         106.698    -633.428        -814.941    -569.326              42              55
   93        1032.712      87.402          -7.716     554.997              93              80
  189         279.780    1860.447       -1264.894    -325.693             189             129
  155       -1482.048    3395.034        -102.097    2297.443             155             111
  137         727.603     925.637        1060.992     284.551             137             103
  197           2.717      71.296        1196.669     717.248             197             132
   86        1949.261   -1675.420         682.162   -1534.299              86              77
  248        -564.319    1443.743        -530.049     705.920             248             157
   22        1708.243     857.410        1230.038    -432.919              22              45
   95       -1791.779     403.453         107.740    -362.923              95              81
  173         453.654   -2076.576         519.504   -1299.850             173             121
  172       -1666.784    -570.617       -1343.429    -757.011             172             119
  169        -583.753      17.948        -977.723     248.029             169             119
  240        -448.272    1853.216        -510.924    1259.074             240             153
  184        1067.475     842.541         909.833     364.204             184             126
   51        -303.668     587.204           1.953    -179.372              51              59
   54        -421.297     861.504        -144.212     132.489              54              61
    8        -716.325    1387.651         157.387     681.345               8              37
  187        -589.332     504.977         531.539      58.654             187             128
  139        -439.605    -513.862         653.274     336.027             139             103
  205         764.222    -826.874         443.444   -1087.179             205             137
  213       -2604.608     325.108        -919.148     654.644             213             140
  231        2473.691    -473.578        1534.169     749.124             231             150
  111        1296.274    -255.378        1161.672   -1232.153             111              89
  180        -801.087    -969.414        -529.485   -1411.817             180             124
  113       -1872.418     689.976        -606.839     201.698             113              90
  213        -815.353    -988.812        -161.357    -493.814             213             141
  241       -1846.001     288.593        -549.877     778.931             241             154
  154        1491.271   -1694.741         927.136     -72.866             154             111
  179          93.031     269.432          -7.586    -472.897             179             123
   60        -861.657   -1572.491        -418.848    -527.973              60              64
   70         367.442    1352.693         -48.253     957.474              70              68
  222        -353.602   -2212.185         766.287   -1315.532             222             145
  106        -273.707    -433.350       -1572.713     614.589             106              86
  214        1597.222     598.707        1475.769      15.143             214             141
  196       -1102.853   -1379.871       -1545.040    -440.139             196             131
   59        2413.482    2430.780        1273.494    1517.708              59              64
    4         251.111   -1467.771         621.312   -1677.940               4              35
   17         114.570     502.808        -845.494    -223.466              17              43
  233       -1407.839    1612.240        -316.978     273.663             233             150
   50        -570.837     166.940         424.463     319.675              50              59
   49        -525.270   -1207.262         367.756    -543.689              49              58
    4         106.523   -1208.067        -276.767    -557.018               4              36
   74        -646.334    -347.092        -271.837     -10.955              74              70
  209         995.114   -1030.168        -135.244    -452.790             209             139
  173        -546.163    1119.147        -289.583     181.530             173             120
  170         293.387   -2019.484          64.895   -1217.536             170             119
  112       -1805.696    1214.711       -2241.291     150.476             112              89
  102        -980.741    1219.918          -4.416    1183.973             102              85
  187        -917.445    -224.594        -629.350     622.755             187             127
  231        2172.486     221.859        1010.246     842.868             231             150
   24          80.048     240.156        -300.428    -696.480              24              45
  178         309.880     501.033        -121.966     573.709             178             123
  210        -412.046    1444.987        -532.073    -252.532             210             138
   41       -2137.493    1170.703        -585.170    1241.482              41              55
  124         580.089      91.006         614.000     789.000             124              95
  208         764.118    -181.045         196.940     210.632             208             138
  135         831.706    1975.017         299.265    1036.301             135             101
   57         822.646     183.834        1408.030    -228.705              57              63
  206        -964.621     228.499        -424.133    -134.451             206             136
   73         703.801    -940.780        1276.636     223.779              73              71
   66        1158.230    -676.416        -525.809    -903.703              66              66
  204         -10.329    2013.181         857.174     768.534             204             136
  182         120.492   -2494.072          98.590   -1850.109             182             124
  130        -932.747    1195.895       -1035.356     376.739             130              99
  237        -197.728    -684.809          54.312    -502.176             237             152
  254       -1022.019     780.313       -1274.424     -12.990             254             161
  181       -1684.690    1059.898        -953.455     994.883             181             124
  203         891.010    2006.164         343.439    1611.135             203             136
  156        -165.581    1157.782         755.139      90.165             156             111
  153        -325.520     450.255         326.653     619.653             153             111
  185         376.227    -175.388         798.536    -680.847             185             126
  216       -2375.729     397.575       -1066.584      41.553             216             142
  120        -944.812    -446.642         461.008     920.601             120              93
  103        1473.634   -1133.671         191.155    -155.912             103              86
   19        -537.000    1325.006          24.764      75.619              19              43
  109       -1654.471   -1195.904        -941.424     116.522             109              89
   47         703.082    2562.685           1.120    2267.828              47              57
   42        1327.799     412.345        2171.051     349.958              42              55
  249         -66.757   -1267.845         318.099    -672.910             249             158
    9         801.685    -963.151         441.460      78.430               9              39
  223        1233.879     405.338         199.099    -220.102             223             145
  134        -295.249     431.700         460.165     100.112             134             101
   84         812.117   -1068.910         383.493    -768.153              84              75
  132       -1142.653     253.296       -1031.189    -448.146             132             100
   23        -655.237    1430.176        -364.472    1431.000              23              45
   43        1377.192     540.962        1348.788      94.303              43              56
   87        -786.447      23.329        -172.913    -762.026              87              77
    9       -2118.555     197.903        -612.392     -64.764               9              39
   77       -1955.030    -104.527        -585.411    1004.864              77              72
    7         723.514   -1302.544         815.246     229.160               7              38
  176        -458.466    -727.815       -1283.679      62.975             176             121
    5         554.607    2680.243         102.883    2378.340               5              37
   90        1448.466     852.712        1743.240    1069.843              90              78
  235        1798.170    -535.416        1453.223    -352.394             235             152
   62         -62.029    -117.931         131.526     108.572              62              64
   56        2507.915    -128.569        1556.513      96.012              56              62
  165        -338.442     367.056        -173.883    -632.422             165             116
  119        1500.565     502.104        1474.710     730.661             119              94
  168         280.559    -609.311         451.797   -2005.978             168             117
  205       -2596.475     259.922        -853.756     398.133             205             137
   16        -113.714    -480.627         544.124     188.273              16              41
   65          50.261   -1132.205         683.586     -11.066              65              67
  110         317.470   -1842.818          33.961    -947.705             110              88
  226        -182.526    -721.060        -490.135     500.554             226             147
  158        2696.321     426.554         619.345     523.545             158             112
  117        1474.764    1694.586        1428.586    -248.078             117              93
   75       -1599.720   -1626.026        -196.949   -1762.644              75              71
  229       -1206.972    -608.377        -584.629     290.309             229             149
  168         195.461   -1979.280        -335.192   -1004.127             168             117
  159        -770.471    1625.474       -1497.628    1169.477             159             114
   46         102.523    1010.160         802.749     856.817              46              56
  118          91.220    -326.941           5.545     509.973             118              93
  182        1477.975     247.500        1039.542     493.488             182             124
  185        1171.276    -845.465         568.184    -470.251             185             127
  241         950.587     -34.663        -236.898    -233.647             241             154
  194        1228.925    2438.238         308.555     719.784             194             131
  147       -1113.653     971.527         599.695    -630.566             147             107
  188       -1470.234    -478.340        -522.658     457.574             188             128
  237         706.381     463.233         984.553     188.663             237             152
  167        -615.925   -1363.014         -96.106    -405.498             167             118
  166         373.379     471.589        -165.822     219.461             166             116
  180        -265.318     778.498         181.493    1135.764             180             124
  201        2745.244     552.480        2076.615    -110.382             201             134
  239       -1869.287   -1690.522        -175.230   -1824.063             239             154
   95        -397.080    -987.906        -976.272     261.268              95              81
   45          68.827    1031.538          87.322     299.820              45              57
  228        -710.059    -456.750        -528.174     142.323             228             147
  112         204.500    2015.440        -163.951    1420.552             112              90
    8         267.505    1107.336        1188.723     851.383               8              37
  203         353.358    -264.759         797.080     267.265             203             136
  129         879.306      91.956        1019.257     498.179             129              98
   53        2129.207    -363.308        1877.620     112.412              53              61
  112        1953.790   -1459.045        1616.734   -1978.411             112              89
  149       -1967.442   -1757.729       -1048.115   -1684.973             149             109
   58        -167.302    -404.989        -822.241     322.044              58              62
  125         431.793    1559.237         189.916     389.581             125              97
   66        -806.309     252.654         204.782    -125.820              66              66
  232        -879.914     356.249          15.314     483.399             232             150
   97         750.807    -526.290        1058.467      87.919              97              82
   36        -260.768     -19.370         218.585    -646.798              36              52
  101       -1865.236    -790.490         -53.343     198.751             101              84
  134        1237.507    -880.888         892.115     502.671             134             101
  172         996.704   -1184.590        1291.146    -907.775             172             119
   40        -250.669   -1688.771        -186.626    -795.437              40              54
   24         318.882    -739.873         697.515    -136.233              24              45
  110         830.862   -2842.353         558.989   -1214.469             110              89
  237        1327.947   -1908.945         -30.528   -1313.729             237             152
  148          41.885    -833.652        -915.854   -1382.145             148             108
   39       -1931.964     281.581       -1492.730    -338.799              39              53
  125       -1149.154     135.065       -1036.058     437.779             125              97
  178       -1471.171     890.019        -608.237     597.075             178             122
  184        -529.721   -1317.585          23.809     788.369             184             126
   79        2102.971    -819.895         125.827    -405.900              79              73
  233       -1443.330    1511.147       -1291.453     586.494             233             151
  117         221.596     767.131         473.567    1300.477             117              92
  169         484.940     563.223         227.531     373.842             169             119
   57        -335.608     218.837         828.212     479.019              57              62
   91         212.642   -2075.054        -181.231    -179.609              91              80
   50        1877.118    1398.681         811.661    1143.087              50              58
  155         519.289   -1563.664         816.676    -937.896             155             112
  246        1012.365     -63.714        -175.612     403.919             246             156
  188        1113.004     -82.778         635.576    -412.579             188             128
  109         271.865    1100.574        -140.255     647.990             109              88
    0        1247.491    -233.892        1848.242    -558.851              -0              34
   75        -979.626   -2297.233        -776.920   -1632.907              75              71
   42        -215.735    -290.615        -611.603     186.616              42              55
   89         160.458      77.762        -549.192     -30.113              89              78
   20        -330.914    1451.499        -266.747     502.556              20              44
  206       -1846.489     769.199        -229.092     680.122             206             136
    8         664.656   -1621.021        1163.505     450.675               8              38
   38         927.484   -1601.337        -360.972   -1195.023              38              52
   99       -1467.739     905.938        -780.394     976.454              99              84
   95         620.553   -1512.419         227.349     294.250              95              81
   39        1593.145     716.125        -134.858     868.364              39              54
  248         508.732    1363.720         520.972     471.219             248             157
  232         -98.378       8.652         531.244     794.159             232             150
  154        1326.303   -1261.482         921.521    -392.542             154             110
  143         -61.769    -701.878        -446.551     406.296             143             106
   52        2592.181    -139.526        1083.765     630.650              52              59
  188        1411.091      -3.162         352.437    -191.559             188             128
  242        1123.616     455.421         562.787     379.398             242             154
   37        1236.955    -493.921         639.472      22.998              37              53
   19        2053.000       0.414         623.000       0.000              19              36
    0        1236.673     494.383         639.465     -22.998              -0              37
  165        1123.695    -454.996         562.788    -379.396             165              36
  195        1411.036       3.781         352.434     191.558             195              37
  136        2591.805     140.562        1083.766    -630.647             136              36
   11         -62.387     701.989        -446.551    -406.298              11              37
    2        1325.582    1261.832         921.520     392.544               2              36
    6         -98.667      -8.943         531.246    -794.159               6              37
  120         509.059   -1363.590         520.973    -471.218             120              36
   99        1593.097    -715.298        -134.857    -868.364              99              37
  119         619.522    1512.767         227.350    -294.250             119              36
  135       -1467.703    -906.303        -780.391    -976.457             135              37
   72         926.828    1601.827        -360.975    1195.022              72              36
  121         663.690    1620.992        1163.506    -450.672             121              37
   69       -1846.487    -770.145        -229.092    -680.122              69              36
  201        -330.380   -1451.568        -266.746    -502.556             201              37
  231         160.474     -77.447        -549.193      30.113             231              36
  125        -215.880     290.834        -611.603    -186.617             125              37
  119        -980.221    2296.897        -776.923    1632.905             119              36
   99        1247.600     233.989        1848.240     558.855              99              37
  219         272.298   -1100.569        -140.253    -647.990             219              36
   70        1113.024      83.255         635.575     412.579              70              37
   17        1012.256      64.182        -175.612    -403.920              17              36
  242         518.689    1563.750         816.672     937.898             242              37
  236        1877.344   -1398.053         811.663   -1143.086             236              36
   97         211.531    2075.113        -181.232     179.608              97              37
  145        -335.788    -219.247         828.213    -479.017             145              36
  102         484.916    -563.222         227.531    -373.842             102              37
   82         221.523    -767.102         473.569   -1300.475              82              36
  236       -1442.901   -1511.377       -1291.452    -586.498             236              37
  210        2102.515     820.954         125.826     405.900             210              36
  130        -530.677    1317.415          23.811    -788.368             130              37
  128       -1471.158    -890.514        -608.236    -597.075             128              36
   81       -1149.191    -135.230       -1036.057    -437.781              81              37
  240       -1931.655    -281.870       -1492.730     338.795             240              36
  185          42.034     834.127        -915.857    1382.143             185              37
   41        1327.513    1909.730         -30.530    1313.730              41              36
  101         829.864    2842.591         558.987    1214.468             101              37
   57         318.519     739.794         697.515     136.234              57              36
  166        -251.244    1688.520        -186.628     795.435             166              37
  101         996.287    1184.621        1291.144     907.777             101              36
  115        1236.854     880.965         892.116    -502.670             115              37
  151       -1865.743     789.479         -53.342    -198.751             151              36
   72        -260.682      18.931         218.583     646.797              72              37
  143         750.552     526.196        1058.466     -87.917             143              36
   20        -879.921    -356.886          15.316    -483.400              20              37
   25        -806.115    -253.199         204.782     125.821              25              36
  110         432.416   -1559.101         189.917    -389.580             110              37
   47        -167.462     405.165        -822.240    -322.045              47              36
  125       -1967.670    1757.073       -1048.118    1684.970             125              37
  235        1953.785    1459.368        1616.731    1978.414             235              36
   80        2129.081     363.570        1877.620    -112.410              80              37
  246         879.100     -92.053        1019.257    -498.176             246              36
  255         353.042     264.439         797.081    -267.264             255              37
  255         267.671   -1107.669        1188.724    -851.381             255              36
  185         204.937   -2015.411        -163.947   -1420.553             185              37
  104        -710.359     456.569        -528.174    -142.324             104              36
  234          69.096   -1031.440          87.323    -299.820             234              37
   90        -397.524     987.913        -976.272    -261.270              90              36
  117       -1869.577    1689.643        -175.235    1824.061             117              37
   33        2745.582    -551.951        2076.613     110.387              33              36
   99        -265.259    -778.749         181.497   -1135.764              99              37
   32         373.408    -471.434        -165.822    -219.461              32              36
  222        -616.447    1362.672         -96.106     405.498             222              37
  189         706.417    -463.272         984.553    -188.662             189              36
  201       -1470.468     477.541        -522.657    -457.577             201              37
   83       -1112.991    -972.282         599.694     630.567              83              36
   69        1230.084   -2437.805         308.556    -719.785              69              37
  250         950.696      35.258        -236.900     233.647             250              36
  107        1171.003     845.885         568.183     470.253             107              37
   28        1477.844    -247.086        1039.542    -493.485              28              36
   62          90.802     326.846           5.547    -509.974              62              37
  227         102.598   -1010.229         802.749    -856.815             227              36
  190        -770.079   -1625.417       -1497.624   -1169.481             190              37
   81         194.674    1979.623        -335.194    1004.125              81              36
  142       -1207.250     607.936        -584.627    -290.311             142              37
    8       -1599.905    1625.205        -196.952    1762.644               8              36
  128        1475.787   -1694.311        1428.587     248.081             128              37
   31        2696.367    -425.461         619.346    -523.544              31              36
   71        -183.076     721.224        -490.134    -500.555              71              37
   66         316.673    1842.907          33.960     947.705              66              36
   35          49.671    1131.935         683.587      11.067              35              37
  131        -114.149     480.224         544.125    -188.273             131              36
    5       -2596.294    -261.065        -853.755    -398.137               5              37
  145         280.806     609.122         451.792    2005.979             145              36
  129        1500.901    -501.902        1474.713    -730.658             129              37
  240        -338.148    -367.330        -173.885     632.420             240              36
   12        2507.917     129.265        1556.513     -96.009              12              37
  214         -62.165     117.720         131.526    -108.571             214              36
  206        1797.920     535.679        1453.222     352.397             206              37
  242        1448.389    -852.645        1743.242   -1069.840             242              36
   77         555.006   -2680.008         102.889   -2378.341              77              37
  189        -459.110     727.949       -1283.681     -62.979             189              36
  141         722.586    1302.701         815.246    -229.157             141              37
   95       -1955.528     103.603        -585.409   -1004.866              95              36
  156       -2118.487    -198.838        -612.391      64.763             156              37
  230        -786.147     -23.827        -172.914     762.026             230              36
   49        1377.428    -540.753        1348.787     -94.300              49              37
   71        -654.905   -1430.437        -364.469   -1431.001              71              36
  150       -1142.430    -253.520       -1031.190     448.143             150              37
   45         811.918    1069.144         383.492     768.153              45              36
  136        -294.988    -431.953         460.165    -100.112             136              37
  197        1234.096    -404.896         199.097     220.101             197              36
  185         801.227     963.411         441.460     -78.429             185              37
  219         -67.273    1267.486         318.097     672.910             219              36
   90        1327.774    -412.414        2171.051    -349.952              90              37
  242         703.479   -2562.522           1.126   -2267.827             242              36
  202       -1655.173    1195.372        -941.424    -116.525             202              37
    5        -536.517   -1325.226          24.764     -75.620               5              36
  251        1473.042    1134.169         191.154     155.912             251              37
  172        -945.399     446.054         461.009    -920.600             172              36
  190       -2375.604    -398.636       -1066.584     -41.555             190              37
  139         376.317     175.232         798.535     680.848             139              36
  183        -325.372    -450.738         326.654    -619.653             183              37
   72        -165.160   -1158.166         755.140     -90.163              72              36
  117         891.493   -2005.946         343.443   -1611.135             117              37
  113       -1684.523   -1060.319        -953.454    -994.885             113              36
  131       -1021.642    -780.420       -1274.424      12.986             131              37
  196        -197.831     684.846          54.309     502.175             196              36
  152        -932.162   -1196.034       -1035.355    -376.741             152              37
   28         119.912    2494.047          98.586    1850.109              28              36
  125          -9.410   -2013.336         857.176    -768.531             125              37
   23        1158.135     676.925        -525.812     903.702              23              36
   50         703.374     940.844        1276.638    -223.775              50              37
   56        -964.516    -229.113        -424.134     134.450              56              36
   37         822.851    -183.873        1408.030     228.710              37              37
  158         832.332   -1974.835         299.267   -1036.300             158              36
   74         763.878     181.344         196.943    -210.628              74              37
  153         579.734     -90.981         614.000    -789.000             153              36
   19       -2137.274   -1171.570        -585.171   -1241.486              19              37
  128        -411.385   -1445.053        -532.074     252.531             128              36
    4         310.168    -500.743        -121.965    -573.710               4              37
   80          80.241    -239.987        -300.430     696.479              80              36
   96        2172.350    -221.017        1010.248    -842.866              96              37
  132        -917.948     224.289        -629.350    -622.757             132              36
   47        -980.538   -1220.202          -4.412   -1183.972              47              37
  135       -1805.200   -1214.915       -2241.291    -150.480             135              36
   65         292.891    2019.791          64.890    1217.538              65              37
  222        -545.656   -1119.236        -289.582    -181.530             222              36
  101         994.789    1030.717        -135.245     452.790             101              37
  245        -646.522     346.976        -271.837      10.954             245              36
  226         106.094    1208.122        -276.769     557.017             226              37
   41        -525.727    1206.838         367.754     543.690              41              36
    5        -570.781    -167.504         424.465    -319.672               5              37
   61       -1407.092   -1612.818        -316.977    -273.664              61              36
  102         115.092    -502.574        -845.494     223.464             102              37
   64         250.960    1467.776         621.308    1677.940              64              36
  111        2414.286   -2429.916        1273.499   -1517.704             111              37
   46       -1103.393    1379.727       -1545.040     440.136              46              36
  223        1597.389    -598.082        1475.769     -15.139             223              37
  198        -274.070     433.516       -1572.712    -614.593             198              36
   59        -354.410    2211.981         766.283    1315.534              59              37
  202         367.791   -1352.638         -48.251    -957.474             202              36
  186        -862.239    1572.249        -418.850     527.972             186              37
   81          93.196    -269.433          -7.588     472.896              81              36
   22        1490.443    1695.135         927.135      72.869              22              37
  106       -1846.209    -289.403        -549.875    -778.932             106              36
   20        -815.728     988.352        -161.359     493.815              20              37
  192       -1872.032    -690.744        -606.838    -201.699             192              36
  195        -800.947     969.058        -529.488    1411.816             195              37
  235        1296.563     255.602        1161.670    1232.154             235              36
  234        2473.281     474.161        1534.170    -749.120             234              37
    1       -2604.684    -326.173        -919.146    -654.646               1              36
   54         764.045     826.918         443.441    1087.181              54              37
   38        -439.858     513.293         653.275    -336.026              38              36
   80        -589.169    -505.652         531.539     -58.653              80              37
  254        -715.775   -1388.192         157.389    -681.345             254              36
   13        -420.851    -861.773        -144.212    -132.490              13              37
   88        -303.253    -587.424           1.952     179.372              88              36
  192        1067.804    -842.307         909.832    -364.202             192              37
   38        -447.764   -1853.241        -510.921   -1259.073              38              36
   17        -583.794     -17.834        -977.721    -248.032              17              37
  186       -1666.786     570.269       -1343.431     757.007             186              36
   96         453.181    2076.556         519.501    1299.852              96              37
   40       -1791.283    -404.468         107.739     362.923              40              36
  160        1708.891    -857.084        1230.037     432.923             160              37
    2        -563.599   -1443.866        -530.048    -705.921               2              36
  231        1948.844    1676.017         682.156    1534.301             231              37
   41           2.673     -71.732        1196.671    -717.246              41              36
  179         727.795    -925.874        1060.990    -284.549             179              37
  111       -1480.890   -3395.631        -102.092   -2297.442             111              36
  252         280.658   -1859.928       -1264.895     325.689             252              37
   96        1032.797     -86.575          -7.715    -554.998              96              36
   66         106.416     633.747        -814.943     569.324              66              37
  161          69.700     491.416         452.695    -249.359             161              36
  202         119.906    -703.550        -519.718      35.185             202              37
  239         368.026     535.842        -106.756    -680.300             239              36
  196       -2222.793    1373.608       -1832.449     776.149             196              37
   46        -233.930    2054.126         853.298    1678.902              46              36
   55         867.928    -181.193         801.710     178.452              55              37
  231         112.718     752.474        1641.816    -297.308             231              36
  152       -1473.722   -4617.298        -105.318   -2406.793             152              37
   67        -903.906   -1317.144       -1692.553    -440.663              67              36
  115        -810.065    -831.674       -1078.459    -268.123             115              37
   35       -1793.999     852.730       -1978.571     798.028              35              36
  116        -713.518    1357.835        -448.386    1983.147             116              37
   97        1033.667     652.267         755.295    1302.806              97              36
  120        1575.675    -643.235         788.224    -118.519             120              37
  203          67.728     671.108        -523.545     305.589             203              36
  152        1001.260     883.180         642.592     555.370             152              37
  117        -703.608     526.169        -342.743    -267.820             117              36
  151       -1033.679     579.892        -193.263     726.434             151              37
  100        -707.338    -452.734        -219.573     531.388             100              36
   53        1836.669     557.392         466.526    1018.693              53              37
  223          -0.426    1440.106         396.059      44.427             223              36
    5        -525.817      76.706         108.338     493.913               5              37
   85        -966.549     753.209         153.357     387.152              85              36
  227        -259.784   -1734.189         486.242     666.322             227              37
  110        2405.929    -383.228         491.791      25.623             110              36
  156          95.873     978.944         199.895     215.323             156              37
  148        -372.506    -320.841          83.014     111.495             148              36
   43         165.024     105.670        -293.862     645.189              43              37
  222         973.237    1558.696         720.384    1643.050             222              36
  245        3442.822     199.167        2233.302    -129.389             245              37
  224        -969.902     877.122         195.319   -1136.265             224              36
  101       -1399.746   -1465.648          21.247    -126.802             101              37
  107         -59.722     497.657        -114.667     271.133             107              36
   41        -506.751    -951.355         739.127       1.426              41              37
   48        -240.129    -269.641        -449.702     410.944              48              36
  205        1528.994    -131.042        2047.419     721.030             205              37
   92         871.208   -2620.880         476.796   -1716.734              92              36
  200         543.421    -916.633         185.170    -247.133             200              37
  248         413.745   -1082.689        -179.906    -860.377             248              36
  247         845.207    -341.502         473.724    -383.956             247              37
   27       -1794.510   -1347.757       -1180.521   -1598.948              27              36
   79        -981.309    -749.051       -1107.407     908.461              79              37
  188        1227.095    1169.014        -141.430     347.106             188              36
   52        -725.677    -168.741         602.265     -70.682              52              37
  163        -450.444   -1898.659       -1595.443    -886.487             163              36
   92          78.013    3031.927         -53.531    1771.775              92              37
   88        -893.028   -1387.644         -30.099    -897.247              88              36
   93         271.193     756.627        -420.347     684.859              93              37
   94       -2413.232    -135.888       -1204.286   -1038.768              94              36
   82       -2912.636     973.677       -1855.071    2232.665              82              37
   89         145.543     875.277          15.406    1642.129              89              36
   71        1702.439    1877.476        1220.487    2142.299              71              37
  244          44.096     166.890         781.422    -820.190             244              36
  163       -1586.328     487.330          34.499    1540.377             163              37
  187         591.606   -1852.012         861.278   -1072.282             187              36
   95       -2485.568     243.351       -1214.842    1110.259              95              37
  208           1.121   -1839.951         542.173     196.894             208              36
  122        -476.932    -112.218        -811.162    1195.811             122              37
  248         310.788   -1118.044         433.748     555.995             248              36
  181         626.904     804.544        -945.278    1406.243             181              37
  169       -1332.989    2749.911         564.648    2587.799             169              36
  119        3464.417   -2105.052        3225.388    1347.811             119              37
  109        1133.242   -2836.009         202.173   -2458.110             109              36
  216        -673.740     924.875        -861.660    2266.620             216              37
  248         435.070   -1375.118        1474.028    -433.467             248              36
   64         537.585   -2736.701        -731.700     663.692              64              37
  173        -942.783     844.848        -800.240     406.544             173              36
   68         175.600   -1282.245         297.280    2784.209              68              37
  207       -1912.154   -1503.851       -1349.878    -598.824             207              36
   61         421.327   -1190.760        -781.639    6371.186              61              37
  241        -408.200     740.592       -1254.004     531.034             241              36
   62         730.453    1343.033         168.386   20498.960              62              37
