SINAL     NFT                         FFT                         NFT INVERSA     FFT INVERSA
-----     -----------------------     -----------------------     -----------     -----------
  120       60452.000       0.000       31340.495       0.000             120              90
  208        -913.631     673.360        -710.756  -17601.005             208             136
   36        1703.193    1533.819         922.111    1577.622              36              48
  154        1710.033    -108.053        1882.701   -7442.586             154             109
  239       -3242.853   -1201.449       -1978.725   -1242.071             239             149
   79        -948.086    1345.622        -520.311   -1214.265              79              71
  100        2839.679     184.190        2062.299     404.244             100              80
  186        -266.533    -474.323         310.166   -3364.038             186             125
   53         620.679    -679.543         478.497     174.745              53              56
  209         105.898    -271.679         191.829   -2543.435             209             136
  172         306.609    -526.359         497.799     748.366             172             116
  103        2704.342   -1577.820        1476.429   -3006.259             103              83
  118       -1124.169    -942.831       -1344.662    -994.835             118              89
  190         513.971     979.396        -221.332    -416.857             190             127
  105         992.572     822.806         846.851     329.247             105              82
   34         474.198    -774.974         704.393   -1838.798              34              49
   36         753.773    -948.259         158.405    -291.551              36              48
  237        1234.144    -462.541         310.109   -2163.099             237             150
   28       -1624.443     255.686       -1328.248     -32.141              28              44
   27         767.350     698.067         478.631    -159.948              27              45
   40         335.582    -189.062         226.505      84.484              40              50
  193        2252.161    -149.418        1281.317    -919.660             193             128
  203         491.373   -1522.885         -66.488   -1608.412             203             131
  246         784.074     806.169        -950.701    -705.055             246             155
   51         -53.376    2419.595         226.900     388.271              51              55
   85        -216.502     -51.874         105.958   -1078.219              85              74
  163        -445.973    1465.618         -41.026     513.418             163             111
   32        1049.410    -582.314        1107.811   -1223.239              32              48
   21        -913.236     872.014        -588.295    -675.686              21              40
    6       -1212.922    -466.960         434.809    -828.576               6              35
   91       -1101.595   -1209.534        -877.614    -777.134              91              75
  234        -507.199    -270.626        -107.392     -32.378             234             149
   54         861.841    -684.099        -229.570    -289.262              54              57
  237         603.543    1098.733         258.687    -240.426             237             150
  121        -466.099    -524.148        -313.143    -926.094             121              90
   14       -1025.456     885.000        -955.899      64.522              14              39
   91        -129.440    1080.479         172.939     713.073              91              75
  177         592.299      15.089         736.871    -436.858             177             120
    0        -430.197    -396.867        -330.483    -833.091               0              30
   63        -905.413     558.624        -576.504     -46.173              63              63
  202       -1217.568     452.419        -519.109      -0.834             202             131
   79       -1302.071     408.692        -498.538    1115.916              79              71
  142        2210.436     176.084        1276.879     476.468             142             101
   58        -592.357      81.462        -235.831    -338.356              58              61
  171        1774.321     402.356         907.446    1141.466             171             115
  226        2455.547     140.597        1332.535   -1035.269             226             145
   74        -398.246     716.898        -531.109    -643.760              74              67
   50        -783.226    2255.357         -35.654    1131.313              50              57
   31        1989.682     802.936        2338.044     238.422              31              45
  107        -597.372    -709.558         686.462   -1540.056             107              85
  175         810.303   -1245.362        1501.011    -553.953             175             117
  150        -469.774   -3275.183         -94.654   -3391.664             150             107
   37       -2059.477    -815.027       -1947.712     -12.440              37              48
  187         620.241      22.484          52.486    -502.494             187             125
  165       -1531.131     518.612        -743.412     267.096             165             112
   17         720.413   -1360.925         706.979    -764.669              17              40
  117       -1248.748    -186.406       -1373.642    -612.141             117              88
  232        -957.585    -525.567        -115.986     500.955             232             148
  101        2219.519    -979.506        -198.145    -188.327             101              80
  176        -340.899    2068.069        -320.777    -143.353             176             120
   40        -596.891    -781.506        -741.163     609.594              40              50
  126        3313.861    3040.805         771.330     829.964             126              95
  163       -1173.516    2096.816         413.497    -381.065             163             111
   22        -814.445     888.976         154.755     307.127              22              43
  255        -351.979     722.260         946.253    -165.406             255             157
   52       -1559.572    -861.610         147.457    -841.653              52              58
  182       -1034.360   -1507.501           9.298    -173.665             182             121
  116         699.433   -1150.566         -34.298    -594.051             116              90
   66        -761.622     750.606        -417.279     181.346              66              63
   47        -304.957      97.743         353.776     455.944              47              55
  137        1383.098    -780.837        1433.928    -102.793             137              98
  142         625.254   -2052.084         114.231   -2161.261             142             103
  253       -1687.131     360.922       -1141.394     366.122             253             156
  173        1804.409   -1097.365        1023.412    -853.556             173             118
  190       -2323.229     225.299       -1539.924    -824.754             190             125
  135        -242.013   -1088.619          -6.311     278.217             135              99
   55        -319.365     640.159       -1087.440    -242.605              55              57
   89        -753.199     401.333         226.779     759.117              89              76
  210         -39.510    -368.660        -880.690    -295.078             210             135
   10        -122.466    2471.950         502.716    2107.593              10              37
   99        2396.587   -1849.196        1961.256   -1161.072              99              79
  103         110.655     -57.597        -734.169    -954.680             103              83
   96        -978.465     916.636        -130.977    -330.894              96              78
  251       -1899.495    -433.590        -905.110     -69.870             251             157
   50        -379.470     724.596         -35.490     597.197              50              55
  135        -912.972    -525.208          66.382     308.479             135              99
   41        1666.202   -1074.792         853.768    -197.933              41              50
   28        -444.960    -528.857       -1062.446   -1124.460              28              46
   12       -1399.026    2488.608        -805.572    1638.099              12              36
   41         104.958    -303.694         949.442     221.125              41              52
   61        -151.212     393.078        -115.495     393.261              61              60
  124         -55.770    -466.941         627.117     135.637             124              94
   29         636.327     665.478         200.872     716.361              29              44
  123         637.929    -499.082        1864.611    -545.823             123              93
  139       -1488.379   -2817.330        -937.052   -1236.757             139              99
  219        1062.868    -579.353         253.078     980.990             219             141
  237        2229.537    -707.318         689.603    -727.414             237             148
   90         -45.083     -29.603        -297.623    -490.728              90              77
  140        -528.695    1032.084        -551.854     613.391             140             100
  122        1288.735     -16.555        1830.287     442.404             122              93
   59         127.309   -2230.172        -129.817   -2134.148              59              59
   46       -1492.300    -545.736        -677.731     597.165              46              55
  192        2036.587   -2076.044         250.930    -861.029             192             126
  206          12.612    1120.750        -627.866     539.244             206             135
   56        1281.102    -917.288         743.876    -783.667              56              58
  167       -1070.840    -432.767       -1290.755    -242.356             167             115
   67        1410.210      87.112         109.149     260.282              67              63
   10        -592.509     626.902        -771.659     -29.869              10              37
   92         819.211    -106.110        -133.987     378.468              92              76
  210         503.876    1868.009        -726.913     440.297             210             137
    3        -807.826    2073.994          71.453     648.300               3              31
   57       -2064.314     231.898        -973.922     966.981              57              60
   64        2057.981    1462.095        1285.140    2168.817              64              62
   34        1714.849    -298.981        1149.457    -303.357              34              49
  178        1308.338    1623.633         601.217    1101.952             178             119
   17        1604.140    -336.560        1975.259    -324.309              17              40
   65        1163.781    -949.251         117.953    -732.648              65              62
   35         955.525     795.695         667.555     533.729              35              49
   32        3186.261     -10.425        1487.219    -558.580              32              46
    8        -432.463     918.953         294.448   -1315.724               8              36
    3       -1387.806   -1128.984        -488.651    -442.521               3              31
   62         447.681     729.665         -70.665     414.703              62              63
   50         408.382     436.150         823.852     101.761              50              55
  135         -18.601    -457.539         179.146    -325.308             135              99
   55         523.244     387.968         910.384     603.620              55              57
  149        2033.419   -2718.551        1589.995   -1245.477             149             106
   91        1648.170    -424.140        -236.094   -1127.111              91              75
  131          72.843    -604.906         780.870    -812.979             131              97
   45         838.105   -2483.811       -1024.999   -2095.000              45              52
   26       -1421.627    2099.608       -1412.227     876.518              26              45
   55        2371.269    -395.120         808.465    -275.172              55              57
   44       -1277.232    2019.362       -1039.666    -581.347              44              54
   19        -814.490    -438.394        -231.641     334.993              19              39
  122         107.667    1676.860        -731.425     194.144             122              93
  162       -1120.749    1131.319         288.275     927.943             162             111
   58         598.032    -727.176         203.414      88.734              58              61
   19        2084.997     540.626         692.369     435.197              19              39
   35         823.651    1149.252         184.084    -651.771              35              49
  229        -483.307    1061.713          45.538     543.841             229             144
   27        1342.753     561.386         659.248    -555.272              27              45
  249       -1829.798    1662.530        -574.283     101.012             249             154
   23        -294.441     122.553         830.188     493.629              23              43
  189         204.364    -951.968         375.369    -784.164             189             124
   42        -542.454    -573.495        -336.209     -74.355              42              53
  183        1050.994     -13.425         -44.764     258.234             183             121
   93        1458.602    1821.683         743.916     635.035              93              78
   91         737.056    -433.072        1031.961   -1489.109              91              75
   99       -2547.072    -134.895       -2005.891    -430.977              99              81
  178         736.089    1798.361         341.692    1600.612             178             119
  205         -54.655     937.985           8.075    -140.645             205             134
  177          78.958    2110.933         301.583    1638.090             177             118
  108        1631.368    1708.280        1673.477     329.167             108              86
  183        -826.887     965.318        1144.546    -224.000             183             121
   69        -926.946   -1818.453         705.546    -286.918              69              66
  160        2644.676    -916.699        1430.656    -104.954             160             110
  220         623.271     -86.636         663.503   -1271.715             220             142
  111          24.731    -471.563         856.982    -299.283             111              85
   38         690.439   -2214.320         373.877   -1929.809              38              51
   10        -577.598     790.706        -660.809    -182.149              10              35
  180       -1098.238    -480.105         226.367    -532.367             180             122
  215         339.300    -462.207         210.232     220.628             215             137
  233         605.780   -1201.871         873.708   -1219.239             233             148
  117          91.745   -1170.609        -578.786    -628.267             117              88
   29          75.383     579.592        -130.563    -523.312              29              46
   32        -801.702     436.075        -232.675     559.154              32              46
   86        1589.821    -355.041        1242.219    -561.487              86              75
  205        -278.928     -59.739         -51.091    -805.749             205             132
   38       -1125.443    -914.635         168.016   -1076.245              38              51
  205       -1047.280   -1780.188        -956.383    -104.312             205             132
  152        2261.057     219.862         617.455     -35.548             152             108
  247        -254.264     816.044        -107.751    -314.807             247             153
    9         463.319    -290.880         833.333    -591.910               9              36
  225        -796.677    -893.061        -355.131   -1040.282             225             142
  175        -437.235   -1008.650        -181.312    -771.381             175             119
  212        -810.299    -439.444        -892.189     -31.431             212             136
    8        1550.527    -333.327         725.697    -406.328               8              36
  216       -1441.288      -1.180       -1203.330    -883.129             216             138
  131        -312.250    -471.776        -113.578     282.646             131              97
  111         190.489     325.940       -1089.661      19.015             111              85
   67        1213.237    2234.596         934.206    1226.115              67              65
  101         192.597      34.267         244.969   -1029.196             101              80
  226        -235.084     926.770         247.185     577.202             226             145
  215         781.056     244.372         495.921    -793.274             215             137
  238        -975.305    1232.133         448.585     323.508             238             151
  168         366.195   -1331.367        1207.512   -1248.754             168             114
  170        -936.018   -2192.521         273.345   -1294.175             170             117
  248        1308.002   -3241.912        -248.583   -2223.545             248             154
  131       -1685.850     628.477       -1797.656   -1045.969             131              97
   99       -1788.177    -455.432       -1276.477    -301.872              99              79
   93       -1405.863     881.864       -1205.292     350.167              93              78
  154        -519.700       4.204        -552.098     354.109             154             107
  203        -274.204    1974.682        -336.518     678.935             203             133
  244        -926.045    -255.866         517.747     104.594             244             152
  254         833.394   -1283.134         170.682    -646.187             254             159
  178        -380.125    -461.258        -735.574    -976.758             178             119
   74        -944.614     927.324       -1278.564     223.463              74              69
  220       -1209.308    1786.890        -696.258     483.592             220             140
  226       -1596.078    1659.875        -310.205    1313.223             226             145
   61         475.188      76.688        1261.049     298.980              61              60
   35        -421.783   -1205.491         142.136    -765.754              35              49
   86        -252.697    -517.883        -276.081    -371.087              86              73
   48       -1063.063     -77.477        -301.124      49.365              48              56
  124         242.448   -1417.658         -48.746    -468.439             124              92
   25        -522.900     633.771        -881.318     317.295              25              44
  208         804.863     -20.492         642.890       9.574             208             134
   40       -1591.253     171.053       -1169.978    -456.200              40              52
  228          60.428    -236.618         337.814     951.450             228             144
   46         460.794    -340.337        -636.734    -801.130              46              55
   49        -545.629    1594.529         -79.865    1817.950              49              54
  155        2856.508    -961.076        1430.835   -1153.715             155             109
   50       -1693.248     573.326       -1316.915    -220.448              50              55
  212        1562.324     250.345         455.451      58.954             212             138
   36       -1685.971    1199.174       -1106.437    -332.390              36              48
  242         499.123     412.617        -125.305     660.889             242             153
  195       -1438.713    2994.813       -1091.254     251.909             195             127
   27       -1742.234    1688.119         394.349    2475.410              27              45
   78        3347.747    -481.740        2284.212    -250.068              78              69
  125         249.317     101.879         -56.319    -817.796             125              94
  204         540.975    2207.052         578.625     100.793             204             132
   29       -2087.507     328.369         178.032    -742.123              29              46
   51       -1184.695     103.993         297.063      10.084              51              55
  117       -1734.089   -2538.361         187.061   -1361.114             117              90
   24        -466.065    -947.347       -1362.457     181.892              24              42
  132         314.332    1277.742         939.980     462.855             132              98
   57        -790.206   -2538.947        -310.264   -1189.220              57              58
  221        1177.900     540.784        -390.590     451.932             221             142
  176          20.898    1101.887         402.116    -897.304             176             118
   13       -3106.816    -917.418       -1620.524    -584.380              13              38
   75        -542.128    1733.670        -754.646    1305.477              75              67
   19       -1174.146     440.094         382.193     597.553              19              41
   35        1292.708      -2.455         347.158     311.207              35              47
  244       -1056.688    1116.367         245.867    -363.126             244             154
  247       -1675.851    -468.404        -535.480     313.302             247             153
  222        -265.587     -24.847         494.564     582.600             222             143
   21        1373.711    -364.417         603.929     220.628              21              40
   36         301.040     109.216        1267.491    -848.638              36              50
  141       -1196.705   -2781.752       -1169.011   -1622.199             141             100
  147       -1490.392    2465.538       -1049.664    1199.380             147             105
  109        -150.334   -1136.731         963.906     154.353             109              84
   38        -684.278    -553.004        -690.722    -843.592              38              51
  116       -1774.018    -128.652        -950.893    1587.450             116              88
   81        4131.517    1190.607        2208.036     954.599              81              72
  226        -607.734    -898.536         625.421   -1770.513             226             143
  207        -247.228   -1240.556        -412.491    -221.020             207             135
   71         372.717     259.663        -116.553    -483.725              71              65
  187       -1105.481     671.046        -123.490     230.577             187             125
  227         -34.691   -1293.477          91.655    -511.307             227             143
   19         -87.776    1347.503        -293.243     474.999              19              41
  198        -392.150    -394.721         934.406    -179.417             198             129
   70         488.696    -946.835         303.989    -585.118              70              67
   27        -368.008   -1292.664         458.136   -1328.776              27              43
  156       -1472.442   -1912.336       -1450.956   -1154.586             156             110
  176        -823.989     866.128        -690.010     699.893             176             118
   64        -188.811    -992.444         567.335    -493.394              64              64
   82       -1105.492   -2617.651       -1251.160   -1341.120              82              71
   63        -392.589     983.066       -1422.530    1195.260              63              63
  127        1308.000       0.318        1006.000       0.000             127              33
  134        -392.492    -982.738       -1422.533   -1195.263             134              35
   26       -1106.439    2617.614       -1251.163    1341.119              26              33
   79        -189.166     992.270         567.333     493.396              79              35
  129        -823.767    -866.283        -690.009    -699.893             129              33
  205       -1472.958    1912.021       -1450.959    1154.583             205              35
   81        -368.169    1292.413         458.134    1328.777              81              33
   88         488.504     946.740         303.987     585.119              88              35
    4        -392.244     394.241         934.407     179.419               4              33
  216         -87.260   -1347.627        -293.242    -475.000             216              35
   80         -35.131    1293.409          91.655     511.307              80              33
  241       -1105.145    -671.570        -123.490    -230.578             241              35
  162         372.972    -259.455        -116.555     483.727             162              33
  184        -247.544    1240.471        -412.490     221.019             184              35
  201        -607.681     898.037         625.417    1770.514             201              33
   14        4131.748   -1189.403        2208.040    -954.593              14              35
  222       -1774.585     128.103        -950.890   -1587.453             222              33
  113        -684.571     552.751        -690.726     843.590             113              35
  140        -150.868    1136.394         963.905    -154.351             140              33
  100       -1489.647   -2466.004       -1049.661   -1199.382             100              35
  239       -1197.429    2781.419       -1169.014    1622.197             239              33
  103         301.333    -109.424        1267.490     848.641             103              35
   74        1373.512     364.655         603.929    -220.627              74              33
   99        -265.928      24.524         494.565    -582.599              99              35
   70       -1676.136     467.521        -535.480    -313.302              70              33
  137       -1056.128   -1116.976         245.866     363.126             137              35
  154        1292.676       2.736         347.159    -311.206             154              33
   30       -1174.216    -440.718         382.194    -597.552              30              35
  225        -541.715   -1733.826        -754.644   -1305.478             225              33
   67       -3106.954     916.415       -1620.526     584.375              67              35
    0          21.749   -1101.914         402.113     897.306              -0              33
  225        1178.190    -540.111        -390.588    -451.932             225              35
   57        -791.073    2538.648        -310.265    1189.220              57              33
  240         314.745   -1277.779         939.981    -462.853             240              35
   15        -466.551     947.308       -1362.458    -181.895              15              33
  242       -1734.967    2537.450         187.057    1361.115             242              35
  245       -1184.502    -105.010         297.064     -10.083             245              33
   55       -2086.951    -329.631         178.030     742.122              55              35
  103         542.269   -2207.151         578.624    -100.791             103              33
  107         249.801    -101.862         -56.321     817.796             107              35
  211        3347.499     482.490        2284.211     250.072             211              33
   14       -1742.017   -1689.161         394.356   -2475.409              14              35
    4       -1437.550   -2995.293       -1091.253    -251.913               4              33
    7         499.409    -412.247        -125.304    -660.889               7              35
  190       -1685.311   -1199.575       -1106.437     332.388             190              33
  145        1562.626    -249.620         455.451     -58.952             145              35
  103       -1692.784    -573.682       -1316.915     220.445             103              33
   99        2856.349     962.064        1430.832    1153.720              99              35
  131        -545.254   -1594.652         -79.862   -1817.951             131              33
   53         460.625     340.715        -636.739     801.127              53              35
   62          60.160     236.708         337.816    -951.449              62              33
   47       -1591.170    -171.536       -1169.980     456.197              47              35
  239         804.936      20.820         642.890      -9.571             239              33
  197        -522.736    -633.757        -881.317    -317.298             197              35
  163         241.897    1417.850         -48.748     468.440             163              33
  119       -1063.139      77.067        -301.123     -49.366             119              35
  109        -252.819     517.777        -276.083     371.087             109              33
   63        -422.146    1205.115         142.134     765.755              63              35
   24         475.092     -76.973        1261.050    -298.976              24              33
   43       -1595.652   -1660.694        -310.202   -1313.223              43              35
  219       -1208.596   -1787.222        -696.257    -483.593             219              33
  239        -944.072    -927.312       -1278.562    -223.466             239              35
  101        -379.990     461.450        -735.576     976.757             101              33
  203         833.041    1283.438         170.682     646.188             203              35
   99        -926.152     255.303         517.747    -104.594              99              33
  216        -273.496   -1974.788        -336.518    -678.936             216              35
    6        -519.737      -4.174        -552.097    -354.109               6              33
  245       -1405.555    -882.080       -1205.290    -350.170             245              35
   29       -1788.096     455.144       -1276.477     301.871              29              33
  159       -1685.077    -628.563       -1797.657    1045.964             159              35
   56        1307.339    3242.670        -248.587    2223.544              56              33
  249        -936.501    2191.948         273.342    1294.175             249              35
  253         366.033    1330.927        1207.509    1248.757             253              33
  230        -974.561   -1232.907         448.587    -323.507             230              35
  183         781.480    -244.335         495.919     793.275             183              33
   15        -234.525    -926.996         247.188    -577.201              15              35
   85         192.937     -34.365         244.967    1029.198              85              33
   71        1214.144   -2234.156         934.211   -1226.111              71              35
  123         190.575    -325.545       -1089.660     -19.018             123              33
  223        -312.416     471.885        -113.575    -282.645             223              35
  207       -1441.018       0.843       -1203.331     883.126             207              33
  149        1550.614     334.008         725.695     406.331             149              35
   31        -810.433     439.320        -892.189      31.430              31              33
  244        -437.399    1008.563        -181.312     771.382             244              35
    3        -796.667     892.690        -355.132    1040.281               3              33
   20         463.549     290.841         833.333     591.912              20              35
  241        -253.646    -816.168        -107.751     314.806             241              33
  191        2261.195    -218.877         617.455      35.550             191              35
   67       -1048.010    1779.930        -956.384     104.310              67              33
   72       -1125.530     914.061         168.013    1076.246              72              35
  219        -278.525      59.453         -51.092     805.749             219              33
   13        1589.886     355.402        1242.218     561.490              13              35
   78        -801.478    -436.465        -232.673    -559.154              78              33
    8          75.818    -579.451        -130.565     523.312               8              35
   82          91.588    1170.765        -578.786     628.266              82              33
  150         605.540    1201.956         873.705    1219.241             150              35
  213         339.157     462.113         210.232    -220.627             213              33
  238       -1098.280     479.512         226.365     532.368             238              35
  119        -576.951    -790.910        -660.808     182.149             119              33
   47         690.054    2214.468         373.874    1929.809              47              35
  110          24.884     471.197         856.982     299.284             110              33
  142         623.631      86.578         663.501    1271.716             142              35
   98        2644.367     917.320        1430.656     104.956              98              33
   74        -927.718    1817.509         705.545     286.918              74              35
  114        -826.298    -966.400        1144.544     224.001             114              33
  206        1632.127   -1708.277        1673.476    -329.162             206              35
   96          79.636   -2111.129         301.588   -1638.090              96              33
  191         -54.280    -938.082           8.074     140.644             191              35
    9         736.606   -1798.037         341.695   -1600.611               9              33
  103       -2546.922     134.192       -2005.892     430.972             103              35
  196         737.441     433.178        1031.958    1489.111             196              33
   83        1459.439   -1821.226         743.919    -635.033              83              35
   36        1050.927      13.964         -44.761    -258.235              36              33
  178        -542.684     573.354        -336.210      74.352             178              35
   27         204.095     951.821         375.367     784.165              27              33
   36        -294.402    -123.065         830.190    -493.628              36              35
  123       -1828.917   -1663.383        -574.283    -101.013             123              33
  142        1343.321    -561.021         659.248     555.273             142              35
   14        -482.675   -1061.950          45.539    -543.842              14              33
   59         824.432   -1148.910         184.081     651.772              59              35
  171        2085.262    -539.762         692.368    -435.196             171              33
  142         597.569     727.335         203.414     -88.733             142              35
  143       -1120.413   -1131.855         288.278    -927.943             143              33
   32         108.330   -1676.685        -731.425    -194.146              32              35
  173        -814.507     438.226        -231.639    -334.992             173              33
   50       -1276.074   -2019.618       -1039.665     581.345              50              35
  150        2371.426     396.183         808.464     275.174             150              33
  117       -1420.736   -2099.601       -1412.221    -876.519             117              35
   11         837.685    2484.566       -1025.001    2095.000              11              33
  226          73.045     605.008         780.865     812.979             226              35
   91        1648.411     424.875        -236.095    1127.111              91              33
   30        2032.556    2719.105        1589.992    1245.479              30              35
  117         523.261    -388.122         910.384    -603.617             117              33
  179         -18.742     457.318         179.146     325.308             179              35
   43         408.608    -436.230         823.853    -101.761              43              33
  114         447.918    -729.527         -70.665    -414.705             114              35
   41       -1387.984    1128.405        -488.653     442.519              41              33
   21        -431.498    -919.284         294.444    1315.724              21              35
  254        3186.672      11.414        1487.218     558.583             254              33
   32         955.847    -795.368         667.557    -533.728              32              35
  125        1163.583     949.600         117.951     732.649             125              33
   75        1604.066     336.769        1975.258     324.314              75              35
  141        1308.828   -1623.378         601.219   -1101.952             141              33
  236        1714.580     299.432        1149.455     303.360             236              35
   35        2057.914   -1461.544        1285.145   -2168.815              35              33
   72       -2064.668    -232.693        -973.921    -966.986              72              35
   75        -807.037   -2074.302          71.453    -648.299              75              33
  160         504.642   -1867.496        -726.913    -440.299             160              35
  100         819.135     106.766        -133.986    -378.468             100              33
   84        -592.265    -626.792        -771.659      29.865              84              35
  169        1410.220     -86.261         109.149    -260.282             169              33
   24       -1070.964     432.746       -1290.756     242.352              24              35
    4        1280.905     917.869         743.874     783.668               4              33
   27          13.026   -1120.429        -627.864    -539.247              27              35
   87        2035.717    2077.052         250.928     861.030              87              33
  103       -1492.655     545.351        -677.728    -597.167             103              35
  215         126.731    2230.121        -129.822    2134.148             215              33
  119        1288.707      16.673        1830.289    -442.399             119              35
   25        -528.405   -1032.292        -551.853    -613.392              25              33
  103         -44.884      29.786        -297.623     490.728             103              35
  240        2229.313     708.236         689.602     727.414             240              33
  150        1062.275     579.893         253.080    -980.991             150              35
  212       -1489.510    2816.708        -937.055    1236.756             212              33
   79         637.792     498.829        1864.610     545.827              79              35
  166         636.395    -665.534         200.873    -716.360             166              33
  149         -56.130     466.730         627.117    -135.636             149              35
  208        -151.235    -393.341        -115.494    -393.262             208              33
  156         104.648     303.450         949.442    -221.122             156              35
   36       -1398.270   -2489.077        -805.571   -1638.101              36              33
   86        -444.947     528.998       -1062.450    1124.457              86              35
   90        1665.763    1075.363         853.767     197.936              90              33
  247        -913.405     524.699          66.382    -308.479             247              35
   31        -379.381    -724.844         -35.489    -597.196              31              33
  117       -1899.611     432.865        -905.110      69.868             117              35
  205        -977.806    -917.006        -130.978     330.894             205              33
   51         111.089      57.761        -734.171     954.678              51              35
  114        2396.046    1849.756        1961.255    1161.076             114              33
  180        -121.857   -2472.159         502.722   -2107.593             180              35
  176         -39.780     368.780        -880.691     295.076             176              33
   52        -753.137    -401.556         226.781    -759.117              52              35
  225        -319.143    -640.064       -1087.441     242.603             225              33
  124        -242.444    1088.681          -6.309    -278.215             124              35
   55       -2322.899    -225.996       -1539.925     824.750              55              33
   10        1804.257    1098.020        1023.410     853.559              10              35
   58       -1686.891    -361.394       -1141.395    -366.124              58              33
  197         624.909    2052.304         114.226    2161.262             197              35
  130        1382.848     781.002        1433.928     102.796             130              33
  213        -305.067     -98.117         353.777    -455.942             213              35
  195        -761.326    -750.883        -417.279    -181.345             195              33
   65         699.018    1150.835         -34.299     594.053              65              35
  228       -1034.986    1506.889           9.298     173.664             228              33
    3       -1559.705     860.543         147.457     841.657               3              35
  164        -351.463    -722.943         946.253     165.406             164              33
  129        -813.853    -889.718         154.753    -307.130             129              35
    3       -1172.193   -2097.517         413.496     381.067               3              33
  129        3315.177   -3039.474         771.332    -829.963             129              35
  222        -597.228     781.570        -741.163    -609.595             222              33
  196        -339.953   -2067.909        -320.776     143.353             196              35
  123        2219.177     980.655        -198.144     188.325             123              33
  160        -957.988     525.399        -115.985    -500.956             160              35
   18       -1248.678     186.144       -1373.642     612.138              18              33
   19         720.051    1361.169         706.977     764.670              19              35
   31       -1530.839    -519.160        -743.412    -267.097              31              33
  188         620.380     -22.077          52.485     502.495             188              35
  218       -2059.543     814.634       -1947.712      12.436             218              33
   10        -470.331    3274.940         -94.663    3391.664              10              35
  102         810.286    1245.106        1501.010     553.957             102              33
  190        -597.186     708.718         686.459    1540.057             190              35
  230        1990.223    -802.909        2338.045    -238.419             230              33
   71        -782.323   -2255.888         -35.652   -1131.316              71              35
  200        -397.479    -717.004        -531.110     643.760             200              33
  226        2455.980    -139.795        1332.532    1035.272             226              35
  243        1774.356    -401.808         907.449   -1141.464             243              33
  215        -592.351     -81.712        -235.831     338.354             215              35
   90        2210.338    -175.440        1276.880    -476.465              90              33
   66       -1302.249    -409.217        -498.535   -1115.918              66              35
   66       -1217.380    -452.873        -519.108       0.833              66              33
   38        -904.996    -558.889        -576.504      46.171              38              35
   98        -429.993     396.716        -330.485     833.090              98              33
   67         592.538     -15.054         736.870     436.859              67              35
  194        -128.990   -1080.608         172.940    -713.071             194              33
  200       -1024.943    -885.206        -955.898     -64.524             200              35
  187        -465.863     524.066        -313.145     926.093             187              33
    0         604.279   -1098.417         258.688     240.430               0              35
  210         861.733     684.577        -229.570     289.261             210              33
    9        -507.265     270.540        -107.393      32.375               9              35
   68       -1101.817    1209.105        -877.615     777.131              68              33
  137       -1212.680     466.272         434.807     828.576             137              35
  153        -912.315    -872.497        -588.297     675.686             153              33
  234        1049.741     582.468        1107.809    1223.242             234              35
  146        -445.082   -1465.937         -41.025    -513.419             146              33
  176        -215.982      51.681         105.955    1078.220             176              35
  149         -51.935   -2419.564         226.901    -388.270             149              33
   38         784.963    -805.449        -950.703     705.051              38              35
   94         491.482    1523.301         -66.491    1608.411              94              33
   66        2252.519     150.157        1281.314     919.663              66              35
  183         335.737     189.136         226.504     -84.482             183              33
  124         767.786    -697.776         478.633     159.951             124              35
   62       -1623.886    -256.035       -1328.247      32.136              62              33
   59        1234.659     463.153         310.103    2163.102              59              35
   18         753.936     948.563         158.406     291.551              18              33
  167         474.441     774.973         704.389    1838.796             167              35
   59         993.321    -822.593         846.853    -329.247              59              33
   22         514.693    -979.008        -221.333     416.854              22              35
  140       -1123.751     942.750       -1344.666     994.833             140              33
   37        2704.515    1578.734        1476.422    3006.262              37              35
  145         306.863     526.304         497.802    -748.366             145              33
  131         106.451     271.601         191.822    2543.435             131              35
  173         621.194     679.607         478.497    -174.744             173              33
    1        -265.713     473.979         310.157    3364.034               1              35
  103        2840.568    -183.529        2062.299    -404.241             103              33
  223        -946.912   -1345.965        -520.315    1214.263             223              35
  244       -3241.483    1200.342       -1978.728    1242.067             244              33
  149        1712.556     108.316        1882.682    7442.586             149              35
    9        1706.774   -1533.384         922.115   -1577.620               9              33
  245        -907.155    -673.523        -710.802   17600.993             245              35
