SINAL     NFT                         FFT                         NFT INVERSA     FFT INVERSA
-----     -----------------------     -----------------------     -----------     -----------
  226       65450.000       0.000       33936.495       0.000             226             148
   95        -988.551      95.129           0.422  -19447.463              95              79
  167        1578.705    -154.491         358.477     413.443             167             118
   53         495.499     392.509         900.038   -7109.679              53              58
  135        -246.330   -1286.719        -679.936    -911.050             135             102
   51        -943.856    1616.981        -578.841   -3350.070              51              57
  140         213.473     -71.029         258.323     422.746             140             105
   86         435.678    1311.265         417.839   -2684.533              86              75
    1        -695.610     -68.046         416.839     -36.672               1              35
   78         423.644    -557.608         779.065   -2747.092              78              71
   89       -1149.400   -1539.062        -442.434   -1294.858              89              79
  107       -1352.721    -318.863        -906.940   -1826.339             107              85
  169       -1294.365    -843.387        -588.327      35.896             169             119
  247         508.197    -700.608        -339.803    -828.265             247             155
  223        1704.499     860.052         347.786       0.979             223             146
  214       -1038.442     477.434        -189.091   -1510.216             214             139
   10        -160.268    -693.274        -396.001    -375.874              10              40
  224       -1278.689    1034.401        -916.821    -880.521             224             144
  224        -963.742      84.741        -335.743     358.072             224             147
  117       -1115.503     237.665        -719.409    -615.185             117              90
  139        -920.361      13.767        -602.583     580.499             139             104
  216        -743.486     346.318        -903.539     507.859             216             140
  158        2693.503    1754.022         671.397    1579.851             158             114
  171        -609.473    2878.716          73.692     -22.755             171             117
   51         357.272    1453.586         968.793    1953.461              51              60
  147        1465.650    1311.663        2126.481    -445.648             147             105
  217         144.431   -2116.352        1102.409    -732.891             217             143
    5         885.388    -225.801         132.091   -1207.035               5              34
  108        -530.322     -25.716         129.315     110.872             108              89
   32         255.639     470.153         324.200    -424.798              32              48
   22         -55.023   -1252.067         611.808    -284.850              22              46
   42         319.103     201.166        -969.709    -652.176              42              53
  103        -240.698    2907.550         677.524    2090.839             103              86
  224        1612.081    -510.852        1863.790   -1115.615             224             144
  191       -1743.517     128.880        -199.278      65.797             191             130
  112        1496.084   -1248.414        1636.008     133.572             112              88
  165        2896.801    -983.854        1486.152   -1251.523             165             117
  113        -944.011    -370.290         190.727   -2063.290             113              88
    4       -1896.300   -2686.026        -943.053   -1113.078               4              37
  106        -416.452     602.527       -1333.152    -147.562             106              85
  106       -2001.943    1198.836        -257.887    1234.185             106              88
  153         547.530    -814.560         535.591     370.883             153             108
  150         493.284    -115.197         513.358     732.519             150             110
  188        2644.669    -188.422        1360.821     565.646             188             126
  243        2964.654     333.271        2180.735    -524.405             243             156
  179         368.062   -1604.004         740.336   -1976.159             179             121
  156          26.150   -1333.476        -164.354    -941.195             156             113
  214         287.323     329.981        -251.497    -342.963             214             139
   25          18.194     412.462        1076.444      -3.047              25              47
   47         421.307   -2996.982         592.970   -1596.265              47              55
  156        1423.883   -1066.862          34.230   -1149.784             156             113
   94       -1326.998    -615.985        -871.826   -1289.680              94              79
   47         -78.176    -639.912        -366.785      -8.725              47              58
   17        -558.950    -277.053        -611.628    -833.517              17              40
   32        -296.475    -657.896        -291.864     302.544              32              51
   89         669.729    -198.716        -616.791    -815.475              89              76
   71       -1579.773    1706.142        -654.232    1045.441              71              70
  188         101.931   -1299.882         340.935    -159.146             188             126
  218         870.569    -175.070        -265.031     671.619             218             144
  242        2291.962     649.411         667.968      98.779             242             153
  157         679.054    1659.734         543.519     325.101             157             113
  227         727.371    -845.438         992.430    -910.487             227             145
  250         130.503    -316.211        -254.976    -607.098             250             160
   89         194.436    -807.559         180.431    -782.073              89              76
  112         122.395    -148.973       -1099.495    -457.032             112              91
  250          16.282    2404.295          38.218     797.163             250             157
   36         -55.178    -600.980         411.378   -1043.942              36              53
   19       -2475.385    1127.804       -1803.980     196.163              19              41
  216        -139.177     388.093        1059.658    1236.992             216             143
   98         404.776   -1985.319        -690.083   -1494.160              98              81
  181       -1451.871    3161.226       -1224.121    2143.909             181             125
  138        1096.854     468.647        1494.072     930.801             138             101
  209        1221.702     528.223         977.985     216.639             209             139
  245          64.816   -1025.204         697.124    -872.013             245             154
   72        -227.874    -583.827        -490.499     112.820              72              71
   50        1022.907     345.942         271.210     391.787              50              57
  239         657.577    1188.660         474.206     633.154             239             154
   50         997.684    -166.127         893.887      37.380              50              57
  141        1231.065     683.662         833.690       5.345             141             105
  119        -102.735    -721.136         343.618    -572.851             119              91
   73        1223.292     965.021         737.797     655.742              73              71
   42         754.386   -1673.557        1297.207   -1323.874              42              53
  115         967.278    -359.573        -371.024    -379.133             115              92
  246         354.597     235.030         765.893    -720.950             246             155
  138        -672.279    -619.874        -722.429    -719.094             138             104
  175        -997.558     118.380        -212.692     345.390             175             119
   25        1954.621    -192.404         520.630     265.959              25              47
  235        -503.478     757.070         209.969    -676.047             235             149
  133        -216.574    -731.604         -90.976     599.388             133             101
    2        1758.977    -301.568        1057.239    -531.505               2              33
    3         721.028    -528.864        -309.124    -277.776               3              36
   50         854.203    1556.940         474.274    -202.438              50              57
   55        -791.903     -44.427         -80.266     119.371              55              62
  241        1461.746     152.510        1007.151    -252.159             241             152
   67         210.166    -302.731         172.574    -592.349              67              68
  107         215.802      -7.697         483.364   -1060.051             107              85
    3       -2439.525   -1238.294       -1265.202    -665.785               3              36
  118         314.044    -269.225        -319.533     622.499             118              91
  104        1253.436     953.454         100.862     788.573             104              87
  108        1876.919    1084.385        1606.026    -231.013             108              86
  108        -888.171   -1068.163        -429.886   -1183.738             108              89
  102         668.425     765.027         286.444      56.986             102              83
  155       -1555.230    -417.854        -612.906   -1061.846             155             112
   53       -1263.368     514.680        -717.931     850.733              53              58
  166         228.919     227.387         542.502     526.105             166             118
  160        1041.138   -1172.024        1010.545    -322.555             160             112
   58         672.564   -1314.925        -572.298   -1234.960              58              64
  229        -983.325    1684.103        -712.440     746.847             229             146
   85         338.618    -762.067         225.896     160.401              85              77
  124        1117.768    1277.240          22.290     453.220             124              94
  130        -395.840     638.249         161.286     168.983             130             100
   41         685.340     821.693         596.802     957.914              41              52
   14        1695.141   -1026.396        1386.315    -712.127              14              42
  225         823.122     -24.124        -321.821    -473.797             225             144
  191         607.225    1104.014         494.400     -64.090             191             130
  132        -548.113     419.254        -224.714    -324.340             132              98
  123        -397.745     748.452         252.586     456.475             123              96
   70         429.956    -216.938         649.798      25.199              70              67
  126        1053.252    -441.890         858.861    -319.932             126              98
  218         524.318    -960.290         207.841   -1182.982             218             141
    2        -987.091     326.276       -1107.418     115.733               2              36
   76        1688.578    1798.600        1343.313    1373.075              76              70
  205        1388.505   -1571.627        1583.786   -2058.637             205             137
   55       -1167.161    -514.288       -1310.437    -829.331              55              59
   85        -465.258     603.800         344.129      44.365              85              77
  147        -379.253   -1885.883        -287.023    -457.171             147             105
  171        2415.149      93.177         540.725    -195.781             171             120
  243         180.183     179.621        -245.743   -1186.124             243             153
  140        -975.208    1068.944        -806.000    -330.000             140             105
   25       -1536.182     565.670        -290.627     251.317              25              44
  191         409.542   -1385.635         174.918    -906.087             191             130
   19       -1062.314     246.059       -1824.530    -159.845              19              41
   20         557.635    2906.542          91.844     930.208              20              45
   72       -3087.231     929.343        -988.830     -90.904              72              68
   30         182.714    1389.840         442.768    1719.349              30              50
  209        -736.693    -325.397         784.569    -977.685             209             136
   20       -1447.183   -1624.738        -957.888     -40.680              20              45
  211        -313.182     333.195        -642.785     412.299             211             137
   89         247.242     581.964        -331.515    1172.226              89              79
  197         672.150    2050.184          44.499     801.074             197             130
   99        -533.349    1913.813         383.925    1659.183              99              84
  193        2001.924     669.905        1637.600     947.541             193             128
  252        2732.067    1338.111        2109.237     149.750             252             161
  132           4.828    -656.883        1465.908   -2025.345             132              98
  148       -2018.992   -1562.494       -1024.669   -1011.658             148             109
  115        -462.669     516.097         243.228     188.876             115              89
   21       -1355.634   -1933.324        -260.685   -1003.131              21              45
  127        -820.050    -131.477       -1134.974     773.217             127              95
  144        1732.298    1218.975        1122.343     908.031             144             107
   83        -796.362    -185.405         356.905    -688.519              83              73
   13         -21.064   -1257.134         119.886     128.744              13              41
  214         303.180      80.601         -61.923    -199.994             214             139
  177         466.874     149.754         496.910     615.977             177             123
   13         418.982    -151.247         515.432    -922.540              13              38
   32       -1856.256    -592.875        -674.728     305.042              32              51
  219        1063.617    -339.851         794.421     417.789             219             141
  162         307.487   -1573.978         442.351    -539.378             162             116
  158         543.728   -1169.683        -313.613    -178.258             158             111
  193        1886.102    -203.839         555.536     542.128             193             131
   60        1893.897    -225.742         629.573   -1040.123              60              62
  236        -810.050    -677.570        -788.998    -274.413             236             153
  108        1979.084     -47.275         -84.743     197.407             108              86
  169        1383.634    1863.861        -244.539     352.991             169             119
  112         642.514    3046.449         505.688     500.368             112              88
  108       -1337.140       8.509         538.832    -310.074             108              89
  178         560.048    -866.808        -365.269    -192.025             178             121
  214         697.260    2028.481         343.876     828.177             214             142
   99        1148.117    -100.691         888.416    -591.881              99              81
   21        -448.024    1224.022        -445.362    -131.997              21              45
  197         220.445     857.306         717.184     113.884             197             130
   31       -1130.425     -70.381        -379.493   -1010.595              31              50
  243       -1880.134     580.705       -1032.339     920.452             243             153
  207        1376.943    1504.655         931.236    1090.869             207             138
  219          76.560     570.028         862.170    -238.807             219             141
  102        -447.249      33.859         150.534    -246.621             102              86
  158       -1011.089     581.951         133.958     655.820             158             111
   10        1767.150    -374.241        1806.764     108.151              10              40
  178        -399.310   -1811.849         559.191   -1789.355             178             121
  124        -414.479   -2368.702        -766.045    -841.890             124              97
  209        -433.742     532.813       -1123.121     149.746             209             136
   55         478.459     765.090          72.756    1417.466              55              62
  189        2702.505    1602.576        1325.577     690.075             189             126
   99        1981.127     356.945        2080.199    -835.261              99              84
   66       -1131.493   -1410.846        -494.190   -2267.294              66              65
  106        -889.444     149.974        -633.328     496.878             106              88
  157         839.672     435.620         466.767    -799.232             157             110
  193       -1978.391     -77.725        -281.384    -314.510             193             131
  236           3.465   -2026.328        -391.018    -970.215             236             150
  120        -102.244    1925.089        -721.397     673.359             120              95
  169        -999.806    -408.650         730.134    -784.898             169             116
  218        -738.321   -1947.759       -1268.611    -525.939             218             144
  136          43.515    1256.594        -336.218     -85.973             136             100
   30       -2130.292    -831.180       -1478.505      12.968              30              50
   51         762.940    1740.355        -625.127    1124.449              51              57
  217        -685.695    1731.146        -399.708     961.372             217             143
   52         782.400    2306.569         364.258    1135.430              52              58
   45        -864.544    1476.156         243.125     530.507              45              57
  231         320.070    1999.910         678.107    1227.648             231             147
   79           8.344     104.453        1771.483    -360.825              79              74
   38       -1003.437   -1727.603        -526.594   -1037.158              38              51
   17        -211.704    1096.284          66.468     857.370              17              43
  187        -414.354     -69.058         334.989    -542.961             187             125
  205       -1703.985      87.319        -282.962     600.233             205             137
  215         384.414    -975.402         487.427    -158.194             215             139
  111        -866.607     340.579        -423.540     688.747             111              90
  160        1325.226     -81.609        1500.940     605.959             160             112
   74         791.480   -2600.947         741.872   -1463.102              74              72
  171         363.057   -1104.635       -1338.031    -605.147             171             117
   44         642.505    2563.824        -215.237    1181.550              44              57
  210        -352.470    1128.500         341.665      68.236             210             137
  110        -156.495     154.267         434.063     623.317             110              90
  194        1081.259    -515.493         447.481    -753.461             194             129
   79        -339.902     783.634        -310.176     346.282              79              74
   39         118.102     650.503          19.559    -628.343              39              51
   64       -2739.317    1213.147       -1019.823    1134.338              64              67
  194        1525.143      92.129         927.594     524.261             194             129
   45        -532.426    1639.818          62.955     879.288              45              57
  230        1956.474    -155.973        1842.800    -454.023             230             147
  125       -2689.649     -62.005       -1117.788    -819.357             125              97
  152         247.014     -33.855         228.406     941.338             152             108
  154        -732.938    1708.313          65.143     350.450             154             112
   31        -197.626   -1157.284        1374.761     242.351              31              47
  209          41.224   -1757.435        -494.371   -1231.414             209             139
    2        -980.978    1141.900        -405.807    1267.465               2              33
  240        1106.595   -1083.777        1168.675      22.211             240             155
  131        1199.810    -872.028         -77.897    -619.306             131              97
  157        -221.328    1327.219        -412.982     310.882             157             113
   97          89.639     980.158         273.717     482.107              97              80
  189        -568.294     448.741         417.688      23.578             189             129
   75        -234.033   -1072.264        -306.170    -363.853              75              69
   73        -713.605    2142.154        -458.146    1168.628              73              71
   87         390.086    -594.560        1161.507     183.903              87              75
  177         -79.635     317.171        -635.746    -133.945             177             123
  218        -911.902    1410.417         156.554     981.276             218             141
  125        -633.886     424.596          74.220     896.959             125              97
   93        1311.193     364.037        1427.158    1037.912              93              78
  249         937.385       1.047         888.286    -237.447             249             159
   30         258.534    -408.810        1125.985     -34.777              30              47
  156        -263.184   -1949.806        -275.639   -1075.041             156             113
   66           4.448     979.247        -411.555    1652.521              66              65
   68        3264.653     213.822        2212.588     256.788              68              69
  109         382.727     166.345        -133.120    -969.879             109              86
  114        -348.006    2310.902         746.442    1404.616             114              92
  126        1357.780   -2115.415        2120.188   -1377.130             126              95
  134        -910.672   -1268.891        -929.742   -1078.427             134             102
   49         177.855    -358.970         222.420     157.592              49              56
   87        -196.705     295.579        -520.915     108.609              87              78
  147        1026.375     428.015        1131.760     703.163             147             105
  232         350.006    -194.844          66.377    -687.163             232             151
   34         233.667    -108.100         962.072     667.887              34              49
   82        2278.855   -1844.722         275.632   -1632.069              82              76
   51        -819.294    2785.154        -642.845     924.299              51              57
  217        1031.223    -366.555        1129.336    -551.126             217             143
  192       -1407.653    1683.069        -801.914     234.584             192             128
  102         794.566      50.355        1573.401     439.067             102              86
  182         125.729     -97.372         129.847   -1688.373             182             123
   36       -4348.000      -0.865       -1432.000       0.000              36              38
  177         126.202      97.106         129.836    1688.373             177              35
  124         794.724     -50.489        1573.401    -439.063             124              38
   61       -1406.879   -1683.756        -801.915    -234.587              61              35
  234        1031.370     366.714        1129.335     551.128             234              38
  104        -818.056   -2785.341        -642.843    -924.301             104              35
  253        2278.445    1845.672         275.628    1632.069             253              38
  206         233.570     108.010         962.073    -667.885             206              35
  231         349.983     194.788          66.376     687.163             231              38
  144        1026.456    -427.805        1131.761    -703.161             144              35
   11        -196.706    -295.643        -520.915    -108.611              11              38
  219         177.696     359.087         222.421    -157.592             219              35
  196        -910.952    1268.516        -929.744    1078.424             196              38
  108        1357.209    2115.320        2120.183    1377.135             108              35
   84        -347.160   -2311.493         746.444   -1404.615              84              38
  124         383.092    -166.307        -133.122     969.879             124              35
   23        3264.652    -212.875        2212.588    -256.786              23              38
  115           4.381    -979.188        -411.551   -1652.523             115              35
  180        -263.984    1949.660        -275.642    1075.041             180              38
  156         258.377     408.506        1125.986      34.780             156              35
  210         937.306      -1.129         888.286     237.447             210              38
  135        1310.975    -363.965        1427.160   -1037.909             135              35
   61        -634.141    -425.160          74.222    -896.960              61              38
  210        -911.570   -1410.914         156.557    -981.276             210              35
  252         -79.553    -317.232        -635.746     133.942             252              38
  228         389.749     594.438        1161.506    -183.900             228              35
  105        -713.021   -2142.487        -458.144   -1168.628             105              38
  229        -234.429    1072.171        -306.171     363.852             229              35
  102        -568.114    -449.193         417.688     -23.579             102              38
  161          90.039    -980.268         273.717    -482.108             161              35
  231        -220.763   -1327.152        -412.983    -310.882             231              38
  191        1199.563     872.605         -77.898     619.306             191              35
  178        1105.956    1083.986        1168.676     -22.209             178              38
  173        -980.841   -1142.282        -405.804   -1267.467             173              35
   26          40.538    1757.406        -494.374    1231.413              26              38
  243        -198.168    1156.717        1374.762    -242.349             243              35
    0        -732.442   -1708.934          65.142    -350.452              -0              38
  102         246.856      33.807         228.408    -941.337             102              35
   71       -2689.500      60.869       -1117.790     819.354              71              38
  209        1956.647     156.248        1842.799     454.029             209              35
   88        -531.913   -1640.258          62.957    -879.288              88              38
  245        1524.947     -91.776         927.594    -524.258             245              35
  184       -2739.015   -1214.219       -1019.819   -1134.340             184              38
  221         118.570    -650.496          19.558     628.343             221              35
  184        -339.431    -783.699        -310.175    -346.285             184              38
   80        1081.180     515.828         447.477     753.461              80              35
  135        -156.483    -154.540         434.064    -623.315             135              38
  102        -351.989   -1128.801         341.666     -68.236             102              35
  138         643.472   -2563.314        -215.236   -1181.551             138              38
  240         362.722    1105.272       -1338.034     605.144             240              35
    7         790.594    2601.168         741.869    1463.103               7              38
  146        1324.924      81.710        1500.941    -605.955             146              35
   10        -866.784    -341.019        -423.539    -688.750              10              38
  109         383.831     975.333         487.425     158.195             109              35
   93       -1704.120     -88.204        -282.961    -600.234              93              38
   75        -414.325      68.604         334.986     542.962              75              35
   77        -211.355   -1096.497          66.470    -857.370              77              38
  214       -1003.952    1726.993        -526.598    1037.156             214              35
  188           8.520    -105.117        1771.482     360.829             188              38
  107         320.734   -2000.311         678.110   -1227.646             107              35
   88        -863.999   -1476.730         243.126    -530.507              88              38
  105         783.188   -2306.404         364.260   -1135.430             105              35
  155        -685.163   -1731.230        -399.707    -961.372             155              38
   56         763.365   -1739.709        -625.123   -1124.449              56              35
  125       -2130.636     830.767       -1478.505     -12.968             125              38
  171          44.061   -1256.288        -336.218      85.973             171              35
   15        -738.939    1947.710       -1268.612     525.935              15              38
  115        -999.773     408.102         730.132     784.901             115              35
  179        -101.394   -1925.007        -721.395    -673.362             179              38
  243           2.836    2026.462        -391.022     970.215             243              35
  191       -1978.153      76.854        -281.383     314.510             191              38
  236         840.149    -435.430         466.765     799.233             236              35
  241        -889.175    -150.225        -633.327    -496.880             241              38
  239       -1131.375    1410.315        -494.197    2267.292             239              35
    4        1981.838    -356.650        2080.198     835.266               4              38
   14        2703.066   -1601.788        1325.579    -690.072              14              35
  106         478.444    -764.769          72.760   -1417.467             106              38
   14        -433.698    -532.592       -1123.122    -149.751              14              35
  139        -415.237    2368.753        -766.048     841.889             139              38
  134        -399.711    1811.398         559.187    1789.357             134              35
   18        1767.014     374.332        1806.765    -108.149              18              38
  137       -1011.025    -582.680         133.959    -655.820             137              35
  133        -447.113     -34.343         150.534     246.620             133              38
  100          76.928    -570.379         862.168     238.809             100              35
  142        1377.332   -1504.397         931.239   -1090.867             142              38
   48       -1880.050    -581.372       -1032.337    -920.456              48              35
  160       -1130.142      69.852        -379.495    1010.593             160              38
  105         221.070    -857.445         717.184    -113.883             105              35
  114        -447.249   -1224.219        -445.362     131.996             114              38
  158        1148.409     100.979         888.414     591.882             158              35
  175         698.065   -2028.212         343.878    -828.176             175              38
   36         559.766     867.061        -365.269     192.024              36              35
  215       -1336.913      -9.293         538.832     310.075             215              38
  127         644.000   -3046.330         505.689    -500.367             127              35
   52        1384.575   -1862.955        -244.539    -352.991              52              38
  193        1979.059      48.457         -84.742    -197.408             193              35
   24        -810.190     677.616        -788.999     274.412              24              38
  215        1894.039     226.583         629.570    1040.126             215              35
  158        1885.891     204.728         555.539    -542.127             158              38
  107         543.071    1170.072        -313.614     178.256             107              35
  223         306.777    1574.029         442.350     539.378             223              38
  221        1063.173     340.044         794.421    -417.786             221              35
   73       -1856.611     592.101        -674.726    -305.043              73              38
  109         419.043     151.205         515.430     922.540             109              35
  154         466.893    -149.711         496.911    -615.976             154              38
   61         303.097     -80.496         -61.924     199.993              61              35
  106         -21.618    1257.007         119.886    -128.744             106              38
  179        -796.377     184.817         356.903     688.519             179              35
  166        1732.593   -1218.501        1122.345    -908.030             166              38
   67        -820.422     131.342       -1134.973    -773.220              67              35
  132       -1356.334    1932.727        -260.687    1003.131             132              38
  243        -462.446    -516.487         243.230    -188.876             243              35
   20       -2019.209    1561.557       -1024.671    1011.655              20              38
  232           5.258     656.278        1465.902    2025.349             232              35
  201        2732.844   -1337.733        2109.238    -149.747             201              38
  220        2001.903    -669.635        1637.600    -947.537             220              35
   36        -532.965   -1914.280         383.928   -1659.182              36              38
   72         672.692   -2049.901          44.500    -801.074              72              35
   34         247.159    -581.661        -331.512   -1172.227              34              38
   99        -313.392    -333.065        -642.784    -412.301              99              35
  143       -1447.888    1624.234        -957.888      40.679             143              38
    6        -736.773     324.750         784.566     977.686               6              35
   31         183.032   -1390.108         442.770   -1719.348              31              38
  204       -3086.807    -930.582        -988.831      90.902             204              35
  110         558.919   -2906.217          91.845    -930.207             110              38
  255       -1062.040    -245.955       -1824.530     159.842             255              35
  191         409.227    1385.882         174.916     906.088             191              38
   69       -1535.826    -566.294        -290.623    -251.314              69              35
   11        -974.375   -1069.168        -806.000     330.000              11              38
    7         180.834    -179.330        -245.748    1186.120               7              35
  185        2415.385     -92.085         540.724     195.782             185              38
   83        -379.944    1885.790        -287.024     457.170              83              35
   14        -464.935    -604.044         344.129     -44.364              14              38
   93       -1166.922     513.956       -1310.439     829.326              93              35
   89        1388.435    1571.824        1583.782    2058.641              89              38
  225        1689.212   -1798.255        1343.317   -1373.073             225              35
  114        -986.919    -326.457       -1107.417    -115.735             114              38
  149         524.279     960.496         207.838    1182.980             149              35
  157        1053.226     442.077         858.859     319.934             157              38
  161         429.863     216.826         649.797     -25.198             161              35
  108        -397.449    -748.794         252.587    -456.473             108              38
  133        -547.710    -419.556        -224.714     324.338             133              35
  239         607.934   -1103.792         494.399      64.090             239              38
  241         823.385      24.531        -321.822     473.795             241              35
   89        1694.869    1026.849        1386.313     712.128              89              38
  208         685.488    -821.676         596.803    -957.914             208              35
   32        -395.610    -638.457         161.285    -168.983              32              38
  139        1118.224   -1276.745          22.291    -453.220             139              35
   74         338.217     762.252         225.896    -160.401              74              38
   36        -982.717   -1684.261        -712.438    -746.849              36              35
    3         672.297    1315.423        -572.301    1234.959               3              38
  177        1040.693    1172.265        1010.545     322.558             177              35
  204         228.758    -227.508         542.504    -526.104             204              38
    2       -1263.316    -515.143        -717.929    -850.736               2              35
  177       -1555.106     417.279        -612.909    1061.844             177              38
  149         668.989    -764.808         286.446     -56.985             149              35
   50        -888.168    1067.777        -429.889    1183.738              50              38
   17        1877.603   -1083.916        1606.026     231.017              17              35
  223        1253.681    -952.895         100.863    -788.573             223              38
  151         313.686     269.563        -319.530    -622.499             151              35
  151       -2439.854    1237.487       -1265.203     665.783             151              38
  159         216.218       7.646         483.361    1060.052             159              35
  235         210.418     302.686         172.573     592.349             235              38
   72        1461.947    -152.153        1007.151     252.161              72              35
   85        -791.757      43.996         -80.266    -119.372              85              38
    9         855.031   -1556.620         474.274     202.440               9              35
  122         721.072     529.278        -309.124     277.774             122              38
  165        1758.876     302.190        1057.237     531.507             165              35
   83        -216.922     731.422         -90.975    -599.388              83              38
  130        -503.040    -757.317         209.967     676.046             130              35
  163        1954.573     193.087         520.630    -265.959             163              38
  115        -997.615    -118.683        -212.691    -345.390             115              35
   35        -672.239     619.631        -722.429     719.091              35              38
   86         355.030    -234.937         765.891     720.952              86              35
  222         967.418     359.959        -371.026     379.131             222              38
  121         754.002    1673.603        1297.204    1323.878             121              35
  128        1223.671    -964.853         737.798    -655.742             128              38
  110        -102.879     720.936         343.615     572.850             110              35
   68        1231.438    -683.453         833.688      -5.345              68              38
  226         997.623     166.285         893.886     -37.377             226              35
   10         657.937   -1188.538         474.208    -633.153              10              38
   59        1022.894    -345.495         271.210    -391.787              59              35
  203        -228.182     583.796        -490.499    -112.822             203              38
  237          64.539    1025.003         697.120     872.015             237              35
  160        1221.867    -528.145         977.986    -216.637             160              38
  213        1096.696    -468.591        1494.074    -930.798             213              35
  131       -1451.005   -3161.559       -1224.117   -2143.912             131              38
  214         404.079    1985.663        -690.088    1494.160             214              35
  205        -139.268    -388.344        1059.661   -1236.989             205              38
  135       -2474.922   -1128.632       -1803.979    -196.168             135              35
  106         -55.004     600.887         411.376    1043.943             106              38
    7          17.367   -2404.213          38.222    -797.159               7              35
  106         122.604     149.387       -1099.496     457.032             106              38
   73         194.416     807.784         180.428     782.070              73              35
  149         130.686     316.273        -254.977     607.098             149              38
   46         727.378     845.507         992.427     910.488              46              35
   48         679.893   -1659.597         543.520    -325.099              48              38
  116        2292.228    -648.412         667.968     -98.778             116              35
  104         870.258     175.624        -265.029    -671.621             104              38
  127         101.210    1299.896         340.934     159.147             127              35
   50       -1579.202   -1706.620        -654.230   -1045.443              50              38
  130         669.788     199.272        -616.794     815.472             130              35
   45        -296.691     658.013        -291.863    -302.545              45              38
   23        -558.926     277.043        -611.630     833.516              23              35
  170         -78.241     640.073        -366.785       8.725             170              38
  206       -1326.835     615.729        -871.828    1289.676             206              35
   30        1423.916    1067.551          34.228    1149.783              30              38
  107         420.451    2996.942         592.967    1596.267             107              35
  231          18.530    -412.816        1076.443       3.047             231              38
  161         287.685    -329.879        -251.498     342.960             161              35
   44          26.035    1333.516        -164.356     941.194              44              38
  254         368.045    1603.847         740.330    1976.160             254              35
   42        2965.087    -332.592        2180.733     524.410              42              38
  161        2644.374     189.146        1360.822    -565.642             161              35
  112         492.839     115.233         513.361    -732.517             112              38
  171         546.823     814.501         535.592    -370.882             171              35
  124       -2001.757   -1199.659        -257.884   -1234.184             124              38
  116        -416.208    -602.410       -1333.152     147.557             116              35
   38       -1896.959    2685.427        -943.056    1113.076              38              38
  247        -943.443     369.712         190.722    2063.290             247              35
   88        2896.918     984.601        1486.149    1251.526              88              38
  171        1495.503    1248.494        1636.009    -133.568             171              35
  210       -1743.395    -129.945        -199.277     -65.798             210              38
  126        1612.120     510.818        1863.787    1115.622             126              35
  255        -239.683   -2907.910         677.526   -2090.838             255              38
   45         319.294    -200.903        -969.712     652.169              45              35
   32         -55.307    1251.934         611.809     284.851              32              38
  230         255.943    -470.310         324.199     424.796             230              35
  100        -530.073      25.407         129.314    -110.873             100              38
  171         885.598     225.982         132.087    1207.034             171              35
  119         143.974    2115.903        1102.408     732.894             119              38
  251        1466.241   -1311.890        2126.479     445.652             251              35
   66         357.747   -1453.960         968.797   -1953.458              66              38
  168        -608.284   -2879.084          73.692      22.752             168              35
  194        2694.082   -1752.893         671.400   -1579.851             194              38
   36        -743.664    -346.301        -903.538    -507.862              36              35
  148        -920.400     -13.946        -602.583    -580.501             148              38
  247       -1115.297    -237.979        -719.411     615.183             247              35
   45        -963.455     -85.056        -335.742    -358.073              45              38
  180       -1277.906   -1034.709        -916.823     880.521             180              35
  133        -159.988     693.325        -396.001     375.872             133              38
   40       -1037.629    -477.789        -189.095    1510.211              40              35
   40        1705.345    -859.276         347.786      -0.979              40              38
  190         508.146     701.033        -339.806     828.262             190              35
  127       -1294.365     843.028        -588.328     -35.896             127              38
   80       -1352.229     318.458        -906.945    1826.336              80              35
  191       -1149.028    1538.586        -442.437    1294.857             191              38
  224         424.380     557.441         779.057    2747.095             224              35
  109        -694.656      67.452         416.838      36.675             109              38
  115         437.229   -1311.301         417.833    2684.529             115              35
  192         214.563      71.014         258.323    -422.746             192              38
   76        -941.886   -1617.211        -578.850    3350.068              76              35
   86        -244.804    1286.730        -679.939     911.048              86              38
   58         498.155    -392.427         900.020    7109.676              58              35
   33        1582.032     154.995         358.478    -413.443              33              38
  220        -981.711     -95.501           0.369   19447.451             220              35
