SINAL     NFT                         FFT                         NFT INVERSA     FFT INVERSA
-----     -----------------------     -----------------------     -----------     -----------
  145       62019.000       0.000       33257.495       0.000             145             105
   39        -777.309    -410.549        -112.637  -19056.274              39              52
  195        -600.447     136.635         100.454     305.603             195             130
  248        -669.511    -756.837         130.710   -6463.964             248             157
   62        -501.888    -550.910        -487.766     330.523              62              63
  105         171.751    1266.403          63.005   -2568.527             105              85
  216         995.545     684.412        1377.749    1103.749             216             140
  146        1873.563    -189.455        1622.186   -3000.915             146             106
  242         -22.969    -644.755         997.881    -504.048             242             153
   36        1090.257   -2161.654         801.336   -3126.935              36              51
  233         578.759    -375.396          -4.475    -454.640             233             149
  112        1289.741     -85.072         938.782   -2296.200             112              89
  224       -1208.957    -900.981        -263.470   -1412.890             224             144
   70        -734.758    -973.329        -739.367   -1453.443              70              68
  250         571.384    1051.123         255.361     396.719             250             157
   95         416.074    -682.128         864.317   -1606.668              95              80
   71         615.097    -640.160           1.959   -1021.619              71              68
   74        -805.271     723.900        -306.494   -1073.558              74              70
   16         310.612     -10.028         837.296    -361.085              16              40
  241       -1027.157   -1544.582        -191.875   -2322.491             241             153
  142        -108.276    -721.858        -574.763    -392.063             142             103
  135        -789.915     870.305        -728.565   -1517.829             135             100
   35       -2772.536    1054.558        -779.679     769.115              35              50
   39         320.612   -1050.559         534.140    -962.781              39              52
  192       -1405.870    1140.550        -862.122     213.169             192             128
   67        -328.085     230.112        1233.854    -106.737              67              66
   25        -720.651   -1932.085         102.798   -1633.630              25              45
   27       -2463.364   -1024.775        -994.782    -761.455              27              46
   39        -885.299   -1376.677        -525.969      61.288              39              52
  237        -469.428    -225.805        -226.807     246.806             237             151
  143        1208.792   -1648.393         829.472     -95.374             143             104
   11        1318.452    -851.136        -311.727   -1183.462              11              38
  229       -1018.175    1297.932        -607.109     126.864             229             147
   15        -656.444    -266.646        -117.614     374.365              15              40
   85        1593.098     642.905        1009.192     232.823              85              75
  207        -471.101   -1180.189         557.453    -981.274             207             136
   19        1036.496   -1671.821          81.806   -1218.785              19              42
   10       -2148.908     312.201       -1480.702    -112.122              10              38
  209        2516.505    -240.100        1539.433     585.777             209             137
   82        -834.262    -897.324        -789.027   -2292.576              82              74
   31       -1002.848     349.841        -603.979     927.740              31              48
   87        -328.603    -843.045        -555.446   -1174.067              87              76
  124        -542.274    1609.751        -678.819    1760.962             124              94
  102        1040.108    -197.378         981.609    -705.270             102              84
  106        -413.050     775.357        -649.354     693.705             106              85
  172         260.705     597.809         797.246    -247.654             172             119
  183        -108.738     147.485        -214.842     947.195             183             124
   37        2816.576    1298.360        2337.106    -355.840              37              51
  112       -1949.790   -1890.585        -155.177   -2015.622             112              88
   57       -1313.681    -817.649       -1093.008    -365.986              57              61
   16        -874.267     544.941        -213.559     884.510              16              40
  179         861.364    -610.232         954.681      50.483             179             122
  175        1055.257   -1216.099         691.051    -493.395             175             120
   10         538.426    -455.732         -27.248   -1011.575              10              38
   26        -626.964    -297.872         159.428     345.331              26              45
  250        2667.178   -1914.694         869.736   -1538.202             250             158
   65       -1516.567     994.852       -1250.420    -559.323              65              65
  148          96.632    -221.863         320.631     -76.910             148             107
  255       -1228.196    -425.655        -504.268    -668.099             255             160
  250         788.332   -1105.740        -279.459     -61.705             250             158
   63        -270.598    2185.412        -283.187     -38.213              63              64
  238        -685.805   -1234.442         238.648      15.280             238             152
   29        1159.057     928.871         141.487    -843.736              29              47
  155       -3755.931    -950.436       -1227.856    -470.283             155             110
  196        1066.808     345.870         -43.006     957.545             196             130
  153       -1015.439   -1127.388          25.636    -891.472             153             109
  218         891.368     300.142       -1195.840     801.032             218             141
   82         191.109    3275.597         598.003     784.905              82              74
  194        -916.702     617.090         493.990     352.778             194             129
  230        -387.922    -483.014         711.828    -406.123             230             148
  129        -861.114    -180.627           9.605     -70.836             129              97
   19       -1041.240   -1806.771         342.868    -461.478              19              42
  246         800.152    -570.226        -171.856     346.014             246             155
   23         480.677    -839.439        1227.942    -608.207              23              44
   11         160.072   -2131.852        -894.311   -1171.137              11              38
  241        -713.676     985.183        -597.277     553.860             241             153
   94        1224.156     494.508         306.025     431.711              94              79
  241       -1321.934    1005.479         383.508    -434.368             241             153
   33       -1481.461   -1943.116        -676.179     234.850              33              49
  210        1462.163    1143.712         868.267     986.119             210             138
   24         325.183   -1226.131        1273.851    -538.255              24              44
  211         457.889   -2465.797         327.025    -928.002             211             138
  140        1834.566   -1153.040         202.174    -512.530             140             102
  120         -10.651     111.872         -11.241    -994.497             120              93
   93       -1173.556   -1189.373        -535.263    -209.707              93              79
  137         703.849   -1045.705         -77.254    -280.936             137             101
  192         837.570     438.221         -98.863     353.878             192             128
  218         690.949     -71.512         875.777    -668.890             218             142
   69        -976.741   -1155.384        -682.118    -610.653              69              67
   93         334.472    -353.077         367.346     130.531              93              79
  177         689.171   -1712.323         342.587    -627.440             177             121
  255        1738.414   -1908.113         431.915   -1239.012             255             160
    8         -21.564    -786.774       -1334.240   -1564.650               8              36
  113       -2048.601     755.538       -1481.263     364.535             113              89
   28         677.294    -197.677        -237.031     551.288              28              46
   79         530.040     655.448          18.318     -79.739              79              72
  132         350.953    -477.106         -30.314    -346.815             132              98
  174        -678.777    -630.557        -972.094   -1055.330             174             120
   20       -1096.964     883.769       -1767.282    1110.578              20              42
  156        1076.554    1939.658         391.347     850.538             156             111
  183        -906.703    1498.298        -617.218     822.661             183             124
   12         990.881    1179.059        1526.065     764.970              12              39
  254        -755.829   -1444.375        -381.187   -1046.925             254             159
  131         -74.044     901.223         -12.822    1224.103             131              98
   74        1433.616   -1089.492         988.460    -391.639              74              69
  112         550.646    -343.532        -172.911    -403.842             112              89
  169         320.655     368.364        -251.807     489.952             169             117
  153        2593.006     757.899        1581.625     407.812             153             109
  162         890.587    -834.378         393.054   -2014.735             162             113
  198       -1786.581     424.277        -844.488     -90.215             198             132
   46         607.046   -1512.455         234.875    -612.138              46              55
    0         231.006     324.693        -527.891    -245.788              -0              33
  168         492.714    -694.373          81.726    -609.578             168             116
   45         428.862     893.334        -639.468    -233.286              45              55
   94        -382.554     -21.175         335.838    -883.593              94              79
    2       -1246.133   -1432.204       -1797.839   -1297.672               2              34
   52       -1510.431    2033.515       -1639.287     533.072              52              58
   19       -2396.822    1179.845       -1409.480    1045.230              19              42
  231         442.058    1341.685         365.660    1552.426             231             148
  190         555.815    -557.727         -42.502    -256.827             190             128
  164         967.926    2549.692        -213.048    1108.252             164             114
  137        -580.120     679.714         569.928    -329.480             137             101
  179        -104.542     224.596        -799.619     312.676             179             122
   62         410.651    2517.359         369.937     444.891              62              64
   15       -1794.356     893.354        -222.638    -190.636              15              40
   96       -1916.981     -55.221        -576.375     192.576              96              81
   34        -361.324     715.150        -296.589     942.023              34              49
   20          36.651     645.826         489.286     155.756              20              43
   35       -1096.055     598.872        -637.000     188.000              35              50
  218       -1276.063    1418.260          35.842     978.438             218             142
   26        -510.194      10.120         554.300     720.298              26              45
  199         594.026    -986.989        1069.457    -357.659             199             132
    4       -1359.752   -1536.882        -946.015    -823.278               4              34
  230         -45.871     431.450        -501.103    1503.932             230             148
  171        1958.088    1025.107        1218.796     199.448             171             118
  251       -1353.013    -798.930        -192.324    -488.419             251             158
   25         961.405      65.035         -95.829     252.312              25              45
  156       -1540.271     879.894        -205.908      82.235             156             111
  124          13.862   -1258.032          99.669     280.140             124              94
  125        -250.033     -97.156        -667.311    -133.374             125              95
  136         171.974    1069.366        -259.600    1503.114             136             100
  222        1488.726     963.491         870.606     312.884             222             144
  232        -170.396    1551.481         285.269     403.134             232             148
  171       -1549.112    -857.690         467.043    -445.010             171             118
   66        -180.603   -1448.310        -681.136     460.205              66              65
  116        1118.328     594.856         516.185     417.275             116              91
   98        -186.079     -46.175        -464.298     414.501              98              81
    4         835.432    1380.291         387.698    1317.599               4              35
  251        2130.876    1246.404        1622.408    1067.898             251             158
  154        1339.588   -1043.174        1757.247   -1401.600             154             110
  108        -339.377    -978.870        -632.262    -218.983             108              86
   31        2673.341    -534.047        1974.271    -678.932              31              48
  175        -908.131   -2274.478       -1639.781   -2657.646             175             120
  211       -1794.036    1864.772       -1875.157    1065.296             211             138
   57        -421.563    1602.752        -599.009     850.413              57              61
    7       -1124.745    1958.024         -23.423    1382.660               7              36
   69         692.275      72.529         483.482     608.724              69              67
  150        -152.054    1323.928         114.955     617.468             150             108
   33         342.641    1304.486         518.111    1434.616              33              49
  188        1665.766     261.050        2192.853     236.427             188             127
  151        1476.372   -1050.104         661.395    -844.048             151             108
  139         180.089      97.642        1100.895   -1001.140             139             102
  239       -1375.690   -2220.748       -1564.142   -1284.429             239             152
  114        -578.106    2822.439          69.169    1571.283             114              90
   21         418.057   -2602.266         751.279    -712.266              21              43
  121        1680.874     735.519         166.899    -441.603             121              93
  174       -2256.854    -301.427       -1287.438   -1107.527             174             119
   75       -2104.565    1984.471        -947.875    1531.862              75              70
  227       -1128.450   -1365.065        -209.533     339.897             227             146
   48        1379.488    1804.546         268.506    2107.135              48              57
  166        2039.929    -472.605        1719.365    -504.773             166             115
   21        -180.587    1244.069        -230.380     -53.000              21              43
  161       -1684.880   -1325.805          92.315    -632.402             161             113
  187        -378.631     -19.145       -1315.854    1119.012             187             126
  124        1217.006    1435.185         950.987    1092.264             124              94
  147         460.328     768.509          30.225    1051.999             147             106
  253        2923.303    2078.270        2197.156     963.051             253             159
   98        -770.448    -303.289         931.890   -1063.468              98              82
  168         611.644   -1470.119         494.538     105.990             168             116
   69        1472.589     402.022        1131.529    -629.525              69              67
  102        -411.980   -2243.151         111.152   -1259.936             102              83
  226         478.531     253.573        -567.982    -698.447             226             146
   83       -2587.829    -257.135       -1255.157    -284.919              83              74
  238         186.738    1556.712        -710.857    1636.553             238             152
   81        -130.292    1753.728         857.035     356.838              81              73
   30       -2494.001     257.316        -656.384     824.953              30              48
  186        1275.203    -436.476        1539.411    1441.310             186             125
  235        2033.853    -738.565        1111.144    -745.931             235             150
   31       -1312.747    -397.900        -268.954    -112.470              31              48
  189         507.124    -315.151         172.851    1103.667             189             127
   49        2245.984    -113.197        1561.914     475.047              49              57
  211        1461.270    -606.484         603.165    -241.580             211             138
   57        2321.107     674.059        1391.006     623.546              57              61
   69        2219.707    -422.740        1828.961   -1365.780              69              67
  116       -1101.806   -1597.576        -286.032   -1255.582             116              90
   10        1694.555    -938.258         686.648     -63.707              10              38
  182        1273.643   -1581.113         324.647   -1974.123             182             123
  145        -901.780     379.089       -1562.138    -244.495             145             105
  128         250.334     834.144         351.654     242.582             128              96
   72        -304.518    -810.287        -795.308    -554.097              72              69
  216         965.084    2304.250        -251.532    1172.181             216             140
   89         431.620    1606.982        1130.582     -26.990              89              77
  162        -744.312    -905.273        -286.668    -968.073             162             113
  164       -1184.457    1854.522        -764.742     634.214             164             115
  219       -1067.982    -144.846         504.871     321.266             219             142
   15          30.465    -483.135        -463.977     321.839              15              40
  250        1562.233    1503.174         848.885    1039.458             250             157
  194         328.522    1314.073         665.690    -326.547             194             130
   68       -1537.418     -30.803         404.196     275.113              68              66
    2         783.750   -1197.375         373.452    -352.075               2              34
   34        -262.355    1146.858         -37.429     769.021              34              49
   10        1558.143     247.160        1614.761     281.127              10              38
  159         -58.097    -513.460         534.386    -830.619             159             112
   14          89.356    -480.793         551.533     -53.717              14              40
  220         250.745    -932.234         424.573    -529.040             220             142
   67        1182.416    -247.167         872.295       0.684              67              66
  201         431.583   -1463.264         513.323   -1654.115             201             133
  158        -795.069    -280.614        -859.701     -20.252             158             112
  181        1105.150     273.453         553.758    -145.040             181             123
   59        -551.660    1500.740          61.735     290.296              59              62
  115         294.853   -1240.818        1672.440    -830.289             115              90
   52        -696.962   -1753.202        -610.743   -1391.510              52              59
   39        -330.130   -1038.754         424.041    -650.154              39              52
  239       -1483.374   -1885.792       -1556.117   -1390.243             239             152
  161       -1233.132     716.834        -687.971    1373.630             161             113
  128        1884.422    -318.771         801.512     145.546             128              97
  244         -17.960     392.621         898.793    -459.927             244             154
   87        -353.142   -3150.651         121.919   -1498.205              87              76
  160          52.789   -1849.054        -540.425   -1256.085             160             112
  235        -900.284   -1863.848       -1872.570    -902.999             235             150
  175         109.658    1668.978       -1076.951     871.442             175             120
   77        -786.494     302.876        -813.586     261.779              77              71
   60        1103.329    1646.720         -29.530    1102.199              60              62
  189        -314.112     970.284        -288.316    -373.299             189             127
   26        -831.392    2454.343        -284.035    1490.508              26              45
   60         154.532     103.249        1447.525    -641.325              60              63
   12       -3018.333   -2005.255       -1302.625   -1310.778              12              38
  123       -2070.123    -676.597       -1947.279     951.130             123              94
  249         932.489    1468.617         354.002    2053.006             249             157
  108        1238.416   -1046.743         439.891    -587.104             108              87
  131        -656.722    2425.946       -1418.575    1453.593             131              98
  177         551.492    2223.159        1500.120    1654.427             177             121
  218         435.715    -695.559         844.596    -118.220             218             141
   99         850.803    -281.633         764.627      80.971              99              82
  164         480.299   -1223.772          38.696    -972.437             164             114
  109       -1178.862    1843.234       -1656.756     884.383             109              87
    0         -87.529    3037.250        1708.883    2358.348              -0              32
  203         900.541   -3722.081        1550.152   -1779.843             203             134
   97        -451.640    -130.016       -1186.951      88.126              97              81
   47        -140.142    -556.619         163.050     266.404              47              56
   60         448.542     933.629        -599.960    1331.482              60              62
  247        1686.189     571.309        1639.621     807.451             247             156
   73        1513.110      17.184          13.191     235.494              73              69
  217        1862.486    2612.038        1839.471    1068.153             217             141
  156         460.497   -1706.438        1212.769   -1342.454             156             110
   45         216.995    -430.282        -190.894    -337.898              45              55
  102         133.000       0.013         241.000       0.000             102              35
  223         216.946     430.303        -190.901     337.897             223              36
   45         460.127    1706.159        1212.766    1342.455              45              35
   12        1863.459   -2611.745        1839.469   -1068.149              12              36
  191        1512.994     -16.668          13.192    -235.492             191              35
    6        1686.058    -570.812        1639.624    -807.446               6              36
  129         448.423    -933.372        -599.956   -1331.486             129              35
  221        -140.661     556.714         163.048    -266.404             221              36
  156        -451.827     129.997       -1186.951     -88.128             156              35
   22         899.123    3721.920        1550.146    1779.846              22              36
   58         -86.816   -3037.894        1708.888   -2358.345              58              35
   34       -1178.311   -1843.469       -1656.756    -884.388              34              36
   39         479.971    1224.058          38.694     972.438              39              35
  175         850.627     281.742         764.628     -80.969             175              36
  168         435.297     695.293         844.595     118.221             168              35
  228         551.971   -2223.325        1500.124   -1654.423             228              36
  234        -656.073   -2425.940       -1418.573   -1453.596             234              35
  143        1237.875    1047.366         439.887     587.105             143              36
   37         932.378   -1468.159         354.006   -2053.007              37              35
    5       -2070.928     676.209       -1947.280    -951.135               5              36
   62       -3018.972    2004.114       -1302.627    1310.777              62              35
   65         154.780    -103.686        1447.523     641.329              65              36
  148        -830.470   -2454.811        -284.032   -1490.509             148              35
  198        -313.575    -970.272        -288.319     373.299             198              36
  144        1103.890   -1646.080         -29.528   -1102.198             144              35
  120        -786.473    -302.770        -813.586    -261.781             120              36
  251         110.198   -1668.322       -1076.950    -871.444             251              35
   87        -900.879    1864.240       -1872.572     902.995              87              36
   80          52.270    1849.421        -540.427    1256.085              80              35
  217        -354.104    3150.396         121.916    1498.205             217              36
   97         -17.649    -392.921         898.791     459.930              97              35
  160        1884.173     319.330         801.512    -145.543             160              36
  132       -1233.203    -717.091        -687.970   -1373.631             132              35
  246       -1483.958    1885.463       -1556.121    1390.238             246              36
  137        -330.301    1038.588         424.040     650.154             137              35
  174        -697.332    1752.763        -610.747    1391.508             174              36
   11         294.643    1240.410        1672.438     830.293              11              35
   25        -550.923   -1501.265          61.737    -290.297              25              36
  223        1105.389    -273.068         553.759     145.041             223              35
  120        -795.035     280.423        -859.701      20.249             120              36
  150         431.378    1463.318         513.321    1654.116             150              35
  247        1182.436     247.363         872.296      -0.683             247              36
  161         250.414     932.103         424.572     529.041             161              35
  185          89.230     480.515         551.534      53.718             185              36
   37         -58.121     513.066         534.384     830.621              37              35
   26        1558.225    -247.040        1614.763    -281.124              26              36
   35        -262.079   -1147.102         -37.427    -769.022              35              35
  158         783.209    1197.449         373.452     352.076             158              36
   65       -1537.431      29.821         404.197    -275.113              65              35
  246         329.213   -1314.324         665.689     326.548             246              36
    4        1562.702   -1502.684         848.887   -1039.456               4              35
   75          30.030     483.132        -463.977    -321.841              75              36
    6       -1068.171     144.209         504.871    -321.265               6              35
   77       -1183.722   -1855.017        -764.741    -634.216              77              36
   36        -744.289     904.910        -286.669     968.073              36              35
  220         432.505   -1607.084        1130.582      26.992             220              36
  228         965.992   -2303.702        -251.531   -1172.181             228              35
  244        -304.695     810.456        -795.309     554.094             244              36
  162         250.763    -833.915         351.654    -242.581             162              35
   82        -901.320    -379.013       -1562.138     244.490              82              36
  183        1273.535    1581.808         324.643    1974.124             183              35
  242        1694.322     938.869         686.650      63.708             242              36
    7       -1102.083    1597.061        -286.036    1255.581               7              35
   48        2219.982     423.162        1828.958    1365.785              48              36
  212        2321.365    -673.433        1391.006    -623.545             212              35
    5        1460.940     606.904         603.163     241.579               5              36
   64        2245.609     113.818        1561.915    -475.044              64              35
  108         506.492     315.207         172.853   -1103.668             108              36
   39       -1313.033     397.323        -268.955     112.470              39              35
  135        2033.497     739.011        1111.142     745.933             135              36
  166        1274.438     436.521        1539.414   -1441.307             166              35
   77       -2494.304    -258.613        -656.383    -824.956              77              36
  240        -129.722   -1754.047         857.036    -356.835             240              35
   81         187.036   -1556.541        -710.852   -1636.557              81              36
   32       -2587.862     256.452       -1255.160     284.917              32              35
  169         478.918    -253.225        -567.982     698.446             169              36
  108        -412.468    2242.954         111.150    1259.935             108              35
   35        1472.906    -401.759        1131.528     629.527              35              36
   75         611.098    1470.049         494.538    -105.990              75              35
  169        -770.352     302.441         931.886    1063.469             169              36
  205        2924.055   -2077.675        2197.157    -963.048             205              35
  108         460.309    -768.462          30.227   -1052.001             108              36
  142        1217.141   -1434.731         950.988   -1092.262             142              35
  127        -379.073      19.193       -1315.852   -1119.016             127              36
   43       -1685.415    1325.098          92.314     632.402              43              35
   32        -179.931   -1244.322        -230.381      52.998              32              36
   99        2039.771     473.140        1719.362     504.777              99              35
  106        1379.594   -1804.107         268.511   -2107.135             106              36
  100       -1129.465    1364.618        -209.533    -339.895             100              35
  220       -2104.096   -1985.260        -947.869   -1531.864             220              36
   72       -2256.611     300.794       -1287.442    1107.524              72              35
   20        1681.428    -734.785         166.899     441.604              20              36
  154         417.080    2602.242         751.277     712.267             154              35
  142        -577.262   -2822.713          69.174   -1571.283             142              36
  205       -1376.248    2220.381       -1564.146    1284.423             205              35
   31         180.521     -97.807        1100.893    1001.144              31              36
    8        1476.255    1050.293         661.394     844.049               8              35
  127        1665.749    -260.975        2192.853    -236.422             127              36
   33         342.820   -1304.722         518.114   -1434.615              33              35
  251        -151.770   -1324.094         114.956    -617.468             251              36
  191         692.066     -72.463         483.482    -608.723             191              35
  200       -1124.300   -1958.534         -23.419   -1382.660             200              36
  190        -421.103   -1602.735        -599.008    -850.414             190              35
   39       -1793.278   -1864.832       -1875.153   -1065.300              39              36
   96        -908.338    2274.582       -1639.786    2657.643              96              35
  195        2673.452     534.949        1974.270     678.939             195              36
  193        -339.631     978.680        -632.263     218.980             193              35
  231        1339.443    1043.271        1757.243    1401.604             231              36
  163        2131.184   -1246.038        1622.409   -1067.895             163              35
   98         835.548   -1380.007         387.701   -1317.596              98              36
  200        -186.324      46.205        -464.297    -414.503             200              35
  100        1118.261    -594.345         516.185    -417.274             100              36
   38        -181.497    1448.272        -681.135    -460.206              38              35
  101       -1549.530     856.795         467.040     445.011             101              36
  148        -169.726   -1551.850         285.269    -403.134             148              35
   84        1488.990    -963.028         870.606    -312.881              84              36
    6         172.046   -1069.172        -259.598   -1503.113               6              35
  128        -250.295      97.292        -667.310     133.373             128              36
  112          13.196    1257.981          99.671    -280.140             112              35
  133       -1540.022    -880.533        -205.908     -82.235             133              36
  100         961.399     -64.662         -95.828    -252.312             100              35
   10       -1353.260     798.361        -192.324     488.418              10              36
  232        1958.380   -1024.562        1218.797    -199.446             232              35
   41         -46.128    -431.306        -501.099   -1503.934              41              36
  177       -1360.436    1536.449        -946.018     823.276             177              35
  126         593.561     986.856        1069.457     357.663             126              36
  216        -510.495     -10.767         554.301    -720.298             216              35
  153       -1275.765   -1419.005          35.847    -978.435             153              36
  104       -1095.833    -599.385        -637.000    -188.000             104              35
   17          36.858    -645.959         489.282    -155.758              17              36
   59        -361.276    -715.370        -296.588    -942.024              59              35
  121       -1917.070      54.389        -576.377    -192.578             121              36
  238       -1793.751    -894.278        -222.640     190.637             238              35
   91         411.817   -2517.256         369.937    -444.889              91              36
   40        -104.334    -224.524        -799.618    -312.677              40              35
  139        -579.673    -680.009         569.926     329.482             139              36
  216         968.935   -2549.206        -213.045   -1108.252             216              35
   30         555.537     558.113         -42.504     256.826              30              36
  198         442.178   -1341.510         365.663   -1552.424             198              35
  106       -2396.613   -1180.471       -1409.477   -1045.233             106              36
   18       -1509.551   -2033.526       -1639.286    -533.076              18              35
  135       -1246.238    1432.234       -1797.843    1297.667             135              36
   95        -382.092      21.152         335.835     883.594              95              35
   51         429.552    -892.937        -639.469     233.284              51              36
  244         492.733     694.809          81.725     609.579             244              35
   32         231.304    -324.368        -527.891     245.785              32              36
  134         606.604    1512.774         234.872     612.139             134              35
  225       -1786.135    -424.866        -844.487      90.213             225              36
  114         890.895     834.667         393.050    2014.735             114              35
  162        2593.427    -757.063        1581.626    -407.809             162              36
   90         320.706    -368.098        -251.807    -489.952              90              35
  201         550.576     343.892        -172.912     403.841             201              36
   12        1433.136    1089.922         988.457     391.642              12              35
  191         -73.976    -901.275         -12.817   -1224.102             191              36
  245        -756.315    1443.992        -381.190    1046.924             245              35
  194         991.245   -1179.028        1526.068    -764.965             194              36
  187        -906.225   -1498.655        -617.216    -822.663             187              35
  188        1077.151   -1939.052         391.350    -850.535             188              36
   15       -1096.770    -883.634       -1767.279   -1110.583              15              35
  170        -678.817     630.753        -972.097    1055.329             170              36
  142         350.991     477.414         -30.315     346.815             142              35
  115         530.331    -655.043          18.317      79.739             115              36
  193         677.087     198.201        -237.030    -551.288             193              35
   61       -2048.276    -755.801       -1481.261    -364.539              61              36
  137         -21.381     787.328       -1334.244    1564.647             137              35
   83        1737.989    1909.039         431.912    1239.015              83              36
  120         688.538    1712.585         342.586     627.443             120              35
    6         334.235     353.181         367.348    -130.529               6              36
  229        -977.059    1155.034        -682.119     610.652             229              35
  103         691.119      71.672         875.776     668.892             103              36
   48         837.742    -437.787         -98.863    -353.878              48              35
  190         703.347    1046.161         -77.254     280.937             190              36
  242       -1173.963    1189.005        -535.264     209.706             242              35
   35         -10.329    -111.787         -11.243     994.497              35              36
  141        1834.264    1153.872         202.173     512.531             141              35
   74         456.920    2465.871         327.024     928.003              74              36
  118         324.686    1225.814        1273.851     538.256             118              35
   15        1462.230   -1143.404         868.269    -986.118              15              36
  182       -1482.437    1942.428        -676.180    -234.851             182              35
  223       -1321.473   -1006.234         383.507     434.369             223              36
   82        1224.382    -494.133         306.025    -431.711              82              35
   19        -713.403    -985.165        -597.276    -553.861              19              36
   13         159.427    2132.091        -894.314    1171.135              13              35
  198         480.382     839.475        1227.941     608.211             198              36
   30         799.732     570.410        -171.856    -346.014              30              35
  120       -1042.082    1806.163         342.868     461.480             120              36
  128        -861.194     179.920           9.606      70.834             128              35
  251        -388.052     482.434         711.826     406.126             251              36
  203        -916.366    -617.940         493.991    -352.777             203              35
  167         192.395   -3275.599         598.005    -784.902             167              36
   24         891.415    -299.471       -1195.837    -801.036              24              35
   69       -1015.873    1127.162          25.634     891.475              69              36
  152        1066.715    -345.505         -43.006    -957.546             152              35
  109       -3756.165     949.120       -1227.859     470.276             109              36
  222        1159.732    -928.513         141.485     843.736             222              35
   18        -686.100    1234.110         238.647     -15.281              18              36
   84        -269.623   -2185.463        -283.188      38.212              84              35
   80         788.042    1106.250        -279.459      61.705              80              36
   31       -1228.243     425.249        -504.269     668.097              31              35
  148          96.767     221.854         320.631      76.912             148              36
  130       -1515.794    -995.169       -1250.421     559.321             130              35
  180        2666.822    1915.740         869.732    1538.204             180              36
  159        -627.039     297.589         159.428    -345.332             159              35
   98         538.473     455.926         -27.251    1011.575              98              36
   23        1054.894    1216.367         691.051     493.396              23              35
  176         860.958     610.278         954.681     -50.480             176              36
   72        -874.298    -545.337        -213.556    -884.512              72              35
  250       -1313.919     817.215       -1093.009     365.983             250              36
  139       -1949.908    1889.571        -155.180    2015.621             139              35
  227        2817.360   -1297.815        2337.105     355.846             227              36
   36        -108.742    -147.687        -214.840    -947.196              36              35
  130         260.930    -597.872         797.245     247.655             130              36
   27        -412.689    -775.508        -649.353    -693.706              27              35
  115        1040.060     197.683         981.605     705.273             115              36
   81        -541.816   -1609.818        -678.814   -1760.963              81              35
   63        -328.872     843.135        -555.450    1174.066              63              36
   71       -1002.598    -350.053        -603.978    -927.741              71              35
   59        -834.144     897.156        -789.034    2292.574              59              36
  230        2516.511     240.939        1539.435    -585.774             230              35
  100       -2148.764    -312.765       -1480.702     112.118             100              36
   91        1036.200    1672.263          81.803    1218.785              91              35
  109        -471.306    1179.792         557.450     981.278             109              36
  214        1593.372    -642.564        1009.194    -232.819             214              35
  104        -656.624     266.339        -117.612    -374.363             104              36
  103       -1017.501   -1298.155        -607.109    -126.864             103              35
  151        1318.397     851.879        -311.732    1183.457             151              36
   76        1208.078    1648.830         829.471      95.377              76              35
  192        -469.793     225.617        -226.807    -246.807             192              36
   73        -885.980    1376.360        -525.969     -61.289              73              35
  196       -2463.625    1023.814        -994.784     761.453             196              36
  155        -720.966    1931.462         102.794    1633.632             155              35
    1        -327.796    -230.741        1233.854     106.742               1              36
  103       -1405.209   -1141.211        -862.120    -213.171             103              35
   54         320.447    1050.475         534.137     962.780              54              36
   28       -2771.874   -1055.727        -779.676    -769.116              28              35
   58        -788.966    -870.482        -728.568    1517.826              58              36
    1        -107.964     721.976        -574.765     392.062               1              35
   39       -1027.073    1544.099        -191.881    2322.492              39              36
  243         311.226       9.833         837.296     361.087             243              35
   72        -804.379    -724.254        -306.496    1073.560              72              36
  121         615.584     640.358           1.958    1021.618             121              35
   63         416.424     682.073         864.313    1606.665              63              36
  161         572.205   -1050.976         255.361    -396.719             161              35
  165        -734.571     973.160        -739.371    1453.439             165              36
   56       -1208.372     900.448        -263.474    1412.889              56              35
  242        1290.668      85.376         938.777    2296.202             242              36
  255         579.449     375.598          -4.474     454.640             255              35
   72        1090.319    2161.814         801.328    3126.937              72              36
   54         -22.272     644.269         997.880     504.050              54              35
   34        1874.444     189.595        1622.178    3000.913              34              36
  193         996.578    -684.483        1377.751   -1103.746             193              35
  163         173.135   -1266.454          62.998    2568.526             163              36
   92        -500.711     550.737        -487.766    -330.525              92              35
   10        -667.732     756.402         130.692    6463.958              10              36
   37        -597.187    -137.086         100.455    -305.603              37              35
   66        -770.832     410.043        -112.686   19056.263              66              36
