SINAL     NFT                         FFT                         NFT INVERSA     FFT INVERSA
-----     -----------------------     -----------------------     -----------     -----------
  194       65975.000       0.000       33899.495       0.000             194             132
  224         350.589     780.928         -38.629  -19547.300             224             143
  175          16.136     354.366        -227.018     561.797             175             122
  243        1916.590    1114.592         820.884   -6013.407             243             153
  209        -316.629     772.723         147.060    -464.441             209             139
  235       -1421.011      13.941        -523.437   -3230.914             235             149
   68        1929.048     527.952         715.638    1187.130              68              69
  103        1054.605    1537.776         824.061   -2480.424             103              83
  143         441.161     490.442         876.149     944.900             143             106
   71        2168.469     263.568        1661.587   -2233.357              71              67
  163         448.251     -11.879         818.966     177.691             163             116
   88        2359.017    -486.239        2150.953   -2200.843              88              75
  219         473.568   -2473.568         419.169   -1476.475             219             144
  128        2341.609     -45.506         595.442   -1863.628             128              95
   40        -270.384    -112.391         124.183   -1022.153              40              55
  158         156.367     -82.413         204.623   -1164.028             158             110
   55         898.112   -1490.567         805.293    -785.945              55              62
   42        1189.847    -676.086        -320.732   -1963.339              42              52
  192        -556.709     856.328        -339.278     356.465             192             131
  156        2394.091     -76.751        1014.589    -875.916             156             109
    2         241.524    1036.317          35.520    -815.139               2              36
  201        -628.637     640.584         427.823    -518.939             201             132
  181          29.561   -2145.177         425.142   -1327.273             181             125
   32         -83.334     -47.646       -1340.370    -242.127              32              47
   45        2111.919    2177.971        1492.137    1069.448              45              57
   57         -20.627    -880.372         530.863   -1643.022              57              60
   93        1139.020    -133.653         411.537     557.001              93              81
   52        2128.921     -49.694        1243.601   -1200.434              52              57
   48        1547.118    -730.606         563.051    -469.567              48              59
   36        2456.726     931.622         748.361   -1776.167              36              49
  108       -2186.569     462.202        -812.675    -617.973             108              89
    9        1600.769    1102.797         438.544     126.544               9              36
  112        -158.340    1456.793        1069.157    -553.283             112              91
  204        -356.459   -1334.984         282.389   -1354.356             204             133
   72        -310.517     170.804         134.737    -305.086              72              71
  145        1027.971    -963.977         850.500    -875.373             145             104
  213         913.130    -703.806         606.018   -1696.050             213             141
  143       -2020.946   -1107.029       -1594.810   -1917.158             143             103
   16       -1625.107    1979.442       -1035.258    1394.190              16              43
   11         517.103    -603.045        1274.319    -440.831              11              37
  171           5.278    -963.983        -456.152    -479.269             171             120
  178         949.392     459.402         585.889    -435.169             178             120
   75       -1517.232    -543.611       -1023.535    -482.396              75              72
  185        1373.930    1650.845         644.340    1372.152             185             124
  160         821.551    -554.049        1311.661    -958.009             160             115
  213        1120.394    -287.103          74.248     -47.367             213             138
  110        1475.358     837.031        1529.463    -908.947             110              90
   15       -1373.287   -1741.542        -717.258   -1243.923              15              39
  242        1476.878    1241.054         628.831     599.673             242             156
  228         689.537    -955.150        1223.070   -1279.371             228             145
   62         866.145   -1396.797          42.117   -1518.702              62              66
   44        -599.443     341.246        -789.179    -835.510              44              53
  237        -198.675    1080.196         140.071      79.990             237             153
  201        -643.964    -390.690         280.882    -835.131             201             132
   49        -372.391    -712.602          93.760    -651.199              49              59
  169        -920.767   -1220.933        -399.090    -802.859             169             116
   38         808.917    -614.468         300.467      63.949              38              54
  222        1033.794   -1870.853         153.244   -1776.613             222             142
  155        -627.128     868.322       -1884.278     -11.813             155             112
  181         448.201    2971.139         694.421    1367.325             181             122
  253         456.398    -455.379        1439.225    -919.596             253             161
  130        -527.024   -2231.390         -70.512   -1379.084             130              96
  139        1220.881    -546.561        -242.603    -541.000             139             104
   78         157.588     263.278         310.175    -987.439              78              70
   20        -846.090   -1577.662        -944.329   -1528.742              20              45
  125       -1188.811     833.018       -1240.145      73.292             125              94
  221        -395.041    -324.109        -325.259    -312.432             221             145
  196        -981.852     203.206       -1251.187     -19.928             196             129
    9         -17.215    1103.464        -656.141     903.934               9              39
  102         703.411    2207.334         342.474    1389.621             102              82
   15        2581.294     227.169        1981.364    -291.323              15              42
  128          14.960    -410.470        -243.554   -1958.497             128              95
   56       -1991.178     796.414       -1402.677    -182.167              56              63
  125       -1146.179    1283.879        -516.278     902.730             125              94
  177         954.928     517.091         485.715     456.282             177             123
  173         619.056    1754.994         380.823     192.128             173             118
  125        -181.565     874.638         650.763    -409.921             125              97
  240       -1711.175     408.207         -44.581    -119.768             240             151
   60         465.698   -1679.404         830.620    -735.300              60              65
   36        -963.262    -340.382       -1021.607    -903.924              36              49
  191        -587.137     145.586        -216.070     311.945             191             130
  147        -685.417     209.876        -545.214      12.044             147             105
   98        1057.545     135.868         430.002     536.390              98              84
  169         122.387    1298.593         -57.451    -527.963             169             116
   49       -1534.982    -212.022        -337.885     272.080              49              59
   83         885.127    1018.766          -5.769     705.576              83              73
   11        1302.401     512.192        1197.803     144.616              11              40
  134         614.730    1527.135          85.743    -516.936             134              98
  226       -1261.622      51.365         935.787    -398.192             226             148
   75        -363.252   -1158.036       -1017.419   -1281.866              75              69
   84       -1902.937    2203.857        -140.223    1060.804              84              77
   55          43.542   -1737.672         197.798    -926.694              55              59
  173       -1838.572    1723.676       -1120.890     759.538             173             121
   99         231.119     528.619        1043.243    1195.702              99              81
  252        1317.266   -1000.979        1320.574    -841.816             252             161
  141         -61.177    -232.077        -568.729    -663.913             141             102
    9        -955.595    1643.326         459.892     116.083               9              39
  219       -2143.728   -1993.715        -507.639    -510.710             219             141
   77        1412.702     136.598         573.353     615.412              77              73
   17        -960.356    -370.857        -225.946    -930.702              17              40
   65        -310.119     321.616         231.278    1289.025              65              67
  189        1770.785   -1481.874        1559.634   -1398.053             189             126
  251       -1737.552   -1998.373       -1298.369   -1055.885             251             160
  152        1080.495     471.882        -494.058     633.950             152             107
  127        -249.505    1063.876         403.410     123.051             127              98
  189         121.222   -1364.297        -258.056    -359.493             189             126
  141         716.996    1277.813         -16.008     547.666             141             105
   72         776.860     126.138         498.999    -371.881              72              67
    0       -1068.671     603.802        -544.311    -304.246              -0              35
  169        -204.140     192.242        -223.385     645.372             169             116
  138         788.162    1104.397         562.278      23.177             138             104
   38       -1016.252       5.974        -410.461    -139.276              38              50
   62        -142.995     822.806          11.084     423.492              62              66
  237        -401.096     720.798        -442.870     603.651             237             150
   42         383.791    2626.374         989.452    1299.159              42              56
    1        -245.552    -800.295         861.298       7.191               1              32
  232        1972.226    1525.816        1446.900     703.467             232             151
  167        -177.456   -1450.990        1937.921   -1506.807             167             115
  113        -142.713   -3310.587        -505.892   -1874.944             113              91
  166        -693.488    1024.790        -716.191     269.128             166             114
    7        -237.831   -1530.002         818.349    -879.777               7              38
   98       -1443.554   -1583.089       -2129.837    -479.741              98              80
   37        1898.358    2846.838         825.043    2168.732              37              53
   49         380.246     -45.296         953.905   -1409.572              49              56
   84       -2930.361     -56.212       -1098.769     193.252              84              77
  235         -10.347    -191.865          85.748    1499.740             235             149
  184        3128.195     227.303        2533.580     705.110             184             127
  119        1857.583   -2650.590         889.145   -2011.757             119              91
  155        1340.825     564.134         393.000    -508.000             155             112
  204        -999.818   -1518.532        -508.168   -1963.081             204             133
  145       -1226.396     696.549       -1044.159     875.384             145             107
  198        1958.179   -1126.037         889.969    -566.122             198             130
  182          37.178    1411.282        -775.251    -739.380             182             126
  112       -2722.112     395.623       -1014.245      27.758             112              87
   64        -378.213     833.465        -514.932    1050.397              64              67
   86        -294.309     850.048        -109.718    1000.236              86              74
   58        2408.042    2241.268        1484.317    1423.787              58              64
  214        -230.182     175.240         941.732   -1019.417             214             138
  154        -564.651     912.752         187.876     816.316             154             112
  106         -87.159    -432.254        1193.536    -165.434             106              84
   55        1671.709    -292.721        1531.572     492.533              55              62
   88        1303.807   -2240.614        1847.882   -2413.325              88              75
  158       -1159.090   -2318.558        -891.011   -1230.076             158             114
  114         683.720   -1511.118         -49.534    -997.487             114              88
  176        -452.924     215.690        -991.574     -19.165             176             123
  208         549.429     120.562         316.151     294.589             208             135
  240        2192.002     850.231        1054.215     189.309             240             155
  240         309.666   -1161.233         864.242   -2238.650             240             151
  178       -1075.953    -368.854       -1345.372    -492.430             178             124
   19         -69.032     444.364         356.822   -1067.531              19              41
   85       -3341.803    -164.454       -1963.444    -330.278              85              77
   25        -397.294     132.948         414.882     472.991              25              44
   15       -1371.193   -1397.057       -1113.155    -676.362              15              42
  188         191.738    1015.321        -205.119    1072.901             188             125
  250         117.927     239.795         296.725    -284.788             250             160
  116       -1171.378     -74.386        -487.853    -108.657             116              89
   56        -505.041     289.723        -274.487     565.440              56              63
  195         128.396     231.509         361.969      51.398             195             129
  165       -1294.323     148.993        -367.784     290.305             165             117
  114         704.885    -620.346         939.927     432.985             114              88
  126         412.951   -1347.090         309.342   -1114.801             126              98
   27       -1015.437   -1599.748       -1063.079    -539.457              27              45
  240          -5.746    1322.551       -1068.900    1162.569             240             155
  246        1006.563    1028.061        1218.976    1190.372             246             154
  164        1482.236    -682.849         462.380   -1031.008             164             117
   63       -1923.655     850.171        -913.833     507.931              63              63
  137        1349.789     176.825         501.386     974.611             137             103
  151         571.689    1574.064         690.712     769.382             151             107
  178        2147.907    -517.370        1907.393      56.906             178             124
  121         561.020   -1017.434         415.734   -1430.609             121              92
   84         915.330    -140.786          95.405     120.365              84              77
  250         465.098    1086.147         669.120    -716.169             250             156
  126       -1190.514   -1293.274          87.357    -201.611             126              98
  142        2096.317    -834.196         877.454    -725.759             142             102
   68        -527.356   -1243.918         -90.898   -1393.197              68              69
  169         151.546   -1294.543       -1101.656    -776.117             169             116
  160         186.882    2484.470        -517.497     721.656             160             115
   97        -504.549      71.606         591.166    -451.548              97              80
    3        -450.761    -309.671        -911.814    -246.780               3              36
  222         116.064    1978.279         628.774     800.500             222             142
  144         515.059   -2031.020         844.664   -1462.698             144             107
   66        -926.051     434.868       -1262.204   -1004.608              66              64
   39       -2851.418    -409.762        -642.732    -193.995              39              54
  243        -802.174   -1507.947       -1727.736    -178.788             243             153
    2        -760.099    2864.131        -733.495    1766.383               2              36
  130        -195.015      53.976         278.587     741.010             130              96
  136        1185.292     968.566         558.738     938.662             136             103
  232         972.477    -129.507         561.114    -469.214             232             147
  246        -614.631    1524.018        -457.106     470.176             246             158
  236        -159.425     210.304         515.518     468.214             236             149
   41         953.968     562.986         395.616     264.167              41              55
  215         186.023     508.475         532.689    -119.229             215             139
  238        -190.023     412.244         116.331    -210.741             238             154
  154       -1426.407       9.575        -318.790     135.859             154             108
    3        1173.184     197.589         702.840     767.029               3              36
    4         789.197     -31.010         502.803    -811.041               4              33
  219        -660.015    1230.453        -266.988     193.924             219             144
  177       -1812.125     169.098         -96.747    -158.686             177             120
  205        -529.848     -40.269          64.941    1208.303             205             137
   47        1653.035    -851.527        1287.894    -469.748              47              55
  172        -459.204     275.123        -492.802      34.537             172             121
   13         271.231    -381.939         859.246     274.183              13              38
   44        1782.080    -699.383          50.838    -253.693              44              57
  183         190.036    2410.201         225.830     327.315             183             123
   33         -72.371     518.959         700.842     524.855              33              51
    0         691.092     635.878        1122.553    -377.514              -0              31
    6        -425.250    -572.067         694.390    -244.262               6              38
   98         450.403    -922.191         943.986   -1417.458              98              80
   51       -2565.321   -1863.183        -962.207    -833.931              51              60
  206         414.801    -993.976         -53.001     -91.831             206             134
  144       -1124.462    -643.051        -715.752      45.407             144             107
  244        1603.757     -57.114         477.404     739.374             244             153
   23         989.661     -48.425         555.929    -215.144              23              46
  222        1646.577    -166.696         288.720    -358.520             222             142
  190        -391.134    1999.695        -323.043     174.114             190             130
  100         448.665     962.782        1117.330     707.588             100              81
   99         777.585     -80.910        1171.568    -915.063              99              84
   85        -612.357    -886.043         528.445    -914.227              85              74
   55        -481.667   -1970.956         -20.736   -1578.156              55              62
  168       -1411.950    -691.577       -1289.505    -438.198             168             115
   67        -474.964     415.870        -190.838     437.140              67              68
   14          14.938    -319.858          16.226     257.781              14              38
  137        1762.825      99.947         928.768     -32.504             137             103
  153         275.888     455.848         -62.222    -896.178             153             108
  157       -1015.482    1349.929         449.610      63.833             157             113
  146       -1199.857   -1964.528         242.694   -1547.692             146             104
  178       -2145.256   -1011.644       -1041.599    -547.183             178             124
  101        -895.073   -1548.771        -554.061      60.678             101              82
  136        1159.152    -264.416         244.986     -96.365             136             103
   82        -984.769    -550.216       -1012.296    -904.204              82              72
  135       -1136.271    1938.457        -402.577    1110.279             135             102
  136       -1648.286   -1924.610         -24.056    -727.659             136              99
  106          34.640     -15.703        -623.953    1173.182             106              88
  172        1042.300   -1112.448         888.824    -579.427             172             117
  217         229.593     358.665        -898.108     397.942             217             143
  178         475.742     477.346         973.647    -193.125             178             120
  140        -976.161    -851.775       -1115.563    -402.193             140             105
  167        -300.921    1596.138         124.754     976.398             167             115
  157        -229.746   -1036.199         593.988     -47.072             157             113
   50         486.910   -1309.384        -146.099    -395.948              50              56
  188         930.082     691.895         330.136     592.085             188             129
    5         135.845   -1631.753         311.382   -1446.444               5              34
  140        -875.122     244.444       -1480.694     870.993             140             105
  111        2197.702     -54.652        1388.466      73.543             111              87
  226         173.235     279.497       -1081.179    -361.963             226             148
   70         304.944    1906.690         853.818     820.376              70              66
   11         756.908   -1568.635         237.247    -826.511              11              40
  198         641.873     942.403        -182.965    -623.240             198             130
  121       -1941.348     410.386       -1319.348     200.540             121              95
  100        1633.339    2032.015         662.692    1021.724             100              81
  143       -1249.473    1008.080         -63.070    -628.026             143             106
  207       -1178.265     698.937        -203.692     779.366             207             135
   41         391.350     341.041         758.338      70.491              41              55
   47        -461.116     -72.589         132.676    -338.424              47              55
   48          64.404     204.545         399.343      39.645              48              59
  254        -410.173    -501.471         200.959   -1346.193             254             158
   60       -3473.000      -0.631       -1821.000       0.000              60              38
   33        -409.962     501.141         200.949    1346.195              33              34
   40          64.662    -204.769         399.345     -39.644              40              38
  139        -461.003      72.180         132.673     338.423             139              34
  139         391.496    -341.212         758.337     -70.489             139              38
    7       -1178.009    -699.610        -203.690    -779.366               7              34
   40       -1248.791   -1008.728         -63.072     628.025              40              38
  182        1634.172   -2031.447         662.695   -1021.721             182              34
  232       -1941.063    -410.856       -1319.347    -200.543             232              38
  239         642.580    -941.944        -182.968     623.240             239              34
  133         756.563    1568.897         237.245     826.511             133              38
  171         305.692   -1906.630         853.820    -820.374             171              34
   28         173.525    -279.184       -1081.180     361.961              28              38
  209        2197.612      55.591        1388.466     -73.539             209              34
   87        -875.215    -244.472       -1480.693    -870.997              87              38
  182         135.376    1631.887         311.377    1446.447             182              34
  184         930.284    -691.540         330.137    -592.085             184              38
   10         486.277    1309.634        -146.101     395.949              10              34
  195        -230.292    1035.875         593.990      47.073             195              38
  195        -300.528   -1596.316         124.755    -976.398             195              34
   92        -976.418     851.512       -1115.564     402.191              92              38
  206         475.988    -477.211         973.646     193.128             206              34
  213         229.700    -358.416        -898.107    -397.944             213              38
  111        1041.741    1112.901         888.822     579.431             111              34
   73          34.226      15.761        -623.950   -1173.183              73              38
  114       -1649.191    1923.873         -24.059     727.659             114              34
  247       -1135.619   -1938.947        -402.575   -1110.280             247              38
  189        -984.780     550.091       -1012.299     904.202             189              34
  164        1159.036     264.968         244.987      96.365             164              38
    9        -895.868    1548.535        -554.061     -60.679               9              34
   54       -2145.591    1010.816       -1041.601     547.181              54              38
  221       -1200.238    1963.714         242.690    1547.693             221              34
  120       -1014.610   -1350.679         449.610     -63.833             120              38
   63         276.512    -455.828         -62.225     896.178              63              34
   24        1762.992     -99.361         928.769      32.506              24              38
   67          14.695     319.825          16.227    -257.782              67              34
    6        -474.920    -415.989        -190.838    -437.141               6              38
   78       -1412.081     691.245       -1289.505     438.195              78              34
  236        -482.053    1970.671         -20.739    1578.155             236              38
   12        -612.287     885.419         528.443     914.228              12              34
  236         777.889      80.686        1171.567     915.065             236              38
  151         449.151    -963.029        1117.331    -707.586             151              34
  178        -390.181   -1999.844        -323.043    -174.115             178              38
  234        1646.760     167.417         288.719     358.521             234              34
  173         989.646      48.828         555.929     215.145             173              38
   37        1603.473      57.756         477.407    -739.373              37              34
  142       -1124.933     642.785        -715.752     -45.410             142              38
   17         414.277     994.158         -53.002      91.831              17              34
   88       -2565.895    1862.140        -962.208     833.929              88              38
  137         450.390     921.926         943.981    1417.461             137              34
   47        -425.227     571.411         694.390     244.264              47              38
   39         691.493    -636.124        1122.552     377.517              39              34
  189         -72.065    -519.381         700.843    -524.854             189              38
  166         191.084   -2410.183         225.831    -327.315             166              34
   47        1781.889     700.114          50.837     253.692              47              38
  153         270.928     381.912         859.246    -274.180             153              34
  104        -459.107    -275.375        -492.801     -34.539             104              38
  197        1652.614     851.918        1287.892     469.751             197              34
  123        -530.219      39.786          64.944   -1208.303             123              38
   74       -1812.102    -170.029         -96.748     158.685              74              34
   89        -659.318   -1230.845        -266.988    -193.924              89              38
  215         789.408      31.205         502.801     811.042             215              34
   88        1173.127    -197.334         702.841    -767.028              88              38
  247       -1426.480     -10.232        -318.789    -135.859             247              34
   78        -189.701    -412.511         116.330     210.742              78              38
   78         186.369    -508.580         532.687     119.230              78              34
  232         954.173    -562.794         395.617    -264.166             232              38
  164        -159.438    -210.531         515.518    -468.212             164              34
    7        -614.017   -1524.277        -457.105    -470.176               7              38
  154         972.545     129.830         561.113     469.215             154              34
   34        1185.422    -968.215         558.739    -938.662              34              38
   88        -195.334     -54.128         278.587    -741.008              88              34
  176        -759.397   -2864.141        -733.491   -1766.384             176              38
  207        -802.914    1508.058       -1727.738     178.783             207              34
  165       -2851.469     408.810        -642.733     193.994             165              38
  212        -925.438    -435.080       -1262.206    1004.605             212              34
  154         514.722    2031.031         844.661    1462.700             154              38
  193         116.871   -1978.423         628.777    -800.499             193              34
  198        -450.718     309.587        -911.814     246.778             198              38
  152        -504.265     -71.901         591.164     451.551             152              34
   91         187.994   -2484.165        -517.496    -721.657              91              38
  165         151.325    1295.041       -1101.658     776.114             165              34
   36        -527.420    1243.841         -90.901    1393.196              36              38
  245        2096.189     834.849         877.452     725.761             245              34
  194       -1190.862    1292.615          87.357     201.611             194              38
   36         465.804   -1086.191         669.119     716.170              36              34
   20         915.521     141.131          95.405    -120.366              20              38
  128         560.910    1017.508         415.729    1430.609             128              34
  234        2147.774     517.724        1907.393     -56.902             234              38
  173         572.066   -1574.087         690.714    -769.381             173              34
   68        1349.554    -176.393         501.388    -974.610              68              38
  115       -1923.434    -850.769        -913.831    -507.933             115              34
  215        1482.140     683.328         462.378    1031.008             215              38
  166        1006.698   -1027.788        1218.980   -1190.369             166              34
  171          -5.602   -1322.236       -1068.898   -1162.572             171              38
  138       -1016.065    1599.722       -1063.080     539.455             138              34
  226         412.510    1347.167         309.341    1114.801             226              38
  217         704.451     620.349         939.927    -432.982             217              34
  129       -1294.439    -149.643        -367.783    -290.306             129              38
  203         128.421    -231.597         361.969     -51.397             203              34
  238        -505.081    -289.952        -274.486    -565.441             238              38
  155       -1171.380      73.938        -487.853     108.656             155              34
  197         118.082    -239.833         296.724     284.789             197              38
    7         191.940   -1015.123        -205.116   -1072.901               7              34
  187       -1371.768    1396.679       -1113.155     676.360             187              38
  230        -397.344    -133.180         414.883    -472.988             230              34
  238       -3341.635     163.282       -1963.444     330.274             238              38
  100         -68.371    -444.362         356.821    1067.533             100              34
  123       -1075.578     368.598       -1345.373     492.427             123              38
  138         309.911    1161.229         864.236    2238.653             138              34
    7        2192.588    -849.603        1054.216    -189.308               7              38
  152         549.444    -120.271         316.152    -294.587             152              34
  107        -452.754    -215.584        -991.573      19.163             107              38
   92         683.318    1511.614         -49.536     997.488              92              34
  107       -1159.619    2318.130        -891.012    1230.073             107              38
   95        1303.412    2240.604        1847.876    2413.328              95              34
   79        1671.592     292.700        1531.573    -492.530              79              38
  142         -87.456     431.660        1193.536     165.436             142              34
   11        -564.301    -913.432         187.877    -816.317              11              38
  169        -229.851    -175.771         941.729    1019.420             169              34
  103        2408.780   -2240.738        1484.320   -1423.785             103              38
  100        -294.331    -850.151        -109.717   -1000.236             100              34
  142        -378.169    -833.562        -514.928   -1050.398             142              38
   37       -2721.824    -396.503       -1014.244     -27.761              37              34
  174          38.180   -1411.054        -775.253     739.378             174              38
  224        1957.924    1126.885         889.969     566.125             224              34
  175       -1226.162    -696.818       -1044.156    -875.388             175              38
  197        -999.880    1518.288        -508.172    1963.083             197              34
   43        1341.524    -563.597         393.000     508.000              43              38
    8        1856.946    2651.131         889.135    2011.756               8              34
  197        3127.993    -226.601        2533.583    -705.104             197              38
  184         -11.051     191.652          85.750   -1499.742             184              34
  215       -2930.463      55.005       -1098.769    -193.254             215              38
   37         380.565      45.107         953.899    1409.574              37              34
   14        1899.201   -2846.087         825.049   -2168.730              14              38
  135       -1444.270    1582.957       -2129.838     479.735             135              34
   56        -238.284    1529.798         818.348     879.779              56              38
   11        -693.026   -1024.982        -716.191    -269.131              11              34
  141        -143.611    3310.460        -505.895    1874.944             141              38
  200        -177.640    1450.218        1937.919    1506.810             200              34
   97        1972.812   -1525.708        1446.902    -703.466              97              38
  123        -245.937     799.708         861.296      -7.190             123              34
  215         384.605   -2626.642         989.455   -1299.156             215              38
  207        -400.920    -720.984        -442.869    -603.652             207              34
   58        -142.739    -822.885          11.085    -423.491              58              38
   81       -1016.120      -6.398        -410.463     139.274              81              34
  168         788.660   -1104.194         562.278     -23.176             168              38
  167        -204.100    -192.299        -223.384    -645.374             167              34
  153       -1068.279    -604.155        -544.312     304.245             153              38
   27         777.157    -125.880         498.997     371.881              27              34
  113         717.466   -1277.412         -16.007    -547.664             113              38
  179         120.735    1364.419        -258.056     359.492             179              34
   20        -249.088   -1063.971         403.409    -123.050              20              38
  124        1080.574    -471.197        -494.056    -633.951             124              34
   68       -1738.155    1997.979       -1298.371    1055.883              68              38
  184        1770.373    1482.230        1559.631    1398.057             184              34
   27        -310.206    -321.968         231.281   -1289.025              27              38
  105        -960.437     370.396        -225.950     930.700             105              34
   43        1412.619    -136.195         573.355    -615.410              43              38
  224       -2144.541    1992.677        -507.639     510.709             224              34
   21        -954.790   -1643.982         459.892    -116.083              21              38
   22         -60.936     232.010        -568.732     663.910              22              34
  134        1317.006    1001.136        1320.573     841.819             134              38
   43         231.057    -528.955        1043.246   -1195.700              43              34
  146       -1838.046   -1724.357       -1120.888    -759.540             146              38
  133          43.016    1737.499         197.795     926.694             133              34
  250       -1902.065   -2204.685        -140.221   -1060.804             250              38
  225        -363.335    1157.855       -1017.421    1281.863             225              34
  213       -1261.184     -52.170         935.786     398.192             213              38
  134         615.741   -1527.167          85.740     516.936             134              34
   62        1302.794    -511.838        1197.805    -144.613              62              38
  150         885.371   -1018.485          -5.768    -705.578             150              34
  112       -1535.010     211.449        -337.884    -272.081             112              38
  225         123.109   -1298.585         -57.453     527.962             225              34
  155        1057.634    -135.427         430.002    -536.389             155              38
  228        -685.406    -210.066        -545.214     -12.045             228              34
   79        -587.018    -145.716        -216.068    -311.945              79              38
  147        -963.165     340.129       -1021.610     903.920             147              34
    5         465.275    1679.326         830.619     735.302               5              38
  130       -1710.829    -409.239         -44.581     119.766             130              34
  192        -180.823    -875.056         650.763     409.923             192              38
   54         619.974   -1754.922         380.823    -192.128              54              34
  158         955.139    -516.796         485.715    -456.280             158              38
  156       -1145.761   -1284.252        -516.275    -902.731             156              34
  238       -1990.492    -796.918       -1402.678     182.164             238              38
  129          15.548     410.523        -243.559    1958.496             129              34
  172        2581.723    -226.492        1981.363     291.328             172              38
   78         704.085   -2207.096         342.477   -1389.619              78              34
  110         -16.936   -1103.141        -656.138    -903.934             110              38
   99        -981.739    -203.177       -1251.187      19.924              99              34
   53        -395.001     324.203        -325.262     312.432              53              38
   94       -1188.282    -833.100       -1240.142     -73.291              94              34
  151        -846.149    1577.614        -944.331    1528.741             151              38
  212         158.210    -263.127         310.171     987.436             212              34
    3        1221.001     547.203        -242.606     541.000               3              38
  193        -527.526    2231.129         -70.516    1379.083             193              34
  227         456.577     455.040        1439.224     919.600             227              38
   80         449.405   -2971.085         694.425   -1367.324              80              34
  159        -626.526    -868.028       -1884.278      11.809             159              38
   68        1033.492    1871.527         153.241    1776.614              68              34
  232         808.762     614.796         300.467     -63.948             232              38
  169        -921.087    1220.595        -399.091     802.857             169              34
  118        -372.371     712.298          93.760     651.199             118              38
  255        -643.753     390.211         280.880     835.131             255              34
   35        -197.902   -1080.372         140.072     -79.990              35              38
  161        -598.795    -341.270        -789.180     835.506             161              34
  134         866.228    1397.156          42.113    1518.702             134              38
  104         689.642     955.133        1223.068    1279.374             104              34
   88        1477.491   -1240.630         628.832    -599.672              88              38
   29       -1373.524    1740.992        -717.260    1243.919              29              34
  190        1476.151    -836.749        1529.460     908.950             190              38
    5        1120.559     287.418          74.248      47.365               5              34
  213         821.551     554.082        1311.660     958.012             213              38
  183        1374.457   -1650.464         644.345   -1372.151             183              34
  110       -1517.295     543.173       -1023.536     482.393             110              38
  112         949.830    -459.043         585.888     435.171             112              34
   72           5.100     963.992        -456.153     479.268              72              38
  171         516.941     602.958        1274.317     440.833             171              34
  224       -1624.337   -1979.979       -1035.256   -1394.193             224              38
  108       -2020.701    1106.549       -1594.815    1917.155             108              34
  244         913.624     704.073         606.015    1696.051             244              38
  221        1028.047     964.132         850.500     875.375             221              34
  100        -310.120    -171.105         134.736     305.086             100              38
  129        -356.405    1334.508         282.387    1354.359             129              34
  139        -157.197   -1457.244        1069.157     553.283             139              38
  170        1601.595   -1102.339         438.543    -126.548             170              34
   76       -2185.707    -462.927        -812.676     617.972              76              38
  161        2457.949    -930.671         748.357    1776.167             161              34
  110        1547.429     731.233         563.050     469.568             110              38
   43        2129.270      50.373        1243.597    1200.436              43              34
   22        1139.163     134.011         411.540    -556.999              22              38
  231         -20.563     880.135         530.859    1643.023             231              34
  251        2112.926   -2177.318        1492.140   -1069.446             251              38
  139         -83.206      47.935       -1340.371     242.121             139              34
   80          29.156    2145.122         425.140    1327.274              80              38
  201        -627.905    -641.099         427.823     518.938             201              34
  104         242.627   -1036.257          35.518     815.139             104              38
  236        2394.565      77.613        1014.588     875.918             236              34
   49        -555.979    -856.356        -339.278    -356.467              49              38
  152        1190.237     676.738        -320.738    1963.341             152              34
   61         898.101    1490.856         805.293     785.947              61              38
  243         156.885      82.328         204.620    1164.023             243              34
   43        -269.575     112.268         124.182    1022.152              43              38
   94        2342.397      46.402         595.438    1863.626              94              34
   76         473.467    2473.602         419.165    1476.474              76              38
   83        2359.553     486.581        2150.947    2200.846              83              34
   78         448.934      11.623         818.966    -177.690              78              38
  211        2169.268    -263.210        1661.581    2233.361             211              34
  168         442.035    -490.646         876.150    -944.898             168              38
  124        1056.049   -1537.593         824.053    2480.420             124              34
  150        1930.040    -527.299         715.640   -1187.128             150              38
   80       -1419.877     -14.497        -523.444    3230.911              80              34
  168        -314.435    -772.945         147.059     464.440             168              38
  234        1919.325   -1113.909         820.868    6013.403             234              34
  226          19.616    -354.240        -227.016    -561.798             226              38
  247         357.824    -780.619         -38.681   19547.288             247              34
