SINAL     NFT                         FFT                         NFT INVERSA     FFT INVERSA
-----     -----------------------     -----------------------     -----------     -----------
  200       64613.000       0.000       33651.495       0.000             200             135
  188         129.973    -411.293         196.761  -19592.097             188             125
   43         508.605     832.113        -693.802      -3.171              43              56
  149       -1525.785    1895.262          34.712   -5559.367             149             106
   50         198.807    -420.968         390.011     524.271              50              60
  148        1025.715      58.807         822.880   -3517.529             148             105
   49        1426.452    1140.680         241.695     226.597              49              59
  247         -30.675    2390.750        2074.478   -1914.154             247             155
   27         474.929   -4675.460        1524.201   -2919.230              27              48
   56       -1853.941   -1065.511       -1962.851   -2795.608              56              59
  235         853.618    -545.262        1013.283     382.307             235             152
  217         678.867   -2710.307        -139.883   -3586.399             217             140
  200        -269.814    -181.971       -1457.137    -725.761             200             135
   82       -2205.678    1351.583       -1803.342    -589.322              82              72
  169        1316.107    1870.807         749.053    1837.576             169             119
  133         500.803      87.028         846.253   -1863.911             133              98
  181        -211.648     133.471         -63.671      42.440             181             125
  213        -315.449    -481.712          81.726   -1385.350             213             138
   40         838.040     756.689         113.618     172.183              40              55
  175       -1944.194    -272.699        -159.086   -1596.938             175             119
   89         779.929    -298.586        -157.366     817.794              89              79
   93        -228.610     268.953         774.348   -2030.568              93              78
  162       -2517.872   -1776.583       -1964.402     151.524             162             116
  115        1824.947    1535.725        1056.804     690.891             115              89
   22        1252.485   -1839.900         622.433   -1377.533              22              46
  193       -1309.774     516.266       -1467.428   -1453.897             193             128
  164       -2012.160     710.184       -1580.120    1532.922             164             117
   43        2245.745    2346.437        1098.910     911.642              43              53
  241        -399.613     844.287         158.308     -18.059             241             155
  107         534.968    1848.715         919.965     519.274             107              85
  100        -257.273    -597.950         819.908    -967.963             100              85
  120       -1293.941     407.391        -330.444    -302.041             120              91
   45       -1152.918    -767.905         283.623    -318.771              45              57
   86       -1282.106    -419.869        -576.520     218.173              86              74
  173         553.369    -361.650        1137.734     297.045             173             121
  108       -1295.226   -2655.876        -407.730    -903.477             108              85
   96        2393.791    -952.305          52.263     891.450              96              83
  128        1469.715    1333.247         500.256     -26.411             128              95
   91        1236.126     196.588         696.955     362.783              91              80
   74         499.737     637.802         542.695    -388.185              74              68
   18         951.559    -365.307         645.309     246.903              18              44
  126        1081.944     639.967        1005.264    -443.836             126              94
   30         585.707   -1535.652         861.266    -901.798              30              50
  111        -354.510   -1151.531        -199.127   -1134.277             111              87
  112        1437.614   -2231.187        -153.395    -538.090             112              91
    3         766.125    2763.282       -1110.223     -40.591               3              33
    4        -624.866    1922.598         971.005    1242.061               4              37
   64         619.423    -648.505         600.610   -1210.533              64              63
   19       -1284.794     -85.911          -2.980     314.869              19              44
  138        1220.137   -1747.254         420.183    -842.027             138             100
   81         776.497    1080.365        -352.831     324.178              81              75
  236        -429.404    1785.035         656.591    -106.854             236             149
  158       -1471.687   -1596.353         452.399      78.270             158             114
   94        2111.169   -2190.260         951.895   -1141.769              94              78
  143       -1147.420   -1606.174       -1222.531   -1037.029             143             106
   98         875.692     645.135        -756.639    1173.958              98              80
  141        1659.057    1679.054        1070.380     800.131             141             105
   65        1206.356    -317.062         820.258    -259.151              65              64
  212        1739.724     202.853         799.675    -251.131             212             141
   55         888.528     520.153         469.896    -715.199              55              59
   44        -753.258     271.096         335.503    -576.555              44              57
  153        -634.379   -1830.692        -213.651    -621.737             153             108
  211        1296.740     260.098         174.519      39.094             211             140
   80        -489.505    -541.108         136.444    -357.054              80              71
  247        2728.067    -983.243         868.257    -195.701             247             158
  206         392.945    -230.459        -285.181   -2117.078             206             134
   87       -2534.977    1009.266       -2110.245     613.256              87              78
  166         533.331    1450.204         913.039    1251.416             166             114
   67        1096.267   -1613.309         375.434    -797.886              67              68
  248         846.392    1631.808        -405.567     284.959             248             155
  193        -329.093    1399.416         492.715      77.772             193             131
  163       -1578.893    -695.970        -268.259     -40.596             163             113
  219        1950.020    -604.039         387.014     867.496             219             144
  149        2847.034    2005.172        1468.865      62.663             149             106
  106         -19.015    -847.348         871.752   -1494.349             106              88
   64        -533.126    -813.208        -742.089    -883.541              64              63
  226         -61.549      38.787        -242.501    -341.495             226             148
  202        -874.299     367.643       -1006.057     -87.769             202             132
   71           9.636    1440.980        -221.135     804.994              71              70
   45        -578.883    1608.980          79.625     852.560              45              54
  131        1228.868     108.628        1439.674     295.228             131             100
  114        -650.430    -683.858         -43.169    -964.673             114              88
   89         210.629    -838.968          20.477     473.057              89              79
   74        1765.628     255.478         427.762    -225.664              74              68
  142         499.079     252.435         102.537    -383.286             142             106
  117        -976.675    1442.801        -992.716     102.937             117              90
   53        -690.408    1762.762         500.847    1738.454              53              61
  141        1753.888    -873.060        1569.270    -162.648             141             102
  179        1030.989    -550.894         258.448    -573.438             179             124
  205         340.599     794.618         202.470     247.208             205             134
  254        1337.712    -731.303         612.876    -410.961             254             162
  215         273.142    2556.980        -592.545     615.670             215             139
   34         233.007    1230.399        2112.441     829.521              34              52
   13        1450.572   -2686.773         609.703   -1573.180              13              38
   99         759.107    1253.306         121.328     -76.284              99              84
  166        -475.926      21.111         -12.671    -192.192             166             114
  141        1602.558     924.329        1142.088     419.997             141             105
   27          91.021    -441.680         462.398   -1071.155              27              45
  255         671.819     276.732         639.025     -18.176             255             162
  174        -205.645    -676.529          92.955   -1161.196             174             118
  171         130.839     504.378         263.900     308.964             171             120
   76         242.425    -881.294         349.941   -1013.493              76              69
   65         296.790     841.901         102.597     342.459              65              67
   13         689.070    -568.557         973.547    -861.438              13              38
  200         126.667     208.097          88.149    -932.204             200             135
  239       -2753.940   -1104.964        -640.002    -878.709             239             151
  117         767.597    -387.462        -182.731     595.498             117              93
  189        -859.131     128.955         597.723    -329.739             189             126
  165        1761.460   -3045.609         576.771    -314.000             165             117
  142        2000.801     323.746         241.025   -1161.909             142             102
  197         262.777    -955.332         -10.994    -969.942             197             133
  131        -955.552     241.715       -1617.938   -1110.726             131              97
  147        -486.212    1848.575        -338.804    1540.192             147             108
  164         374.432      18.665         508.356    -915.585             164             113
   18        -309.479      55.423        -426.434     516.630              18              44
   29        1151.327     -15.037         546.172   -1105.647              29              46
   28       -1140.438     290.277       -1515.401    -117.131              28              49
  144        -839.004    2801.596        -373.756     726.845             144             103
   86        -592.309     319.804         241.186    1075.283              86              78
   49        1527.068    1370.910        1089.503    -353.573              49              56
   46       -2026.178    -974.275        -266.845    -441.915              46              58
  188         791.678     199.711        -134.284      -7.968             188             125
   35        -312.492     433.740          58.317     293.288              35              52
  126         965.808    1444.064         313.861    -187.767             126              94
   57       -2252.906    -118.776         -10.288    -414.488              57              63
   93        -601.888    -143.662       -1079.867     152.343              93              78
   70        -121.353    1763.961        1005.167    1463.117              70              70
  178        1103.797   -1598.728         555.050   -1481.247             178             120
  155       -1767.136    1275.828        -643.000     598.000             155             112
  160         424.670    -919.006         333.990    -512.454             160             111
  201       -1583.159    1131.735        -583.296     557.814             201             135
  129        -160.040   -1019.475         111.880       2.012             129              96
   19         105.517    1030.985         -35.272    1004.410              19              44
  210         636.000    -151.221         417.480    -154.917             210             136
  230        -129.046    2017.670         470.602    1412.792             230             150
  187         695.129   -2127.449        1531.891   -1390.785             187             125
  162       -1007.233    -833.439       -1117.662     272.013             162             116
  192        2029.966    -828.354         837.853    -274.499             192             127
  214        -512.022    1308.588       -1162.041     740.798             214             142
  112        1633.032     933.894        1289.307     826.375             112              87
   53         864.383    1279.726         162.830     839.343              53              61
  193        2843.271    1219.645        2648.741     129.885             193             128
   79        -301.150   -1299.825         457.294   -1572.209              79              74
  184         663.220   -1443.350         253.279   -1094.607             184             123
  134        -927.001     503.710       -1387.644      62.735             134             102
  230        2015.862    1256.875        1334.148     762.667             230             146
  164          41.409     429.632        -317.119    -969.540             164             117
  221        -327.358    2321.099         323.925     911.025             221             142
  179        -613.293     -35.409         654.919    -278.957             179             124
  185         772.894     -24.675         647.597      -0.391             185             124
  212        -643.201     291.414         298.334    -478.871             212             141
   83         280.738    -990.783         419.701     125.548              83              73
  231        1999.913     669.725         858.122    -256.380             231             150
  213         192.603      37.985         674.840   -1087.300             213             138
  194       -1014.674     337.444        -523.946    -757.324             194             132
  246       -1820.729     143.424        -261.097    -299.205             246             154
   60       -1310.461     227.071        -754.087     593.088              60              65
   27         581.132     863.162        1297.286     723.589              27              45
   16           2.586   -1580.134         344.580    -924.008              16              43
  171         399.184     699.807         -24.070     252.706             171             117
   60        -532.895     885.389         647.854     173.063              60              65
   62         137.770   -1223.616         828.220    -236.823              62              62
   25        1132.812    -265.060         855.308    -368.989              25              47
   12        -138.882   -1706.346         454.115   -1517.506              12              37
   30        -726.297     366.916        -908.984     392.373              30              50
   66        1435.721    -630.386        2056.150    -416.336              66              64
  142        -586.521   -1781.978       -1201.496   -1471.611             142             106
  178        1127.050    1205.575        1468.418     983.005             178             120
   42        1438.918   -3374.409         346.265   -3068.962              42              56
  152       -1344.608    1988.629       -1239.927      67.281             152             107
   21        -734.460   -1499.386         219.600   -1430.939              21              45
   58       -1726.256     506.396       -1629.162    -366.509              58              60
  177       -2065.017     269.840        -530.085    -180.092             177             123
   92       -2590.532    -454.242       -1145.739     443.383              92              77
  194         529.283   -1614.353         -73.814     220.844             194             132
  192         335.089    1912.333       -1046.772     755.377             192             127
   37        -297.797    1916.502        1033.131    1105.609              37              53
  241        -458.096   -1293.954         156.872    -652.930             241             152
  116         214.188     -97.897          51.792     562.586             116              93
   29        1085.427    -355.970         314.748    -700.121              29              46
   73       -1475.800    1362.858       -1323.170     489.802              73              71
   32         167.003    2725.129         938.966    1877.729              32              47
  103         232.411   -1247.891        1760.663    -795.143             103              86
  254        -383.119   -1777.265        -687.762    -588.680             254             158
   46        1482.795    1386.922         799.628     955.005              46              58
    5         672.059    -424.348         958.626   -1093.049               5              34
   70        -788.123     141.807        -268.042    -143.542              70              70
  154         526.044    -384.809         871.939    -373.851             154             108
    8         135.882    -383.857         -92.989   -1093.839               8              39
  203       -2229.256    1131.028        -544.560    -390.618             203             133
  178       -2525.808    -960.613        -289.766      42.230             178             124
  140        -688.875   -1057.137          29.927      18.585             140             101
  194        -385.770   -1559.498         299.743    -341.701             194             132
   94        -790.589   -1818.413        -632.308    -756.969              94              78
  122        -128.268   -1041.959        -429.743     427.026             122              96
  247         527.016    -437.342        -560.849    -580.218             247             155
  117       -1861.017    1560.749        -982.935    1558.537             117              93
  118        1113.534   -1094.334        1144.437      16.481             118              90
  234       -1209.078    -240.099       -1429.791     681.850             234             152
  162        2784.972    1188.835        1953.008    1878.234             162             112
  158        1639.571   -2035.567        1071.239   -1280.707             158             114
  120        2394.901    -275.413         202.482    -107.333             120              91
  128         628.975    1287.032         169.985    -677.688             128              99
  130        -830.085    -169.027        -240.110    -160.121             130              96
    9         204.064     490.450        -469.597     150.044               9              39
  248         335.066    1467.593         529.668     633.369             248             155
  147        -333.826    -182.952        -128.355    -565.395             147             108
   41       -1000.616    2120.334        -272.464    1250.370              41              52
  221        -220.507    -572.361        1295.073     305.868             221             145
  114        1521.063   -1185.807         519.034    -223.320             114              88
  135        -244.927     532.953         302.867    -303.864             135             102
  253           6.444   -1174.033         114.292     505.371             253             158
  148        2466.725     622.413        1200.220    -194.395             148             109
   96       -1472.650    -669.269        -290.202    -404.721              96              79
  211        2105.475      78.007         889.809     850.431             211             140
   87        1364.776    -218.246        1159.517    -893.163              87              75
   33         456.677    -395.773         158.559    -547.386              33              51
   65        -540.787    -365.592         -23.809    -600.489              65              64
  188         419.675      70.036        -106.149     735.955             188             129
   60        1886.578     284.883        1582.262    -153.054              60              61
  162         778.154    -942.742         146.193    -717.895             162             116
  135        1622.294    1024.819        1086.955     -35.271             135              99
  158         558.036    -611.003         691.845   -1288.154             158             114
  212        -501.303    -183.145         289.903    -922.965             212             137
  202        -616.798   -1662.695        -193.565   -1013.704             202             136
   23         348.511    -404.431         324.908    -502.128              23              43
   50         -83.510   -2267.140        -445.746   -1645.850              50              60
  146        -627.342    1168.340       -1106.320     175.748             146             104
   45        -395.006    -391.073         114.561     -35.557              45              57
  239         824.088     662.834         196.716     229.357             239             151
   23         530.444   -1761.678         917.356   -1229.343              23              46
   40        1083.904    -587.590       -1131.419    -938.048              40              51
  162        -328.674    2458.891         134.818    -179.203             162             116
   16       -2312.300   -1232.085       -1013.139   -1164.757              16              39
    4        -940.543    1120.846       -1132.803     590.178               4              37
   49       -1665.302    1080.657        -186.412     576.465              49              56
  161         437.705    -945.794         356.140     450.640             161             115
    8        1200.778     766.708         345.213    -242.490               8              35
   10        -653.032      64.082         136.132    -199.807              10              40
  231          59.406      42.147          17.886    -192.508             231             147
   72          54.823    -489.698         441.221    -174.399              72              71
  157        1188.082    -499.478         137.316    -787.839             157             110
  115        -249.504     305.111         -58.081    -814.734             115              92
  192       -1206.221    -111.757       -1072.443    -755.636             192             127
  191        -922.568    1223.197        -458.692     473.750             191             130
  170        -657.504     657.669        -353.050    -176.225             170             116
   54        -973.368    1418.210         273.106     471.887              54              62
  223       -1686.483   -1426.421        -167.372   -1230.225             223             143
   30       -1485.798    -412.424       -1012.053     719.622              30              50
   85        1284.669     -27.507         531.270    -131.984              85              74
  209        -745.172     894.283        -319.430     160.939             209             139
  215         282.523    -432.056         698.156    -696.663             215             139
    6       -1581.437    -559.723       -1114.535    -825.952               6              38
   30       -1163.468     824.694        -776.471     332.695              30              46
  214        -796.143     990.641          30.568     709.623             214             142
  193        -148.098    -639.528         477.233   -1086.418             193             128
   30       -3275.000      -0.584       -1877.000       0.000              30              38
  222        -148.076     639.263         477.223    1086.421             222              34
  212        -795.772    -991.119          30.570    -709.623             212              38
  216       -1163.119    -825.035        -776.471    -332.695             216              34
  120       -1581.352     559.239       -1114.536     825.949             120              38
  220         282.638     431.991         698.153     696.664             220              34
  254        -744.680    -894.623        -319.430    -160.939             254              38
  224        1284.627      27.990         531.269     131.986             224              34
   13       -1486.138     411.932       -1012.053    -719.624              13              38
  161       -1686.866    1425.558        -167.377    1230.226             161              34
  250        -972.655   -1418.873         273.108    -471.886             250              38
   66        -657.061    -657.988        -353.051     176.223              66              34
   54        -921.927   -1223.446        -458.691    -473.750              54              38
   38       -1205.875     111.480       -1072.445     755.633              38              34
  253        -248.890    -305.096         -58.083     814.735             253              38
  242        1188.220     499.949         137.315     787.840             242              34
  146          54.766     489.647         441.220     174.399             146              38
   49          59.520     -42.248          17.884     192.508              49              34
   43        -652.799     -64.420         136.132     199.808              43              38
  221        1201.164    -766.306         345.213     242.491             221              34
   27         437.183     945.849         356.141    -450.639              27              38
   10       -1665.051   -1081.380        -186.411    -576.466              10              34
  108        -940.080   -1121.017       -1132.801    -590.179             108              38
  122       -2312.345    1231.293       -1013.142    1164.755             122              34
  225        -327.205   -2458.898         134.818     179.203             225              38
  199        1084.159     588.384       -1131.421     938.044             199              34
  232         530.096    1761.894         917.354    1229.346             232              38
  205         824.401    -662.617         196.718    -229.357             205              34
  193        -395.095     390.986         114.561      35.557             193              38
   98        -626.747   -1168.288       -1106.318    -175.751              98              34
  215         -83.976    2267.330        -445.750    1645.848             215              38
  227         348.588     404.520         324.909     502.130             227              34
   73        -617.117    1662.361        -193.566    1013.704              73              38
  182        -500.917     182.730         289.901     922.965             182              34
  104         558.365     610.930         691.842    1288.155             104              38
  119        1622.985   -1024.392        1086.956      35.274             119              34
   36         778.062     942.945         146.192     717.895              36              38
   71        1886.732    -284.400        1582.261     153.058              71              34
   81         419.585     -69.927        -106.147    -735.955              81              38
  132        -540.813     365.378         -23.810     600.489             132              34
  153         456.831     395.830         158.558     547.386             153              38
  118        1364.908     218.572        1159.515     893.165             118              34
   23        2105.339     -77.385         889.810    -850.429              23              38
  209       -1472.879     668.640        -290.203     404.719             209              34
  127        2466.976    -621.663        1200.219     194.397             127              38
   16           5.817    1173.925         114.294    -505.371              16              34
  124        -244.750    -533.179         302.867     303.865             124              38
   61        1520.555    1186.150         519.034     223.321              61              34
  207        -220.983     571.805        1295.073    -305.867             207              38
   76        -999.968   -2120.940        -272.461   -1250.372              76              34
  220        -333.750     182.745        -128.357     565.394             220              38
   12         335.680   -1467.553         529.669    -633.368              12              34
  159         204.271    -490.259        -469.597    -150.045             159              38
  234        -829.921     168.776        -240.110     160.120             234              34
   51         629.833   -1286.682         169.982     677.688              51              38
   74        2394.999     276.546         202.483     107.334              74              34
    6        1638.795    2036.076        1071.237    1280.709               6              38
  197        2784.872   -1188.014        1953.013   -1878.229             197              34
  189       -1209.671     239.834       -1429.790    -681.854             189              38
  178        1112.762    1094.622        1144.436     -16.478             178              34
   86       -1860.802   -1561.331        -982.933   -1558.539              86              38
   20         526.744     437.846        -560.851     580.217              20              34
   80        -128.921    1042.158        -429.743    -427.027              80              38
  246        -791.451    1818.196        -632.309     756.969             246              34
   82        -386.515    1559.178         299.743     341.701              82              38
  114        -689.545    1056.586          29.924     -18.585             114              34
   24       -2526.244     959.305        -289.765     -42.230              24              38
   33       -2228.516   -1132.089        -544.560     390.617              33              34
   86         136.212     383.782         -92.991    1093.839              86              38
   33         526.112     384.759         871.937     373.853              33              34
  241        -787.853    -142.289        -268.041     143.542             241              38
  152         672.216     424.311         958.623    1093.051             152              34
  241        1483.253   -1386.490         799.629    -955.004             241              38
  190        -383.821    1777.071        -687.765     588.677             190              34
  184         231.966    1247.356        1760.661     795.147             184              38
  134         167.780   -2725.514         938.971   -1877.726             134              34
   28       -1475.274   -1363.243       -1323.170    -489.805              28              38
  162        1085.425     356.450         314.746     700.122             162              34
   33         214.020      97.967          51.794    -562.586              33              38
  135        -458.633    1293.517         156.871     652.930             135              34
  233        -297.173   -1916.891        1033.132   -1105.609             233              38
  237         335.644   -1911.941       -1046.771    -755.379             237              34
  212         528.353    1614.785         -73.814    -220.843             212              38
  206       -2590.988     453.276       -1145.737    -443.386             206              34
   83       -2064.809    -270.607        -530.086     180.090              83              38
  208       -1725.736    -506.859       -1629.162     366.505             208              34
  119        -734.534    1499.099         219.597    1430.940             119              38
  166       -1343.344   -1988.916       -1239.925     -67.285             166              34
  130        1438.339    3374.952         346.260    3068.962             130              38
   60        1127.602   -1205.340        1468.423    -983.001              60              34
   35        -586.933    1781.777       -1201.499    1471.607              35              38
  163        1435.625     630.603        2056.150     416.342             163              34
  246        -726.142    -367.256        -908.982    -392.375             246              38
   13        -139.201    1706.153         454.111    1517.507              13              34
   38        1132.849     265.137         855.307     368.990              38              38
   37         137.314    1223.248         828.221     236.826              37              34
   36        -532.532    -885.987         647.855    -173.063              36              38
   68         399.515    -699.771         -24.070    -252.706              68              34
  170           2.087    1579.877         344.579     924.009             170              38
   50         581.305    -863.355        1297.288    -723.585              50              34
   78       -1310.516    -227.721        -754.084    -593.090              78              38
  255       -1820.474    -144.249        -261.098     299.203             255              34
   40       -1014.059    -337.974        -523.948     757.322              40              38
  137         193.204     -38.110         674.838    1087.302             137              34
  112        2000.410    -669.154         858.121     256.380             112              38
   99         280.389     990.704         419.701    -125.547              99              34
  193        -642.954    -291.941         298.333     478.870             193              38
   89         773.037      24.639         647.597       0.392              89              34
  108        -613.183      34.757         654.919     278.958             108              38
  144        -326.279   -2321.455         323.928    -911.024             144              34
   20          41.976    -429.635        -317.122     969.538              20              38
    1        2016.446   -1256.165        1334.151    -762.662               1              34
    7        -926.724    -503.782       -1387.644     -62.738               7              38
   82         663.030    1443.645         253.276    1094.608              82              34
  249        -301.162    1299.342         457.290    1572.209             249              38
  105        2843.944   -1219.126        2648.740    -129.877             105              34
  119         864.770   -1279.588         162.832    -839.342             119              38
    0        1633.193    -933.350        1289.310    -826.371              -0              34
   81        -511.662   -1308.539       -1162.039    -740.803              81              38
   23        2029.535     829.288         837.852     274.502              23              34
   86       -1007.714     833.150       -1117.661    -272.016              86              38
  177         694.375    2127.304        1531.886    1390.790             177              34
  199        -128.452   -2018.075         470.606   -1412.793             199              38
   15         635.848     151.342         417.477     154.918              15              34
   89         105.656   -1030.983         -35.270   -1004.410              89              38
   81        -160.626    1019.323         111.881      -2.010              81              34
   34       -1582.818   -1132.385        -583.294    -557.817              34              38
  106         424.370     919.022         333.990     512.459             106              34
  150       -1766.592   -1276.515        -643.000    -598.000             150              38
  159        1103.418    1598.895         555.041    1481.244             159              34
  218        -120.871   -1764.258        1005.171   -1463.115             218              38
  153        -602.045     143.412       -1079.869    -152.347             153              34
   75       -2252.706     117.777         -10.287     414.488              75              38
  144         966.619   -1443.896         313.860     187.767             144              34
   28        -312.204    -433.820          58.319    -293.288              28              38
   54         791.753    -199.427        -134.284       7.966              54              34
  165       -2026.322     973.377        -266.846     441.914             165              38
   13        1527.745   -1370.681        1089.500     353.575              13              34
    2        -592.237    -320.224         241.188   -1075.282               2              38
  190        -837.940   -2801.851        -373.755    -726.845             190              34
   14       -1139.963    -290.349       -1515.401     117.128              14              38
  203        1151.637      15.582         546.169    1105.649             203              34
  215        -309.299     -55.462        -426.433    -516.631             215              38
  234         374.599     -18.588         508.353     915.587             234              34
  209        -485.453   -1848.594        -338.802   -1540.192             209              38
  168        -955.101    -241.612       -1617.942    1110.720             168              34
   22         263.009     955.696         -10.996     969.941              22              38
  121        2001.239    -322.755         241.021    1161.910             121              34
   25        1760.315    3046.260         576.771     314.002              25              38
   70        -859.206    -129.471         597.722     329.741              70              34
  174         767.355     387.671        -182.729    -595.498             174              38
  247       -2754.181    1103.869        -640.003     878.707             247              34
  232         127.247    -208.265          88.148     932.202             232              38
  193         689.208     568.581         973.544     861.439             193              34
  102         297.293    -841.923         102.598    -342.459             102              38
   33         242.339     881.270         349.938    1013.494              33              34
  200         131.216    -504.481         263.901    -308.963             200              38
   43        -205.574     676.318          92.953    1161.195              43              34
  193         672.220    -276.704         639.025      18.176             193              38
  246          91.196     441.472         462.396    1071.157             246              34
   27        1603.059    -923.998        1142.088    -419.996              27              38
  172        -475.749     -21.395         -12.672     192.189             172              34
  146         759.859   -1252.982         121.328      76.283             146              38
  254        1449.821    2687.052         609.697    1573.180             254              34
  191         233.491   -1230.887        2112.443    -829.516             191              38
  207         274.211   -2556.909        -592.543    -615.674             207              34
   82        1337.610     731.852         612.875     410.963              82              38
  145         340.953    -794.518         202.471    -247.209             145              34
  159        1030.923     551.243         258.447     573.437             159              38
   62        1753.436     873.324        1569.269     162.650              62              34
  137        -690.032   -1763.296         500.849   -1738.453             137              38
  254        -976.037   -1443.060        -992.717    -102.939             254              34
  220         499.484    -252.105         102.535     383.287             220              38
   28        1765.770    -254.732         427.761     225.665              28              34
  240         210.204     839.090          20.478    -473.057             240              38
  203        -650.594     683.443         -43.171     964.674             203              34
  235        1228.929    -108.565        1439.674    -295.226             235              38
   84        -578.404   -1609.382          79.626    -852.561              84              34
   10          10.154   -1440.871        -221.133    -804.995              10              38
   40        -874.040    -367.713       -1006.058      87.766              40              34
   48         -61.286     -38.605        -242.501     341.496              48              38
  116        -533.059     813.101        -742.090     883.539             116              34
  241         -18.734     847.105         871.748    1494.351             241              38
   40        2848.022   -2004.281        1468.865     -62.659              40              34
  109        1949.541     604.827         387.017    -867.497             109              38
  227       -1579.283     695.250        -268.260      40.594             227              34
  159        -328.356   -1399.712         492.714     -77.771             159              38
   72         847.190   -1631.297        -405.566    -284.960              72              34
   74        1095.767    1613.755         375.432     797.888              74              38
  137         533.632   -1450.109         913.043   -1251.413             137              34
   95       -2534.454   -1009.852       -2110.243    -613.261              95              38
   25         393.494     230.933        -285.185    2117.081              25              34
  130        2727.927     984.326         868.257     195.701             130              38
  125        -489.669     540.945         136.441     357.050             125              34
   21        1296.882    -259.567         174.519     -39.093              21              38
  189        -634.977    1830.420        -213.652     621.735             189              34
   64        -752.816    -271.608         335.502     576.556              64              38
   22         889.176    -519.946         469.895     715.198              22              34
  202        1740.059    -202.269         799.675     251.134             202              38
  128        1206.350     317.365         820.258     259.151             128              34
  254        1659.565   -1678.453        1070.382    -800.130             254              38
  248         875.660    -644.407        -756.636   -1173.962             248              34
   65       -1147.950    1606.165       -1222.535    1037.025              65              38
  135        2110.373    2190.927         951.891    1141.771             135              34
   30       -1472.361    1595.376         452.399     -78.269              30              38
   98        -428.560   -1785.540         656.590     106.856              98              34
   12         777.095   -1079.943        -352.829    -324.179              12              38
  127        1219.509    1747.705         420.181     842.028             127              34
   41       -1284.773      85.261          -2.980    -314.869              41              38
  231         619.412     648.367         600.606    1210.533             231              34
  148        -623.972   -1923.079         971.009   -1242.059             148              38
  167         767.407   -2762.601       -1110.223      40.587             167              34
  147        1436.986    2232.149        -153.397     538.089             147              38
  215        -354.780    1151.434        -199.129    1134.276             215              34
  161         585.470    1535.611         861.264     901.800             161              38
  243        1082.358    -639.857        1005.263     443.838             243              34
  186         951.534     365.472         645.310    -246.903             186              38
  138         500.076    -637.767         542.693     388.185             138              34
  223        1236.322    -196.220         696.956    -362.782             223              38
  196        1470.166   -1332.560         500.255      26.411             196              34
  227        2393.085     953.476          52.265    -891.450             227              38
   29       -1296.503    2655.377        -407.733     903.475              29              34
  134         553.022     361.496        1137.734    -297.043             134              38
  114       -1282.469     419.184        -576.519    -218.172             114              34
    3       -1153.152     767.164         283.623     318.771               3              38
  142       -1293.560    -408.186        -330.445     302.035             142              34
   17        -257.093     597.412         819.905     967.965              17              38
  119         535.856   -1848.937         919.966    -519.273             119              34
  248        -399.031    -844.627         158.308      18.059             248              38
   93        2246.533   -2345.664        1098.913    -911.640              93              34
  218       -2012.000    -710.576       -1580.118   -1532.927             218              38
  156       -1309.126    -516.355       -1467.432    1453.894             156              34
  100        1252.342    1840.385         622.431    1377.533             100              38
  237        1825.393   -1535.056        1056.805    -690.889             237              34
  133       -2518.421    1775.829       -1964.401    -151.529             133              38
   93        -228.049    -269.154         774.342    2030.570              93              34
    4         780.070     298.792        -157.364    -817.795               4              38
   73       -1943.901     271.900        -159.092    1596.938              73              34
  226         838.827    -756.470         113.619    -172.182             226              38
   60        -315.207     481.575          81.722    1385.352              60              34
   23        -211.074    -133.677         -63.671     -42.440              23              38
  203         501.376     -87.056         846.247    1863.909             203              34
  119        1316.984   -1870.391         749.057   -1837.574             119              38
  102       -2204.822   -1351.932       -1803.345     589.316             102              34
  104        -269.047     182.468       -1457.138     725.759             104              38
  161         678.728    2710.777        -139.893    3586.397             161              34
  163         853.982     545.521        1013.284    -382.304             163              38
  163       -1853.507    1065.011       -1962.857    2795.604             163              34
  106         474.477    4675.039        1524.197    2919.232             106              38
  248         -28.678   -2391.571        2074.472    1914.153             248              34
    9        1428.093   -1140.370         241.695    -226.595               9              38
  181        1026.948     -58.546         822.871    3517.529             181              34
   12         200.096     420.753         390.012    -524.270              12              38
   30       -1522.896   -1895.943          34.697    5559.362              30              34
  129         512.442    -831.775        -693.801       3.171             129              38
  241         136.709     411.464         196.710   19592.085             241              34
