SINAL     NFT                         FFT                         NFT INVERSA     FFT INVERSA
-----     -----------------------     -----------------------     -----------     -----------
  135       65429.000       0.000       33954.495       0.000             135             101
   42        -177.276     575.823         682.994  -19249.030              42              54
  162         957.198    -331.411         497.241      59.566             162             114
  253         673.732     744.335        1286.134   -6198.040             253             159
  236        1392.125   -2019.592        1316.593   -1238.524             236             151
   94         305.654   -1085.824         -55.584   -5054.285              94              80
  107         326.458    -476.541        -117.973    -732.373             107              87
  226        -868.866     168.249        -580.822   -3127.265             226             146
   13         115.898     180.314          52.129     202.006              13              40
  240           7.528     142.708          36.697   -2421.943             240             153
  228         -19.541     508.649         112.190      80.133             228             147
   38        -350.975    -385.795          90.838   -2046.188              38              52
  140        1038.938     708.447          95.759     217.787             140             103
   12        -530.459    1536.375         588.236   -1810.159              12              39
  255       -1895.277   -1136.898         -82.688    -656.156             255             161
  240        -757.193   -1084.790        -545.488   -1241.031             240             153
  163        1255.749     818.629         430.135     372.286             163             115
   96       -1730.597     428.934        -182.882   -1536.179              96              81
   90         130.380    -297.787         318.413    1035.027              90              78
  107        1315.101     473.746        1279.567   -1647.527             107              86
  177       -1605.795   -1267.237         143.072    -558.716             177             122
   32         443.070   -1928.301          40.759   -1829.644              32              49
  213        -474.573     284.284        -441.299     463.800             213             140
  116        1916.895    -648.782        1352.853   -1464.900             116              91
  107       -1574.185    -686.059        -797.048   -1326.493             107              87
  248        -488.523    -912.438        -434.791    -782.763             248             157
  235        -777.693     585.217        -668.251    -324.707             235             151
  235       -1491.170    -250.557        -581.570      49.395             235             150
    4        1494.903     903.618         833.152     523.373               4              35
   22       -1052.012   -1310.689          13.244   -1627.915              22              44
  248        -228.108    1158.914        -715.436     911.059             248             157
  202        -482.345    -183.018        1384.314    -247.242             202             134
  109        2130.707   -2286.137         730.103    -903.427             109              88
   70        -943.578    -695.701        -416.601   -2047.923              70              68
  248        -430.499    -396.917       -1264.158     820.566             248             157
  145        1439.040    1719.121        1238.120    -608.926             145             105
  236       -2310.432   -1031.858        -996.827    -467.692             236             151
  163         836.242     257.715         678.481       0.531             163             114
    3        -692.851    -772.647        -444.393    -497.579               3              35
   65         833.459     503.332         708.936      49.059              65              65
  212        -493.012    -749.311         -69.866   -1084.630             212             139
   73       -1523.115    -599.489        -336.657    -206.736              73              69
   58         792.032   -1234.061        -336.378      80.595              58              62
   61         904.459    1872.405         907.264     623.565              61              63
   86        1540.202   -2760.970        1229.654   -1427.297              86              76
  222         265.714     900.871        -837.089   -1019.608             222             144
  226       -1300.822     222.542         515.610     295.326             226             146
  255        1162.910   -2614.053         788.995   -1595.353             255             160
   24         639.907   -1954.414        -596.748   -1461.381              24              45
   34        -395.252     583.795       -1236.094   -1121.349              34              50
  208       -1866.328      49.401       -1120.278     618.122             208             137
   92        3133.304     554.225         608.923    -428.577              92              79
  186       -2743.667    1668.850       -1250.461    -957.184             186             126
  179       -1188.114    -286.263        -721.237     457.539             179             122
  170        -289.236    1293.212        -672.110    -223.258             170             118
  101       -2386.447    1895.063       -1240.297    1073.044             101              83
  227         191.532    2319.256        1083.422    1815.234             227             147
   16         873.122   -1388.521        1616.691   -1229.128              16              41
    2       -1794.029     221.686       -1342.295    -476.847               2              34
  183        -501.145     748.569         936.639    1121.818             183             124
   87         697.656   -1617.484         632.068   -1293.684              87              77
   64       -1134.069    -256.211        -265.779    -136.286              64              65
  154         473.743   -1336.239          82.600    -835.630             154             110
  157       -1347.924     764.323        -892.864      69.583             157             111
    4        -329.016      39.402         236.605     458.430               4              35
   31         189.519     -18.934         417.886     -60.062              31              48
   42        -570.334    -561.310          54.459    -315.903              42              54
  251         234.086    -420.998         543.046     495.718             251             158
  217        2211.260   -1902.902        1147.061   -1256.110             217             142
   12         309.698     383.920        -423.727    -688.004              12              39
  130        -185.550    -587.977         600.737   -1339.727             130              98
   59       -2226.305   -1340.581       -1889.210    -904.323              59              62
  172         904.032     909.274         430.790     547.224             172             119
   65       -1429.757   -1021.137       -1126.242   -1792.781              65              65
  128       -2417.893    2251.711       -1755.393    1761.470             128              97
    7        1298.210     988.494        1651.854     994.174               7              36
  103         262.027    -242.237         647.693   -1380.337             103              85
  113       -2492.616    -265.899        -741.695    -402.416             113              89
   53        -603.972    -217.009         334.085    -152.543              53              60
  167       -2021.770   -1610.649        -291.513    -810.302             167             116
  100        -564.607   -1694.145        -227.682    -610.221             100              83
  140       -1974.974   -1613.005       -1244.537    -477.599             140             103
  176         669.076     -84.603          -9.263     675.331             176             121
   58        -840.653   -1249.322         -51.849    -993.568              58              62
  219        -528.040   -1682.148        -975.046    -366.689             219             143
   71        -833.342     241.552       -1303.691     181.960              71              68
   50         223.351    1680.046         307.609    1363.072              50              58
  167        -409.672   -2015.511         767.647   -1600.185             167             116
   66       -2349.358   -1808.095       -2358.345    -710.311              66              66
  109       -1229.195     528.687       -1041.149    1591.121             109              87
  237        1771.738     304.114         368.011     704.770             237             152
  102       -1135.280     685.602          55.166     121.025             102              84
   44         483.298   -2519.559         312.269    -406.027              44              55
   53        -663.012   -1094.432       -1320.858   -1082.187              53              59
  229       -1741.444    -419.367       -1917.878     873.143             229             148
  101         350.458    1164.741        -915.682    1544.800             101              83
   29         528.972    1321.368         -23.217    1475.634              29              48
  179         411.080     580.688        -359.621    1200.148             179             122
   53        2639.379    2401.281         758.516    2148.670              53              60
   85        1248.503    2208.915        1295.121     686.196              85              75
  152        1394.641     419.165        1529.426    1124.408             152             109
  128        3252.484    -733.876        2014.463   -1116.835             128              97
  149         -53.786     304.731        -259.237    -557.151             149             108
  108        1188.206     431.110        1165.389    -108.872             108              87
   11        -281.302    -590.625         -63.218   -1230.661              11              39
   33        -552.396     -51.326         164.486     111.312              33              49
  121         693.402   -1989.743         134.780   -1524.424             121              94
  224       -1359.470     741.320       -1551.340     293.393             224             145
  193        1278.268     102.949         882.196      82.300             193             130
   87       -1441.739      79.787       -1556.518    -881.431              87              76
  140       -1044.527    1797.707        -297.970    1608.668             140             103
  251          18.937    -629.136          31.615    -129.927             251             158
   98         524.950    1512.973        -221.919    1204.580              98              82
  220         453.240    1441.646         707.427     525.723             220             143
   50         539.989     800.982         998.179     554.111              50              58
  127         670.047    -583.212        1012.889    -777.222             127              96
   58        -108.231    -180.732         224.821    -724.560              58              62
  252       -2019.139    -730.285        -498.194    -814.263             252             159
  106        -955.633   -1157.009        -433.568     131.502             106              86
  237        -729.319    -116.433        -798.645     279.190             237             151
  157         829.502     781.919        1282.603    1486.597             157             112
   37        1499.737   -3484.160        1058.540   -2182.839              37              51
   10        -383.778    -406.269       -1340.705    -267.670              10              38
  162         230.978   -1004.414        -248.352    -344.862             162             114
  111        1453.423    1304.528        -449.277     535.555             111              89
   31        -717.075     116.479         202.573   -1254.262              31              48
   32       -2187.998    -300.829       -2302.500      94.880              32              49
  147       -1162.592    1949.023        -613.273    1207.308             147             106
  251        -800.947     593.924        -473.000    1327.000             251             159
  235         253.424     597.209         558.978     721.110             235             150
  230         343.778    -809.383         -81.493     757.181             230             148
  178        2625.062     622.662         620.914     356.249             178             122
  164         525.530    2135.964          24.108     427.459             164             115
   91       -1045.518     574.371         150.549    -178.881              91              78
   80        -934.240     712.337        -830.666    1250.872              80              73
  180        1071.258    1247.063        1240.836     864.474             180             123
  180         -39.047     224.145          53.629     587.536             180             123
  111        1374.629     711.256        1622.296     565.642             111              88
   66         664.007   -1734.899         432.930    -610.799              66              66
   21        2024.048     229.263         402.007    -111.381              21              43
   17         588.440    1852.930          10.516     202.137              17              42
  221        -214.921    1396.092        1028.114    -260.223             221             143
  115       -2229.425    -816.138        -587.443    -492.135             115              91
  206        -137.529    -439.347         465.092     317.429             206             136
  227        -359.088    -952.368        -496.235    -422.227             227             147
  101        -499.204     870.866          39.359     813.906             101              83
   16         476.856    -987.036         324.995     123.343              16              41
   89         552.842     734.463         337.411     -37.331              89              77
  229       -1685.873    -794.752        -365.387     181.051             229             148
   71        1481.873   -1244.855         676.845     155.151              71              68
  140         -20.503    -708.208       -1175.780    -401.720             140             103
  103         246.769    2878.417        -293.015    2005.455             103              84
   56         112.754     812.590         743.708    1199.938              56              61
  205        2777.415    1068.704        1958.474    1404.317             205             135
  130        1754.276   -1258.571        1933.771   -1249.242             130              98
  176         542.444   -1585.677         -29.988    -633.232             176             121
   94        2020.405    -495.240         434.429      17.930              94              80
  229        2951.918    1245.418         851.430    -213.328             229             147
   16        -236.833    1190.399         298.873    -875.237              16              41
   30        -349.575      26.734          97.596    -322.068              30              48
  229        -722.669    -218.761        -339.710    -855.885             229             148
  160       -1025.589     711.819        -985.279     410.535             160             113
  208       -1291.374    2081.921        -356.658    1065.850             208             137
  237         194.442     678.408        1148.131    1756.613             237             151
  173        2849.534    -803.994        1943.357    -824.062             173             120
  148        -978.362     548.271        -468.286    -179.033             148             107
  221         973.768     869.438        1615.047     763.949             221             144
    4         174.755   -2114.611        1279.368   -1533.710               4              35
   46         -55.926   -2500.659        -427.799   -1032.183              46              56
   51         728.590     114.491        -191.414     282.942              51              58
   96        1976.051    -200.091        1095.823    -227.983              96              81
  123         346.930    -201.523         -94.745   -1332.199             123              94
  164       -1120.508     457.234        -697.164     154.236             164             115
   76         462.468    1206.653         495.410     331.506              76              71
   26       -1292.892    -355.166         505.851    -420.249              26              46
  228        -115.284   -1987.400         229.218    -161.663             228             147
   25        2291.947   -1768.217         999.171    -843.595              25              46
  201        -144.068   -1019.935       -1064.281   -1727.374             201             133
  121       -1256.377     646.275       -1123.073     939.296             121              94
  185        1738.168     422.808         294.914     -50.005             185             125
   75       -1424.919    1523.931        -643.548     861.823              75              71
  109        3047.154     144.951        1550.695     609.610             109              87
  220         237.924    1473.990         454.738    -776.425             220             143
  156         290.566    -913.518         751.696    -170.690             156             111
  198        1434.143     395.252         367.971   -1198.456             198             132
   33       -1545.314     784.739         -64.541    -646.197              33              49
   46       -1801.789   -1077.807        -188.895   -1188.063              46              56
   39       -2220.432   -1522.221       -1283.030    -405.230              39              52
   49          13.031     128.279        -172.796     690.952              49              58
  241         671.797    -840.725         477.660    -623.960             241             153
  237       -1019.426    -379.522        -719.806    -631.819             237             152
  135        -605.900   -1232.980        -414.572    -205.557             135             100
  113         313.072    -350.356        -938.606    -233.570             113              90
  146         -21.047    1699.336        -598.719     592.292             146             106
   47        -986.224    1467.707         -37.036     383.494              47              57
   93        -470.440    -793.098         174.158    -100.864              93              79
   74        -133.938      -1.784        -456.524    -461.453              74              70
  146       -1848.693     123.930        -779.304    -143.581             146             106
  222       -1833.176    -602.403       -1233.336     389.713             222             144
  193         394.796     548.209        -448.050    1210.034             193             129
  242         278.730    1205.181          83.119     703.802             242             154
   37         664.577     259.508         192.065     274.709              37              51
   44       -1284.697    1276.823        -776.325     -20.462              44              55
   55       -1678.570     428.611        -845.345    1322.114              55              60
  254         278.325    1880.467         -55.008    1601.252             254             160
   31         609.076    1366.042        1022.602    1707.317              31              48
  148        1202.017     561.989        1282.579     281.603             148             107
   98         553.853    -397.956         697.875     670.585              98              82
   40        2766.977     786.724        1675.385    -154.468              40              53
  235       -1303.091   -1020.746        -109.237   -1070.673             235             150
    2         304.626     956.274        -389.687     979.176               2              34
   66         474.783     888.210        1392.567     375.084              66              66
  102          21.735   -1045.988         118.830    -511.612             102              84
  215         530.573     775.788         571.763     672.388             215             140
   14         571.381    -281.342         958.768    -624.436              14              40
   18        -948.888   -1091.346         -59.904    -474.550              18              42
   24        -257.033    -438.820        -378.300     -89.029              24              45
  152        -797.527     150.382         152.264    1029.588             152             109
  252        2354.049   -1920.978        1155.174    -149.878             252             159
  150        1656.523     276.148          81.102    -185.447             150             108
  178         831.897     508.448         532.643    -116.735             178             122
   85         565.954     192.498          24.588     -24.328              85              75
  203        1037.977    1016.794         669.351    -129.300             203             135
  110        -979.237     249.660        -290.797    -526.532             110              88
  237       -1241.091     653.620        -431.177     489.053             237             152
   23         110.556     819.433         362.163    1259.783              23              44
  165        1341.644     369.034        1641.789       6.436             165             116
   18        -662.957    -747.736         -64.813     140.947              18              42
  110        3702.227     239.886        2943.055     570.701             110              88
  104         969.999   -3502.719         421.500   -3768.313             104              85
   25       -1988.837    2139.314       -1776.081     782.836              25              46
  135          56.295   -1248.936        1657.340    -700.988             135             100
   74        -655.905   -1790.825       -1292.474    -930.947              74              70
  251         528.701     693.852         439.086     137.447             251             158
  110       -1779.295    -677.747       -1033.850    -529.116             110              88
  210        1034.937     401.777         680.521    1080.482             210             138
   12        -174.570    -700.237         226.197   -1264.231              12              39
  180        -211.812   -1125.555        -156.529     514.031             180             123
   62        1716.942    -499.547         300.233   -1401.291              62              64
  102       -2610.485     715.050       -1641.756     683.313             102              84
   70        1868.309     504.984        1317.897     525.767              70              68
  137        -970.464   -1066.257        -444.766    -896.093             137             101
  139         516.039     -58.863         -96.490     245.424             139             103
  189         147.024      42.743        -508.526       7.119             189             127
   95         873.155    2430.635         537.119     591.826              95              81
   28       -2079.945    -778.350         -33.734    -662.807              28              47
  163          82.651    -389.490         -62.135     150.370             163             115
  255       -1399.141   -1316.970        -792.303    -470.271             255             160
   85         991.342    1911.586        -326.322    1592.667              85              76
  194        -794.739      98.780        1018.327     -63.962             194             130
  243        1183.051   -1374.663          15.888     151.875             243             155
  194         118.081     264.450         247.665    -585.892             194             130
   36        -539.936    -351.142       -1093.979     557.453              36              51
   59         630.564    2396.147         498.609    1143.360              59              62
  152         -53.143    -120.171         798.290     715.578             152             109
   96        2034.083    -646.509        1203.651    -382.919              96              81
  183        -147.000      -0.038        -204.000       0.000             183              36
  102        2033.783     647.044        1203.643     382.922             102              36
  239         -53.419     119.805         798.292    -715.576             239              36
    1         631.172   -2395.984         498.610   -1143.359               1              36
  198        -540.194     351.154       -1093.979    -557.456             198              36
  220         118.180    -264.284         247.661     585.893             220              36
  156        1182.421    1375.022          15.889    -151.874             156              36
  159        -794.882     -99.322        1018.326      63.965             159              36
  160         991.772   -1911.180        -326.319   -1592.668             160              36
   53       -1399.784    1316.668        -792.306     470.269              53              36
   70          82.421     389.409         -62.135    -150.369              70              36
   56       -2080.093     777.337         -33.736     662.807              56              36
  192         874.216   -2430.445         537.121    -591.825             192              36
  196         147.084     -42.461        -508.526      -7.122             196              36
  100         515.971      59.207         -96.490    -245.425             100              36
  227        -970.746    1065.924        -444.769     896.092             227              36
  189        1868.374    -504.454        1317.897    -525.766             189              36
  254       -2610.224    -715.783       -1641.755    -683.318             254              36
  155        1716.967     500.347         300.230    1401.291             155              36
  248        -212.271    1125.536        -156.528    -514.032             248              36
    1        -174.758     700.046         226.195    1264.231               1              36
   73        1034.943    -401.488         680.524   -1080.480              73              36
   69       -1779.556     677.126       -1033.851     529.114              69              36
   11         529.055    -693.584         439.087    -137.446              11              36
  100        -656.446    1790.677       -1292.475     930.946             100              36
  239          55.952    1248.624        1657.339     700.993             239              36
    9       -1987.757   -2139.943       -1776.079    -782.840               9              36
  185         969.488    3503.020         421.490    3768.314             185              36
   69        3702.348    -239.075        2943.057    -570.696              69              36
  145        -663.407     747.157         -64.813    -140.950             145              36
   45        1341.680    -369.001        1641.789      -6.433              45              36
  132         110.555    -819.670         362.166   -1259.783             132              36
  123       -1240.951    -654.175        -431.177    -489.053             123              36
  248        -978.867    -250.121        -290.800     526.530             248              36
  229        1038.622   -1016.496         669.351     129.302             229              36
  254         566.183    -192.269          24.588      24.326             254              36
  212         832.242    -508.097         532.642     116.735             212              36
  238        1656.674    -275.364          81.100     185.447             238              36
  134        2353.049    1921.783        1155.174     149.881             134              36
  151        -797.907    -150.813         152.266   -1029.588             151              36
   73        -257.361     438.680        -378.300      89.030              73              36
  115        -949.238    1090.828         -59.905     474.548             115              36
   33         571.388     281.180         958.766     624.439              33              36
   50         530.793    -775.812         571.766    -672.388              50              36
   74          21.346    1045.738         118.828     511.611              74              36
  182         475.048    -888.397        1392.568    -375.080             182              36
   88         304.835    -956.241        -389.686    -979.178              88              36
  224       -1303.238    1020.147        -109.240    1070.673             224              36
   13        2767.357    -786.059        1675.384     154.471              13              36
  216         553.491     397.877         697.876    -670.584             216              36
  198        1201.936    -561.987        1282.580    -281.599             198              36
  100         609.117   -1366.145        1022.606   -1707.314             100              36
  159         278.427   -1880.417         -55.005   -1601.252             159              36
  225       -1678.797    -429.135        -845.343   -1322.116             225              36
   91       -1284.251   -1277.200        -776.326      20.461              91              36
   43         664.677    -259.209         192.066    -274.707              43              36
  117         278.932   -1204.976          83.121    -703.802             117              36
  140         394.577    -547.805        -448.048   -1210.035             140              36
  225       -1833.722     601.954       -1233.335    -389.715             225              36
   60       -1848.604    -124.504        -779.303     143.579              60              36
   71        -133.814       1.807        -456.525     461.451              71              36
  163        -470.699     792.814         174.158     100.864             163              36
  242        -985.630   -1468.169         -37.036    -383.494             242              36
  147         -20.324   -1699.052        -598.716    -592.292             147              36
  255         312.950     350.909        -938.606     233.570             255              36
   79        -606.375    1232.985        -414.574     205.556              79              36
  157       -1019.433     379.249        -719.808     631.818             157              36
  139         671.584     840.958         477.659     623.961             139              36
  116          12.851    -128.222        -172.795    -690.953             116              36
  119       -2221.020    1521.473       -1283.032     405.227             119              36
   29       -1801.844    1076.883        -188.898    1188.064              29              36
   17       -1544.411    -785.543         -64.541     646.197              17              36
   33        1434.835    -394.829         367.970    1198.456              33              36
  248         290.564     913.404         751.696     170.692             248              36
   99         238.836   -1474.108         454.736     776.426              99              36
  222        3047.231    -143.990        1550.697    -609.606             222              36
  129       -1424.463   -1524.359        -643.547    -861.824             129              36
   34        1738.334    -421.987         294.914      50.006              34              36
  236       -1256.182    -646.332       -1123.071    -939.299             236              36
   53        -144.074    1020.284       -1064.286    1727.371              53              36
   10        2291.407    1769.128         999.168     843.596              10              36
   86        -116.200    1987.133         229.218     161.664              86              36
   57       -1292.968     354.289         505.850     420.249              57              36
  179         463.009   -1206.725         495.410    -331.505             179              36
  250       -1120.133    -457.564        -697.162    -154.237             250              36
  176         347.305     201.714         -94.748    1332.199             176              36
  231        1976.173     200.802        1095.824     227.986             231              36
  122         728.544    -114.047        -191.413    -282.944             122              36
  205         -56.782    2500.684        -427.800    1032.183             205              36
   47         174.148    2114.156        1279.364    1533.711              47              36
  108         974.060    -869.661        1615.048    -763.945             108              36
   93        -978.007    -548.832        -468.286     179.030              93              36
  217        2849.288     804.619        1943.356     824.065             217              36
  182         194.263    -678.825        1148.135   -1756.611             182              36
  160       -1290.866   -2082.537        -356.656   -1065.850             160              36
  252       -1025.245    -712.067        -985.276    -410.537             252              36
  222        -722.461     218.528        -339.710     855.884             222              36
  128        -349.155     -27.011          97.595     322.067             128              36
   73        -235.798   -1190.571         298.870     875.238              73              36
  207        2952.794   -1244.223         851.431     213.330             207              36
   62        2020.228     496.219         434.429     -17.930              62              36
   20         541.921    1585.878         -29.991     633.230              20              36
   31        1753.926    1258.777        1933.767    1249.247              31              36
    0        2777.461   -1068.184        1958.478   -1404.313              -0              36
   77         112.559    -812.802         743.709   -1199.936              77              36
  114         247.444   -2878.154        -293.010   -2005.457             114              36
  204         -20.911     708.640       -1175.783     401.716             204              36
   66        1481.110    1245.447         676.845    -155.148              66              36
   67       -1686.399     794.019        -365.387    -181.052              67              36
  112         553.062    -734.363         337.411      37.333             112              36
   28         476.306     987.104         324.995    -123.342              28              36
   18        -499.135    -871.111          39.362    -813.905              18              36
   95        -359.532     952.221        -496.236     422.225              95              36
  199        -137.856     439.094         465.092    -317.427             199              36
   63       -2229.615     814.984        -587.445     492.132              63              36
  230        -214.037   -1396.575        1028.113     260.227             230              36
  115         589.451   -1852.741          10.516    -202.137             115              36
  113        2024.250    -228.362         402.006     111.382             113              36
   66         663.353    1735.007         432.927     610.799              66              36
  218        1374.693    -711.123        1622.298    -565.636             218              36
  223         -39.177    -224.414          53.631    -587.537             223              36
    0        1071.409   -1246.896        1240.837    -864.471              -0              36
  168        -934.270    -712.725        -830.664   -1250.874             168              36
  245       -1045.234    -574.859         150.549     178.884             245              36
   88         526.511   -2135.732          24.110    -427.459              88              36
  160        2625.152    -621.472         620.914    -356.247             160              36
  135         343.067     809.596         -81.492    -757.181             135              36
   67         253.186    -597.196         558.982    -721.105              67              36
  254        -801.158    -594.229        -473.000   -1327.000             254              36
   81       -1162.207   -1949.203        -613.274   -1207.312              81              36
  106       -2188.037     300.423       -2302.500     -94.885             106              36
  243        -716.641    -116.570         202.568    1254.262             243              36
   65        1454.060   -1303.685        -449.275    -535.555              65              36
   10         230.583    1004.931        -248.354     344.861              10              36
  158        -383.835     406.522       -1340.705     267.667             158              36
  200        1498.567    3484.616        1058.533    2182.841             200              36
  221         829.428    -781.928        1282.605   -1486.594             221              36
   67        -729.710     116.229        -798.645    -279.193              67              36
  135        -956.222    1156.644        -433.567    -131.503             135              36
   72       -2019.266     729.382        -498.197     814.261              72              36
  104        -107.946     180.438         224.820     724.561             104              36
  111         670.054     583.079        1012.886     777.224             111              36
  208         540.310    -801.206         998.180    -554.109             208              36
   28         453.701   -1441.696         707.427    -525.721              28              36
  116         525.335   -1512.704        -221.918   -1204.580             116              36
    5          18.509     629.155          31.613     129.927               5              36
  195       -1044.051   -1798.027        -297.966   -1608.669             195              36
  109       -1441.500     -80.047       -1556.522     881.426             109              36
  150        1278.432    -102.390         882.198     -82.298             150              36
   82       -1359.129    -741.491       -1551.339    -293.399              82              36
  221         692.931    1990.101         134.776    1524.424             221              36
  157        -552.265      51.009         164.486    -111.312             157              36
   75        -281.141     590.375         -63.221    1230.662              75              36
  153        1188.664    -430.889        1165.389     108.874             153              36
   83         -53.297    -304.809        -259.239     557.150              83              36
   91        3252.455     734.764        2014.460    1116.840              91              36
   39        1394.626    -419.116        1529.427   -1124.405              39              36
  172        1249.126   -2208.745        1295.122    -686.193             172              36
  109        2639.804   -2400.216         758.519   -2148.669             109              36
  112         410.702    -580.241        -359.619   -1200.147             112              36
  215         528.910   -1320.876         -23.215   -1475.634             215              36
  239         350.237   -1164.070        -915.680   -1544.802             239              36
  107       -1742.011     419.408       -1917.875    -873.147             107              36
  167        -663.488    1094.691       -1320.861    1082.182             167              36
  224         482.243    2519.762         312.268     406.027             224              36
  205       -1135.195    -686.096          55.166    -121.025             205              36
  182        1771.521    -303.369         368.012    -704.771             182              36
  124       -1229.594    -528.721       -1041.146   -1591.123             124              36
   88       -2350.118    1807.637       -2358.347     710.307              88              36
  110        -410.270    2015.201         767.642    1600.188             110              36
   94         223.801   -1680.051         307.613   -1363.071              94              36
  169        -833.434    -241.442       -1303.691    -181.963             169              36
  157        -528.716    1682.263        -975.047     366.688             157              36
   13        -841.120    1249.059         -51.853     993.568              13              36
  244         668.820      84.919          -9.263    -675.330             244              36
  193       -1975.757    1612.469       -1244.538     477.598             193              36
    0        -565.281    1693.859        -227.683     610.220               0              36
   98       -2022.330    1609.642        -291.516     810.302              98              36
  148        -603.990     216.418         334.085     152.546             148              36
   21       -2492.452     264.749        -741.696     402.414              21              36
   85         262.363     241.946         647.691    1380.339              85              36
  229        1298.462    -988.403        1651.857    -994.169             229              36
  162       -2417.230   -2252.419       -1755.390   -1761.474             162              36
   45       -1429.731    1020.850       -1126.247    1792.780              45              36
  194         904.520    -908.821         430.791    -547.223             194              36
   35       -2226.542    1340.004       -1889.213     904.317              35              36
  184        -185.232     587.852         600.733    1339.730             184              36
  117         310.306    -383.729        -423.727     688.004             117              36
   67        2210.767    1903.649        1147.059    1256.112              67              36
  196         233.771     420.865         543.048    -495.716             196              36
  141        -570.571     560.910          54.457     315.904             141              36
   25         189.497      18.784         417.887      60.068              25              36
   58        -329.099     -39.678         236.606    -458.430              58              36
  254       -1347.580    -764.747        -892.864     -69.589             254              36
  180         473.396    1336.408          82.598     835.630             180              36
  115       -1134.052     255.705        -265.778     136.284             115              36
   94         697.199    1617.405         632.065    1293.685              94              36
  244        -500.993    -749.126         936.641   -1121.816             244              36
  129       -1793.776    -222.460       -1342.296     476.844             129              36
   23         872.862    1388.346        1616.688    1229.132              23              36
  144         192.144   -2319.689        1083.425   -1815.232             144              36
   99       -2385.784   -1895.906       -1240.294   -1073.048              99              36
  155        -288.575   -1293.117        -672.111     223.257             155              36
    6       -1188.056     285.953        -721.235    -457.540               6              36
  101       -2742.458   -1669.659       -1250.462     957.181             101              36
  253        3133.912    -552.838         608.922     428.579             253              36
   43       -1866.209     -49.700       -1120.276    -618.125              43              36
  237        -394.564    -583.451       -1236.096    1121.347             237              36
  108         639.689    1955.065        -596.750    1461.379             108              36
   90        1162.180    2614.337         788.991    1595.354              90              36
  141       -1300.529    -223.261         515.611    -295.324             141              36
  133         266.499    -900.654        -837.090    1019.605             133              36
   38        1539.564    2761.391        1229.651    1427.298              38              36
  222         905.121   -1872.232         907.266    -623.563             222              36
  237         791.466    1234.456        -336.378     -80.596             237              36
   54       -1523.336     598.905        -336.657     206.735              54              36
  120        -492.967     748.976         -69.868    1084.631             120              36
    9         833.800    -503.152         708.937     -49.057               9              36
   90        -692.975     772.350        -444.395     497.578              90              36
  238         836.381    -257.515         678.483      -0.528             238              36
   54       -2310.525    1030.905        -996.828     467.689              54              36
   29        1439.972   -1718.685        1238.117     608.930              29              36
   81        -430.513     397.008       -1264.157    -820.568              81              36
  126        -943.404     695.559        -416.605    2047.927             126              36
  142        2130.172    2286.711         730.103     903.429             142              36
  114        -482.432     182.452        1384.313     247.243             114              36
  228        -227.620   -1159.095        -715.432    -911.061             228              36
  107       -1052.164    1310.238          13.241    1627.914             107              36
   76        1495.343    -903.273         833.154    -523.374              76              36
   31       -1491.223     250.039        -581.571     -49.398              31              36
  122        -777.196    -585.411        -668.251     324.706             122              36
    0        -488.501     912.377        -434.793     782.762               0              36
  158       -1573.826     685.491        -797.050    1326.492             158              36
  252        1917.164     649.309        1352.849    1464.903             252              36
  117        -474.236    -284.425        -441.297    -463.800             117              36
  213         442.677    1928.406          40.755    1829.645             213              36
  219       -1605.782    1266.299         143.072     558.715             219              36
   30        1315.740    -473.674        1279.562    1647.530              30              36
    5         130.460     297.561         318.416   -1035.025               5              36
  173       -1730.000    -429.773        -182.885    1536.181             173              36
  228        1256.495    -818.242         430.136    -372.286             228              36
  152        -757.296    1084.498        -545.493    1241.025             152              36
  118       -1895.055    1135.858         -82.689     656.157             118              36
   89        -529.028   -1536.902         588.232    1810.159              89              36
  194        1039.954    -708.119          95.759    -217.788             194              36
  228        -350.411     385.614          90.831    2046.187             228              36
  226         -18.546    -508.758         112.190     -80.132             226              36
  143           8.465    -142.732          36.691    2421.944             143              36
   33         116.897    -180.278          52.130    -202.006              33              36
   59        -867.629    -168.465        -580.831    3127.258              59              36
  132         327.757     476.762        -117.975     732.373             132              36
  136         306.962    1085.948         -55.596    5054.284             136              36
  202        1393.343    2019.727        1316.591    1238.525             202              36
  125         676.301    -744.508        1286.117    6198.037             125              36
   40         960.470     331.474         497.241     -59.564              40              36
   48        -170.227    -576.104         682.944   19249.020              48              36
