SINAL     NFT                         FFT                         NFT INVERSA     FFT INVERSA
-----     -----------------------     -----------------------     -----------     -----------
  166       64340.000       0.000       34559.495       0.000             166             118
  133        -641.443   -1125.071         318.732  -19833.978             133              99
  101         938.789   -1410.058         253.239    -814.521             101              85
   75       -1303.694     271.018       -1016.105   -6775.624              75              70
   11        -144.983     534.627          32.907     689.711              11              40
   18        -341.660     664.505         500.345   -3742.852              18              42
  170        -466.351   -2176.237         737.269    -822.596             170             120
    7         110.150   -1984.999        -820.427   -3303.635               7              36
   62        2028.884     170.066         915.525     -81.028              62              66
  213        -570.544   -1752.062        -740.887   -4241.224             213             139
  104        -964.417     232.072       -1346.659     -80.530             104              87
   28       -1554.328    -190.077       -1391.261   -2292.304              28              47
  125        -519.116    1385.134       -1121.428    1243.674             125              97
   30        -210.913    1273.706         -36.431   -1717.313              30              48
  254       -2619.088     262.189       -1317.522     203.705             254             162
  219       -1102.352     -84.786       -1197.285    -990.369             219             142
  249       -1319.171    2783.995       -1447.844    1981.126             249             159
   59        -296.116    1971.847         936.210     130.519              59              62
  123       -1431.697    -629.291        -773.999     195.667             123              96
  232         -61.482    2513.936        -247.699     913.793             232             149
  237        -482.588    1100.858         832.396    1084.670             237             153
  252         420.370     548.467         516.109    -276.413             252             159
  247       -1199.868     688.143         389.910     708.561             247             158
  228         677.227    -367.992         710.039      50.016             228             147
  191         487.548     274.599        1149.063     203.390             191             130
  144         115.234   -1511.607         152.059    -968.640             144             105
   36         270.342    1161.946         455.632    1089.381              36              53
  174        2133.307   -1788.868        1901.767   -1014.231             174             120
  162         439.642    -855.545        -428.659   -1546.524             162             116
  105       -1280.158    1200.146        -875.544     728.510             105              85
   95        1980.011     901.414        2189.559     440.796              95              82
  141        -726.204   -3076.458         -56.311   -2510.303             141             103
   98        -169.185     310.408        -969.990     440.851              98              84
  141         295.693    -183.553         116.704    -237.797             141             103
   72         906.475    1494.559          32.810     511.168              72              71
   14        -450.475     657.197         465.017    -101.073              14              40
   89         696.382     405.369        1016.142     -15.536              89              79
  113       -1267.609   -2640.271        -253.667   -1649.050             113              89
   82        1366.583    1086.408        -654.518     947.962              82              76
    4        -102.846    1183.443         842.785    -424.015               4              35
  220        -415.817     250.244        -101.936     -80.498             220             145
  231       -2016.961    -876.648        -122.829    -678.824             231             148
   15         405.292    -240.400        -577.235    1047.105              15              42
  166         673.417     649.981        1222.113      59.731             166             116
   73         772.476   -1220.917          66.592    -163.662              73              71
  102         899.754     134.569         584.425    -345.798             102              84
   48         849.731     124.502        -402.992    -167.107              48              59
  189        -769.767    2091.073         207.984     481.684             189             127
   78         882.898    -243.997         643.064     393.977              78              74
  145         380.712    1150.613         999.995    -448.554             145             105
  160       -1097.573   -1448.667        -205.021    -637.586             160             115
  178        -458.811     756.502         -48.384     806.771             178             122
   69        2482.722   -1017.588        1812.663     188.114              69              69
   15        1323.282    -274.187         576.273   -1576.678              15              40
  139        -457.801    -151.572          82.261    -407.640             139             104
  181        -390.828    -915.751          57.928   -1236.894             181             123
  122        -554.626    -795.903        -615.766    -347.334             122              96
  117        -882.239    -259.320        -698.676    -720.700             117              91
  105        -682.094     544.574       -1201.941    1118.728             105              87
  230        1203.212    2405.379         888.902     691.536             230             148
  252       -1424.720     121.687         -44.838     -14.267             252             161
   17          -5.265     350.572         264.501     443.974              17              41
   33        -324.347     546.493         223.401     553.299              33              51
  203         641.641     -55.235        1220.802     456.076             203             134
  161        1344.797   -1121.550         733.540    -814.456             161             115
    6       -1353.289     556.107        -262.337    -103.928               6              36
  135         247.612   -1699.255         519.445     552.286             135             102
  147        3056.704    -372.076         987.560    -184.408             147             106
  254        1171.872     231.156         225.670    -688.514             254             162
  136         -14.366    2103.113        -320.003     651.943             136             101
  182        1330.149    1612.547        2009.935     654.790             182             126
   10         460.145   -1542.662         817.349   -1870.691              10              38
  218        -436.462    1655.489        -383.946     141.332             218             144
  167       -1829.095     499.236        1113.538    -424.886             167             116
  151        -987.025   -2541.233        -115.378    -498.807             151             110
  121         618.802     543.697         957.032     301.491             121              93
  231         602.399   -2453.529        1400.755   -1122.808             231             150
  151         240.473   -1838.095         152.008   -1729.943             151             108
   10       -1347.308   -1975.709        -552.055    -853.642              10              40
  200         585.610   -1550.594          -7.034    -598.053             200             133
  152          10.739   -1424.582        -608.064    -999.963             152             111
  158        -545.798     814.403        -778.476     436.453             158             112
  238         739.478    -631.537         961.643     -86.654             238             154
   23         119.756   -1264.660        -285.301   -1342.503              23              44
  143       -1091.727    -637.092        -758.148    -169.994             143             106
  243         645.820    -186.334        -197.620     -77.099             243             154
   78        -942.153     -62.578        -343.751    -567.655              78              74
  251       -1285.868    -617.405       -1198.040     446.659             251             158
  209        1325.401     936.003         837.004     779.005             209             139
   86        -421.913   -1859.625        -300.169    -995.144              86              76
   35        1042.553    1480.729        -573.729     864.636              35              52
  225       -1110.442    1099.141         618.840     184.098             225             145
   66         513.674   -2269.655         190.704    -542.639              66              68
  113       -1232.694     618.229       -1258.541     -29.965             113              89
   82         474.509     177.665         565.156    1833.824              82              76
  164        2670.294    -741.797        1123.690    -971.482             164             115
  248        -987.140     784.174        -877.424     345.091             248             159
   75         804.482     400.107        1107.416     739.773              75              70
   30        1483.507   -2103.195         630.956    -941.704              30              50
  124         594.028     435.467        -794.730    -114.020             124              95
  143        1089.349    1337.495         405.882     770.854             143             106
  231         110.700    1559.817          18.978     103.384             231             148
   37         395.036    1261.239        1365.576    1241.293              37              53
  106        1559.530   -2020.050        1503.031   -1900.699             106              86
  146       -1632.848    -426.673       -1443.608    -304.729             146             108
  225         866.632     893.362         978.377    1225.012             225             145
   43        2148.169   -1999.604        1400.039   -1288.301              43              56
  195        -426.891     268.213       -1084.723    -580.545             195             130
   43        1088.451     606.118        1283.256     750.582              43              56
  124         205.616   -1719.755        -230.243   -2138.508             124              95
  107       -1358.571    1245.765       -1205.218    1523.652             107              88
   73        2250.406    1115.723        1408.341     541.715              73              69
   17         547.446    1076.129        1515.603     566.708              17              43
  228        1946.288   -3270.852        2166.155   -2190.663             228             147
   81         665.239   -2179.641        -532.349   -1416.978              81              75
  223        1726.038    -873.918         497.759   -1871.379             223             144
  235       -2399.718    -444.047       -2052.063   -1105.134             235             152
  214         -54.200     189.318        -159.670     186.993             214             140
  144        -626.342    -795.296        -979.054    -647.441             144             107
  234         328.945     876.619        -559.179     391.333             234             150
  157         -49.681    1123.189        -437.993     315.475             157             113
  151         261.653    1800.246         346.771     477.497             151             108
  128        -544.117    -116.318         434.100    -236.470             128              99
  122         412.951    -595.401         181.730    -746.506             122              94
  118       -1068.466    -305.591        -610.176    -622.857             118              94
  110       -1350.592    -149.793       -1067.820    -381.209             110              88
   73       -1876.917     698.393       -1335.853    1508.189              73              71
  171        2567.469    1524.478        1323.054    1442.963             171             118
   74         423.970     275.969         977.000    -106.000              74              72
  194        2214.505    -553.443        1222.827    -471.209             194             130
  236        -595.328    -540.115          -4.212   -1340.867             236             153
  127         451.300    -902.870        -341.714    -324.428             127              96
  150          38.065     739.788        -228.366    -459.537             150             110
   88         102.321     318.033        -347.548    -109.865              88              77
   51        -849.396    1465.018         -94.602    -176.470              51              60
   51        -894.157    -711.506        -442.679    -326.420              51              58
  237       -1082.429    1628.179        -574.636     332.028             237             153
   87        -963.065    -343.162           2.741     429.619              87              76
  164         219.435    1080.755         229.914     330.263             164             117
   16        -821.043    -833.045         359.408     -10.968              16              41
  212        1153.822     135.015         547.957      22.273             212             141
   18        -654.769   -1448.565         467.253   -1148.323              18              42
   28        -174.684   -1346.365        -950.838    -557.325              28              49
   30        -130.088     525.624        -240.436     -11.785              30              48
   20        -896.155    -311.238        -591.825    -285.167              20              45
   68        -795.019    -232.445        -736.212     222.538              68              67
  248         288.881     680.091        -193.630     743.865             248             159
  133         524.372    -109.863         284.875    -211.772             133              99
   54        -821.849     396.781        -887.406     -72.525              54              62
   76        -967.630     520.951        -660.426     903.476              76              71
  192        1143.540    1209.493         509.707    1244.026             192             131
   86         878.203    -657.838         571.777    -518.743              86              76
  207         325.632    1675.242        -800.186     903.022             207             138
  119         836.443    1457.219        1308.612     686.574             119              92
  163        1242.641     320.803         431.583    -127.225             163             116
  168          77.999     947.105         971.456    -805.176             168             117
  250       -2470.201   -1315.215       -1417.270    -659.478             250             160
  206         912.915    1153.807         377.981    1051.998             206             136
   11        -401.230    -451.437        -152.192   -1058.009              11              40
   25       -1430.897     925.632       -1390.811     526.991              25              45
   79       -1360.600    2465.227        -550.206    1365.504              79              74
  109       -1264.515     713.066         249.480    1531.798             109              87
   55        1842.660    1027.444        1102.507    1631.815              55              62
   27        1583.166      29.190        2237.040    -167.751              27              46
   27        1104.864   -1852.935         -74.561    -624.621              27              48
   45        2336.156    2568.577        1187.505     215.520              45              55
   24       -2571.815    -278.618        -729.494   -1039.321              24              47
  129          35.201    2044.137         193.479    2094.221             129              97
  251        1020.216     -64.492        1962.735    -332.875             251             160
  203         541.382    -511.926         540.289    -281.676             203             134
  244         189.032    -161.439         937.996    -684.772             244             157
   51        -139.101   -1169.067          98.902    -648.620              51              58
   10        -311.819     306.522          57.910    -448.476              10              40
  149       -1227.729    -817.408        -132.194    -184.508             149             107
  229         184.039       3.586        -212.613     230.168             229             149
  240         -72.331    1215.537         734.255     549.048             240             153
   66        -812.877   -1442.941         526.533    -376.292              66              68
   25        1752.360   -1293.942         903.931      40.340              25              45
   54         589.550    -926.566          86.951   -1515.048              54              62
  186        -882.815     622.090        -773.821     697.007             186             126
  118         646.419     389.607         801.447      23.086             118              94
  143         596.359     182.798         467.286     668.230             143             104
   22        2425.887     293.768        2084.900   -1416.878              22              46
  196       -4388.735   -1472.308       -1497.531   -1685.531             196             131
  160       -1143.150   -1926.524        -495.340     492.648             160             115
  179         244.662    -657.491        -715.019     630.661             179             122
  213        3241.682    1335.686        1672.458    1249.826             213             141
    1         517.003     164.960         850.408   -1355.917               1              33
  214        -807.758    -984.954         459.189       2.792             214             142
  237        1591.422   -1850.713         410.505   -1277.989             237             151
  211        -325.597     561.741          92.074     -93.799             211             140
   91         133.082   -2427.161          53.838   -1592.260              91              78
  104        -756.869     926.376       -1045.541     763.544             104              87
   27        2245.370   -1092.353        1754.677    -722.952              27              46
  171       -1068.463    -723.066       -1428.374   -1447.875             171             120
  121         337.969     827.609          88.787     619.476             121              93
   89        -887.221       7.627        -278.635   -1220.132              89              79
   80       -1535.128    -472.392        -996.884     434.320              80              73
  105         505.791    1280.764         389.952     163.933             105              87
  226       -1691.397   -1718.535        -308.868    -552.674             226             146
   63         997.250     533.300        -448.914     452.285              63              66
  133        -372.155     441.344         605.374    -176.333             133              99
  152        -595.549    -631.711        -659.517    -597.100             152             111
   23       -1339.425     529.475        -256.384     407.541              23              44
  254        -450.693    -720.258        -169.931     -45.286             254             162
  229        -304.422    -326.788          44.554     355.261             229             147
   43         674.494    -606.937         194.291    -301.005              43              56
  169        -876.677    -503.664        -344.965    -136.527             169             117
   91         604.452    -629.990         -19.791     152.281              91              80
  242          89.332    -816.627        -127.273    -607.178             242             154
   73        -307.370     -69.645       -1261.289     353.872              73              71
  208        1006.132    1483.307         218.803     821.292             208             137
   23        -642.924    1233.177        -582.703     498.744              23              46
   77        1360.850    1123.272        1256.954    1204.639              77              71
  218         386.345     290.505         110.805   -1034.211             218             144
   68       -1255.890     987.818         284.653    1094.646              68              67
   18         950.064   -1868.535         389.460   -1429.545              18              44
  209       -1578.975    1766.577       -1251.143    1526.530             209             137
  138        2442.138     519.975        2044.019     254.656             138             104
   89        -788.469    -147.388         -93.597    -450.270              89              77
   51        1461.578      -6.267        1101.769    -620.024              51              60
   42       -3607.640    -407.146       -1252.234    -903.750              42              54
   62         123.185   -1434.610          37.386     777.349              62              66
  154         325.860     304.680        -265.636    -149.066             154             110
   21         -51.389     535.551          65.619     577.265              21              45
  153        -985.559    1014.423         -45.805     711.827             153             109
  212        1771.372   -1164.173        1906.360     471.096             212             141
   92         735.210   -1237.208         -95.182   -1721.937              92              79
  194       -1161.084     604.855        -126.830     997.460             194             132
    0        1821.064   -2097.550        1146.497    -869.452              -0              33
    4         885.388    -360.644        -169.935    -525.072               4              37
  222         325.151    -226.677          21.225    -897.111             222             144
   11       -1066.357     303.342        -711.602    -120.156              11              40
  241        -483.561    -539.815        -183.871    -299.239             241             153
   26        -370.599     346.294        -487.004     495.860              26              48
  195        1094.801    -742.660         755.116    -568.702             195             130
  129       -1220.346     245.009       -1530.962    -617.054             129              99
  242       -1062.901    1049.807        -122.583    1135.406             242             154
  123         464.599    -650.546        -255.056    -465.737             123              96
  200       -1100.767    2015.478        -825.470    1214.251             200             133
  156         926.753    1436.555         958.323     687.888             156             113
  161       -2040.194     879.892         232.063     -40.645             161             113
  223        -471.400   -2264.476         598.673     -89.437             223             146
    7         -19.987    -907.403        -444.038    -748.052               7              36
  203       -1720.858    -163.760        -722.593     610.338             203             136
  227         638.216    -827.032         218.961     461.377             227             146
   30         111.786      14.993        -389.237    -142.796              30              50
  160       -2462.888    1055.088       -1132.050    1477.744             160             113
   91        2286.713    -439.850        1704.136    2209.699              91              80
  182        4368.199    -392.692        1976.072    -630.534             182             124
  198         497.267     244.524         686.504   -1014.425             198             134
  208       -2045.046   -1290.171       -1058.198    -891.565             208             137
   70         140.218     726.106          -0.673    1946.739              70              70
  131        1913.583   -1258.394        1709.291    -721.359             131              98
  204         296.482   -1773.677        -373.738     -14.926             204             137
  112        3073.242    -638.587         944.618    -618.363             112              89
  140        -636.000       0.098       -1137.000       0.000             140              38
  110        3073.008     639.996         944.609     618.365             110              36
  241         295.647    1773.932        -373.739      14.926             241              38
  190        1912.872    1258.865        1709.287     721.365             190              36
    4         139.980    -726.123          -0.669   -1946.739               4              38
   76       -2045.502    1289.452       -1058.201     891.562              76              36
    3         497.806    -244.484         686.502    1014.426               3              38
  178        4368.009     394.096        1976.068     630.538             178              36
    8        2285.677     440.437        1704.140   -2209.697               8              38
   38       -2463.168   -1055.973       -1132.049   -1477.747              38              36
  250         111.609     -14.808        -389.237     142.796             250              38
  245         637.525     827.297         218.962    -461.377             245              36
  187       -1721.228     163.188        -722.592    -610.338             187              38
  202         -20.434     907.410        -444.041     748.051             202              36
  242        -472.422    2263.927         598.674      89.439             242              38
  228       -2039.887    -881.164         232.064      40.645             228              36
   76         927.273   -1436.547         958.325    -687.887              76              38
  199       -1100.152   -2015.755        -825.467   -1214.254             199              36
   89         464.330     650.824        -255.058     465.736              89              38
   48       -1062.648   -1050.118        -122.580   -1135.406              48              36
   16       -1220.068    -245.198       -1530.962     617.051              16              38
  115        1094.674     743.126         755.115     568.704             115              36
  140        -370.556    -346.363        -487.002    -495.862             140              38
  215        -483.733     539.714        -183.871     299.237             215              36
   11       -1066.052    -303.640        -711.602     120.155              11              38
   90         325.400     226.934          21.223     897.111              90              36
  209         885.481     361.130        -169.936     525.071             209              38
    3        1820.238    2098.089        1146.494     869.454               3              36
  233       -1160.978    -605.374        -126.828    -997.459             233              38
  118         734.925    1237.417         -95.187    1721.936             118              36
  177        1770.760    1164.421        1906.362    -471.093             177              38
   84        -985.498   -1015.059         -45.804    -711.829              84              36
   25         -51.273    -535.609          65.620    -577.265              25              38
  229         325.813    -304.462        -265.637     149.064             229              36
  200         122.344    1434.629          37.387    -777.349             200              38
  200       -3607.666     405.689       -1252.237     903.746             200              36
  120        1461.920       6.518        1101.768     620.027             120              38
  146        -788.321     146.862         -93.598     450.268             146              36
  113        2442.279    -519.438        2044.019    -254.651             113              38
  178       -1578.515   -1767.053       -1251.138   -1526.535             178              36
  136         949.437    1868.802         389.457    1429.546             136              38
  229       -1255.536    -988.526         284.656   -1094.645             229              36
   94         386.663    -290.545         110.802    1034.212              94              38
   47        1361.185   -1122.950        1256.957   -1204.636              47              36
  187        -642.578   -1233.360        -582.702    -498.744             187              38
  161        1006.578   -1482.687         218.805    -821.291             161              36
    7        -307.524      69.953       -1261.289    -353.874               7              38
  193          89.018     816.912        -127.273     607.178             193              36
  121         604.083     630.298         -19.792    -152.281             121              38
   55        -876.950     503.420        -344.966     136.526              55              36
  185         674.204     607.157         194.290     301.006             185              38
  234        -304.747     326.651          44.556    -355.260             234              36
   31        -451.128     719.986        -169.930      45.285              31              38
  144       -1339.298    -530.001        -256.382    -407.542             144              36
  176        -595.648     631.455        -659.519     597.098             176              38
   79        -371.850    -441.557         605.374     176.335              79              36
  255         997.364    -532.838        -448.913    -452.286             255              38
  253       -1692.009    1717.905        -308.869     552.674             253              36
  140         506.251   -1280.702         389.953    -163.932             140              38
   83       -1535.267     471.942        -996.883    -434.322              83              36
   27        -886.924      -7.963        -278.637    1220.132              27              38
   39         338.493    -827.363          88.790    -619.475              39              36
  237       -1068.346     722.928       -1428.376    1447.872             237              38
  225        2245.193    1093.093        1754.677     722.957             225              36
  231        -756.580    -926.491       -1045.540    -763.544             231              38
   47         132.420    2427.262          53.832    1592.259              47              36
  100        -325.167    -561.902          92.074      93.798             100              38
  141        1590.899    1851.231         410.500    1277.989             141              36
    6        -808.017     984.367         459.188      -2.791               6              38
  190         517.392    -165.117         850.404    1355.919             190              36
   68        3242.016   -1334.598        1672.462   -1249.823              68              38
   85         243.870     657.805        -715.019    -630.664              85              36
   96       -1144.271    1926.120        -495.339    -492.649              96              38
  173       -4388.895    1470.462       -1497.535    1685.525             173              36
   81        2426.544    -293.358        2084.896    1416.883              81              38
   39         596.455    -182.846         467.288    -668.230              39              36
   13         646.480    -389.546         801.447     -23.085              13              38
  182        -882.557    -622.343        -773.819    -697.010             182              36
   25         589.443     926.850          86.947    1515.049              25              38
  194        1751.803    1294.405         903.932     -40.338             194              36
   61        -813.570    1442.237         526.532     376.293              61              38
  119         -71.949   -1215.920         734.257    -549.047             119              36
   94         183.930      -3.602        -212.614    -230.169              94              38
  149       -1228.012     816.810        -132.195     184.508             149              36
   46        -311.542    -306.809          57.909     448.477              46              38
  169        -139.301    1168.794          98.901     648.619             169              36
  102         189.177     161.138         937.994     684.774             102              38
  111         541.362     511.693         540.289     281.676             111              36
  123        1020.168      64.266        1962.734     332.878             123              38
  189          35.694   -2044.464         193.486   -2094.221             189              36
  144       -2571.609     277.508        -729.497    1039.318             144              38
  225        2337.450   -2567.824        1187.506    -215.518             225              36
   15        1104.280    1853.295         -74.563     624.621              15              38
  119        1583.067     -29.105        2237.039     167.758             119              36
   96        1842.506   -1027.203        1102.512   -1631.814              96              38
  189       -1264.822    -713.825         249.483   -1531.798             189              36
  110       -1359.981   -2465.786        -550.205   -1365.504             110              38
  142       -1430.525    -925.908       -1390.809    -526.996             142              36
  235        -401.171     451.345        -152.195    1058.007             235              38
   45         913.253   -1153.454         377.983   -1051.996              45              36
  188       -2470.536    1314.317       -1417.271     659.475             188              38
   20          78.792    -947.329         971.455     805.178              20              36
  103        1243.015    -320.575         431.582     127.225             103              38
   24         836.972   -1457.077        1308.613    -686.570              24              36
  153         326.209   -1674.965        -800.185    -903.024             153              38
   23         877.961     658.237         571.775     518.745              23              36
  163        1143.678   -1209.106         509.709   -1244.026             163              38
  167        -967.721    -521.122        -660.426    -903.476             167              36
   64        -821.688    -396.887        -887.405      72.523              64              38
  139         524.367     110.151         284.873     211.774             139              36
  168         288.948    -679.848        -193.628    -743.864             168              38
   51        -795.242     232.378        -736.211    -222.539              51              36
  250        -896.219     311.034        -591.825     285.165             250              38
  108        -129.816    -525.466        -240.436      11.784             108              36
   57        -175.091    1346.499        -950.841     557.322              57              38
   21        -655.109    1448.202         467.249    1148.326              21              36
  130        1153.881    -134.836         547.958     -22.271             130              38
   62        -821.407     832.512         359.408      10.969              62              36
  225         219.741   -1080.902         229.914    -330.262             225              38
  111        -963.264     342.666           2.743    -429.618             111              36
  217       -1081.805   -1628.605        -574.636    -332.029             217              38
  235        -894.193     711.166        -442.679     326.420             235              36
   96        -848.578   -1465.367         -94.602     176.469              96              38
  229         102.778    -317.884        -347.548     109.866             229              36
   65          38.610    -739.571        -228.367     459.536              65              38
   74         451.231     903.190        -341.714     324.429              74              36
  236        -595.142     539.881          -4.215    1340.868             236              38
  242        2214.571     554.009        1222.829     471.215             242              36
   74         424.089    -276.092         977.000     106.000              74              38
  166        2567.663   -1523.687        1323.055   -1442.963             166              36
   56       -1877.105    -698.841       -1335.851   -1508.194              56              38
  133       -1350.611     149.517       -1067.823     381.205             133              36
  227       -1068.305     305.313        -610.177     622.856             227              38
   33         412.988     595.473         181.728     746.505              33              36
  206        -543.967     115.887         434.099     236.471             206              38
  180         262.470   -1800.257         346.771    -477.495             180              36
  128         -49.139   -1122.998        -437.993    -315.475             128              38
   91         329.341    -876.118        -559.178    -391.333              91              36
   13        -626.491     795.419        -979.056     647.439              13              38
   27         -54.005    -189.079        -159.669    -186.992              27              36
  151       -2399.368     443.587       -2052.064    1105.129             151              38
  164        1726.392     874.840         497.754    1871.380             164              36
    2         664.902    2180.042        -532.352    1416.977               2              38
  177        1945.422    3271.070        2166.150    2190.668             177              36
   20         547.923   -1076.549        1515.604    -566.706              20              38
   64        2250.665   -1115.157        1408.342    -541.710              64              36
   58       -1358.249   -1246.045       -1205.213   -1523.655              58              38
  164         205.294    1719.889        -230.249    2138.508             164              36
  203        1088.781    -605.860        1283.259    -750.579             203              38
  252        -426.596    -268.201       -1084.724     580.541             252              36
   18        2147.632    2000.248        1400.036    1288.303              18              38
  143         866.703    -893.240         978.380   -1225.010             143              36
   39       -1632.908     426.180       -1443.608     304.726              39              38
  151        1559.080    2020.250        1503.026    1900.703             151              36
    9         395.473   -1261.584        1365.579   -1241.291               9              38
   15         111.349   -1559.899          18.977    -103.385              15              36
   15        1089.914   -1336.954         405.884    -770.853              15              38
  109         594.239    -434.881        -794.730     114.017             109              36
  122        1482.770    2103.779         630.953     941.704             122              38
  231         804.396    -400.014        1107.417    -739.769             231              36
   75        -986.830    -784.426        -877.424    -345.091              75              38
   20        2670.006     742.772        1123.687     971.484              20              36
  206         474.120    -177.524         565.161   -1833.824             206              38
   83       -1232.691    -618.445       -1258.542      29.961              83              36
  119         512.825    2269.781         190.703     542.640             119              38
  138       -1110.075   -1099.758         618.841    -184.098             138              36
  128        1043.071   -1480.141        -573.728    -864.638             128              38
   62        -422.582    1859.633        -300.172     995.144              62              36
  136        1325.536    -935.538         837.006    -779.004             136              38
   98       -1286.307     617.133       -1198.039    -446.663              98              36
   15        -942.076      62.366        -343.752     567.654              15              38
   81         645.795     186.728        -197.620      77.099              81              36
   61       -1091.896     636.924        -758.147     169.993              61              38
   26         119.528    1264.765        -285.305    1342.501              26              36
  197         739.289     631.707         961.643      86.656             197              38
  137        -545.530    -814.422        -778.473    -436.455             137              36
  223          10.362    1424.896        -608.066     999.962             223              38
   18         585.047    1550.927          -7.036     598.053              18              36
  214       -1347.913    1975.239        -552.058     853.640             214              38
  172         240.095    1837.996         152.005    1729.943             172              36
   99         601.672    2453.243        1400.753    1122.810              99              38
  103         618.868    -543.914         957.035    -301.489             103              36
  116        -988.008    2540.406        -115.380     498.804             116              38
   13       -1828.710    -500.594        1113.536     424.890              13              36
  144        -435.420   -1655.940        -383.945    -141.332             144              38
  133         460.105    1542.448         817.344    1870.693             133              36
   27        1330.964   -1612.622        2009.937    -654.787              27              38
  213         -13.410   -2103.158        -320.001    -651.944             213              36
  185        1172.306    -230.564         225.670     688.514             185              38
  104        3056.506     373.247         987.560     184.410             104              36
  209         246.643    1699.199         519.446    -552.285             209              38
   38       -1353.119    -556.772        -262.336     103.930              38              36
   90        1344.510    1121.796         733.540     814.456              90              38
  125         641.442      55.072        1220.802    -456.078             125              36
  130        -324.327    -546.903         223.401    -553.298             130              38
  141          -5.276    -350.800         264.502    -443.974             141              36
  186       -1424.598    -122.481         -44.838      14.266             186              38
  131        1204.082   -2405.054         888.903    -691.534             131              36
  248        -682.020    -544.539       -1201.939   -1118.731             248              38
  138        -882.246     259.251        -698.679     720.699             138              36
  177        -554.685     795.814        -615.766     347.333             177              38
   48        -390.857     915.536          57.925    1236.892              48              36
  215        -457.418     151.277          82.259     407.640             215              38
  133        1323.617     274.541         576.269    1576.679             133              36
  224        2482.332    1018.187        1812.664    -188.111             224              38
   95        -458.809    -756.841         -48.382    -806.773              95              36
   61       -1097.955    1448.031        -205.023     637.585              61              38
   26         381.352   -1150.825         999.994     448.557              26              36
  121         882.884     244.016         643.063    -393.977             121              38
  209        -768.929   -2091.444         207.984    -481.684             209              36
  220         850.020    -124.078        -402.992     167.106             220              38
  104         899.887    -134.153         584.424     345.799             104              36
  220         772.048    1221.106          66.591     163.662             220              38
  145         673.513    -649.892        1222.113     -59.728             145              36
   12         404.934     240.527        -577.233   -1047.107              12              38
   42       -2017.309     875.790        -122.831     678.825              42              36
  119        -415.462    -250.691        -101.935      80.497             119              38
  151        -102.146   -1183.606         842.783     424.017             151              36
  176        1367.024   -1085.712        -654.515    -947.964             176              38
  199       -1268.402    2639.819        -253.671    1649.049             199              36
  105         696.734    -405.532        1016.141      15.537             105              38
  125        -450.052    -657.586         465.016     101.075             125              36
   68         907.174   -1494.229          32.812    -511.168              68              38
   21         295.686     183.818         116.703     237.801              21              36
  194        -168.997    -310.228        -969.990    -440.851             194              38
  236        -726.921    3076.078         -56.319    2510.299             236              36
   54        1980.460    -901.187        2189.560    -440.792              54              38
   69       -1279.650   -1200.568        -875.543    -728.514              69              36
    5         439.771     855.811        -428.662    1546.522               5              38
   99        2132.836    1789.313        1901.763    1014.234              99              36
   21         270.635   -1162.100         455.634   -1089.380              21              38
   44         114.740    1511.434         152.055     968.640              44              36
  198         487.659    -274.824        1149.063    -203.388             198              38
    8         676.967     367.820         710.039     -50.017               8              36
  169       -1199.669    -688.978         389.910    -708.559             169              38
   24         420.619    -548.717         516.108     276.414              24              36
  156        -482.223   -1101.415         832.397   -1084.669             156              38
   47         -60.666   -2514.028        -247.698    -913.794              47              36
  161       -1431.841     628.714        -773.999    -195.667             161              38
  174        -295.312   -1972.214         936.211    -130.512             174              36
  196       -1318.094   -2784.232       -1447.841   -1981.128             196              38
   47       -1102.149      84.746       -1197.289     990.362              47              36
  190       -2618.466    -262.993       -1317.522    -203.708             190              38
  125        -209.768   -1273.666         -36.436    1717.313             125              36
  140        -518.087   -1384.937       -1121.426   -1243.676             140              38
  149       -1553.679     189.991       -1391.268    2292.300             149              36
  249        -963.365    -231.956       -1346.658      80.527             249              38
   82        -569.934    1752.149        -740.898    4241.224              82              36
  126        2029.964    -169.179         915.526      81.030             126              38
   44         110.287    1985.223        -820.435    3303.627              44              36
  112        -466.039    2175.791         737.266     822.598             112              38
  176        -340.095    -664.984         500.335    3742.852             176              36
  195        -143.153    -534.750          32.909    -689.711             195              38
    7       -1301.222    -271.340       -1016.124    6775.616               7              36
   71         941.816    1410.394         253.238     814.522              71              38
   93        -635.020    1124.563         318.680   19833.966              93              36
