SINAL     NFT                         FFT                         NFT INVERSA     FFT INVERSA
-----     -----------------------     -----------------------     -----------     -----------
   21       63957.000       0.000       32942.495       0.000              21              41
   59       -1960.418     775.888        -804.010  -19433.290              59              63
   55       -1808.038     964.593        -734.153    1114.184              55              58
  199        -194.844   -1253.628        1122.887   -7024.167             199             133
  117       -2317.729   -2068.880       -2394.554   -1220.936             117              89
   35       -1711.141    2137.143       -1291.726   -1662.507              35              51
   38         414.028     838.945         481.190    1028.753              38              50
   49        -216.939     417.803         551.970   -2353.188              49              58
  156           4.307    -579.878         102.712    -166.307             156             109
   79        -412.511     142.126         131.885   -2283.526              79              73
  227       -1614.418    -486.899        -712.773    -385.163             227             144
   25       -1411.892    -633.577        -297.495   -1281.772              25              46
   38         -11.118   -1360.892        -761.466    -281.162              38              50
   69        -554.167    1893.427        -822.492     122.726              69              68
  210        1346.290    1338.844        1463.740     713.701             210             136
    0       -1483.388   -1297.646         155.105   -2332.403               0              34
  175        -217.769   -1035.858        -586.065     158.832             175             118
  242        -202.913    -276.735          83.531   -1495.134             242             155
   65        -730.390    -467.302       -1259.604    -117.468              65              63
  176       -1605.120    1714.259        -524.441     -98.325             176             122
  134        -677.573    -498.492        -296.410     965.401             134              98
   11        1079.022     588.213        1062.303    -313.578              11              39
  165          48.927   -1967.713        -359.888    -855.692             165             113
  119         -24.002    1715.587        -600.438      72.428             119              93
   53          14.056      94.642          73.554     452.517              53              57
   33         908.330    2077.371         466.501     150.718              33              50
  157        -266.534    -577.895         757.567    -681.465             157             109
   91        -848.794     578.031       -1094.595    -599.402              91              79
  146        -519.936    2560.883         748.170    1570.039             146             104
  128         128.680   -1701.116        1774.377   -1908.577             128              98
  207       -2296.807   -2233.075       -1790.270   -1370.417             207             134
   37       -1573.203    1145.679        -528.179     938.449              37              52
  138         177.447   -1839.253          67.482      22.922             138             100
    6         978.658    1867.841         306.685     793.208               6              37
   41         427.673   -1441.465        1182.484    -676.086              41              51
  194         572.117      15.534        -165.674    -420.924             194             131
  178          74.689   -1053.079         626.109    -822.493             178             120
  103         -90.607    -173.089        -924.887    -335.450             103              85
  207         874.520     930.331         787.901      50.926             207             134
   20        -992.146     363.538        -213.382    -618.429              20              44
   63         307.892   -1486.099         844.465    -865.541              63              62
  169       -1213.083     -34.262       -1731.903   -1215.577             169             118
   77       -1791.066    1581.022         152.237     920.613              77              69
  238       -1032.683   -1942.437        -420.861    -985.964             238             153
  206        -305.600     326.871         -90.227     215.729             206             134
  188       -1903.904   -1139.984       -1185.051    -712.602             188             128
   23          80.058    1481.980        -121.766    1515.428              23              42
  146       -1081.953    -243.220         216.332    -301.327             146             107
   61         992.935    -669.016         760.984     766.931              61              61
   16         497.863   -1220.413         198.498   -1785.380              16              42
  154       -1662.517     358.300       -1112.533     656.698             154             108
   41         188.799    -801.178         448.802    -205.519              41              54
  225         695.585    -573.833        -512.520      -8.852             225             143
   92        -710.380    1821.692        -656.221     310.382              92              80
  175         251.442    1228.374         658.866    1683.728             175             118
   25        1612.461     283.774        1454.812    -866.290              25              46
  237       -1379.372      90.807        -133.790    -223.961             237             149
   85       -1011.488    -522.116         170.230    -381.515              85              76
   60         255.808    -510.562         369.976     721.751              60              61
  189        1379.014    -135.860        1252.342    -899.298             189             128
  217        -269.467    -504.443         526.659    -390.184             217             139
   58        -823.164   -1879.926         589.033   -2536.687              58              63
   95       -3944.374   -2626.227       -2400.806    -147.820              95              78
  228        2355.045    -287.079        1054.677     227.593             228             148
  188       -2083.769   -1545.721       -1279.950   -1174.338             188             125
    3         310.427     175.872          42.219     785.033               3              35
  237        -464.657   -1639.017        -395.395   -1085.272             237             149
  216       -1268.911    1455.897       -1144.632     738.520             216             142
   67       -2242.655    -430.988         121.462    1097.479              67              64
  218        2882.221   -1589.021        1595.875     934.282             218             143
   45        2516.831   -1968.354        1816.075   -1729.016              45              53
  219        -113.787   -2944.543        -650.373   -1725.245             219             143
  152        1349.123   -1376.409        -586.789    -663.702             152             107
  127         573.041    1959.234        -750.040    -215.402             127              97
  238       -2293.829     582.251         482.390     -11.464             238             150
  216        -387.082   -4726.152         -87.206   -1624.678             216             142
  248         987.702   -1830.329       -1258.307    -593.033             248             155
  154        1182.398     149.942        -615.534    -515.807             154             111
  116       -1217.739     607.129       -1685.415    -271.882             116              89
   38        -159.640    2112.231        -539.821    1251.446              38              53
  188        -820.749     318.712         228.729    -487.211             188             125
  179       -2195.817    -822.015       -1316.901     326.207             179             123
   12        1263.690    -473.960         570.677     678.244              12              37
   47         565.410   -1128.720        -484.644    -850.458              47              57
  107          45.305    1150.228        -911.737     767.707             107              84
  142         392.369    1533.245         538.585     620.563             142             105
   45        -415.293   -1411.316         347.506    -779.148              45              53
   30        -425.437   -1431.614       -1008.411    -262.048              30              49
  217        1592.597    -202.209        -157.505     294.897             217             139
   25         432.138    1841.470        -627.013     138.702              25              46
  163        -592.655     419.984         527.874     353.173             163             112
   94         280.993   -1763.911        -679.912    -972.710              94              81
   70         154.230    1147.110        -668.673     794.507              70              66
    1         678.726     123.978        -147.259    -331.645               1              34
  134        -424.109    1185.246       -1009.572     666.524             134              98
  247        1116.503    2341.535         268.175     834.392             247             157
  181       -1248.132    1107.804         398.970     -12.192             181             121
   95        -338.059   -1685.211        -343.792    -288.727              95              81
   29        1108.067    1083.055        -214.987     405.281              29              45
   50        -151.067     923.895        -110.187    -247.336              50              59
   11       -1354.281    1064.496        -791.567     331.548              11              36
    7        -874.669     814.218         -70.274     850.476               7              37
  243         822.034    -452.419         497.328     320.961             243             152
  145        1076.956     649.542         198.110    -317.339             145             106
  190       -1338.416    -161.237        -550.724    -450.261             190             126
  182        -116.113    1087.458       -1019.110     777.431             182             125
   39        -643.732    1781.775         491.228     744.885              39              50
  175          48.082    -730.009        -427.291     205.846             175             121
   22         958.777    2587.875         627.805     904.389              22              42
  153        -797.810     -90.772          89.511    -277.010             153             110
  187          71.819    1010.870         538.533     363.879             187             124
   24       -1450.202   -1741.511        -770.365   -1069.643              24              46
  133        -335.522    2630.437        -979.446    2127.516             133              97
   61         988.439     870.786        1822.065     492.524              61              64
   11         201.443    -202.024        -130.015    -224.675              11              36
    4         592.265    2084.897         966.851     684.092               4              36
   42       -1378.845    -876.920         705.761   -1241.569              42              52
   64       -1943.462   -1657.944       -1215.549     123.233              64              66
  166        2093.598    1101.933        1174.488    1016.398             166             114
   96        -434.683    -955.759         352.303   -1389.102              96              82
  210       -1384.285     138.043        -816.297     455.629             210             136
   74         539.700    -152.791         869.193     638.554              74              71
  146        2047.504    -968.007        1303.762    -997.601             146             104
  102       -1704.160   -1105.553       -1042.035   -1754.094             102              85
  102       -1885.988     355.030       -1118.760     681.771             102              82
   49        -438.732    -920.255         -10.008      43.876              49              58
  235         450.546    -173.473        -493.198      75.297             235             148
   86       -1333.731    1207.248        -801.257     616.831              86              77
   30         772.969    1028.008         787.000    1411.000              30              46
   95         118.642    -125.742         875.094    -623.496              95              81
  198        -348.623   -1423.091         254.348    -126.767             198             130
  109         426.765   -1293.485        -177.636   -1043.668             109              88
  118        -959.543     181.207        -789.214     301.234             118              90
   40        -309.037    -306.598        -376.304     -14.766              40              54
    0          65.889     996.450        -220.599     890.864              -0              31
   93        -808.116     449.714         108.705    -107.936              93              80
   14       -1090.911    -538.581         -66.897     862.486              14              38
   68         619.339   -1440.906         295.969    -295.087              68              68
   79         519.181    -389.510        -157.022    1079.894              79              70
  208        3173.835    -313.131        1163.750    -295.368             208             138
  253         502.903     960.455          59.593      49.646             253             157
   66        1029.321    -836.090         717.535   -1274.943              66              67
  196       -2031.383      60.338       -1924.550    -415.376             196             129
  239        -428.105    1443.956        -415.333    1101.461             239             153
  158       -1032.640    1050.946        -420.610     886.049             158             110
  130         654.745     932.414         626.868    1451.765             130              99
  203        1956.056     423.981        1709.138     292.384             203             132
  161         443.987   -1321.164         429.599   -1427.379             161             114
  136        -767.403     389.321        -676.470     164.395             136              99
  165        -541.830    -343.848        -197.636    -322.685             165             116
  160        -914.469    1287.508        -924.853    1580.917             160             111
  113        2000.016     899.982        1936.467     653.285             113              90
  106        -711.078    -797.169        -328.464    -705.650             106              84
   27        -150.077    1623.104          57.331    1498.768              27              47
  163        1308.400    -273.141        2269.218     616.930             163             112
  152        2129.889   -3139.204         803.517   -2081.200             152             110
  207        -836.872    1748.295        -929.179     700.424             207             134
   91        1558.134   -1119.158        1849.338    -245.015              91              79
   16         309.903    -341.898        -447.025    -768.813              16              39
  201         -77.713    -325.869         822.658    -132.147             201             134
  243         388.778   -1492.071        -559.313    -437.864             243             152
  179        1514.930    1611.357         918.524     613.066             179             123
   61         248.169   -1019.429         716.335    -517.268              61              61
  246        2706.598    -156.855        1352.619    -629.605             246             157
   72       -1195.753   -1004.760         299.727   -1801.481              72              67
  121         964.605   -3299.513         -71.841   -1432.641             121              94
   57         137.311    1066.010       -1068.048   -1359.808              57              59
  137       -2661.679    -733.067        -754.753    -952.123             137             102
  171       -2298.679    -635.708       -2415.423    -545.739             171             116
  184       -1618.240    1445.676        -615.763    1578.967             184             126
  151        -234.716    -700.821        -423.140    -321.394             151             106
   32       -1599.718    1188.325        -794.242    1286.270              32              50
  223         809.853    -562.687         643.518     321.040             223             142
  198        -537.294    -109.993        -352.446      13.958             198             133
   30         186.664    -511.777        -140.017     491.405              30              46
   92         910.118     818.396          85.340     454.080              92              80
  244        -296.639     770.208         330.202     298.868             244             153
  172        -722.897   -1040.922          80.461     -43.174             172             120
  238         990.976    -562.261         176.096     620.218             238             150
  226        1376.202    -507.251         934.970    -586.968             226             147
  243        -761.008   -1382.072       -1039.000    -351.755             243             152
  228        1925.557     493.613         460.204     732.084             228             148
  198         469.799    -332.306        -444.927    -548.830             198             130
   87        1183.187    2055.236          15.439    1178.450              87              77
   50          40.583     584.125         236.008    -510.829              50              56
  149        -887.580    2188.646        -766.386    1716.071             149             108
  219        2077.681    1188.194        2713.533    1020.382             219             140
  241        1310.427   -1869.853        1025.867   -1857.733             241             154
   26       -1614.401    -295.898        -281.731    -473.951              26              44
  127         606.510   -2902.596           4.104    -449.381             127              97
  142        1878.023     936.444        -199.422     429.836             142             102
   37        2248.554     356.213        1225.251      -3.985              37              52
  155        1185.461    1138.488         361.952    -982.337             155             108
  253        -712.199    -525.051         326.921    -717.273             253             160
  130         698.736     -64.827        -472.756   -1096.698             130              96
  153       -1806.587    1397.869        -402.683     -27.704             153             110
  151        -661.554    -374.077         -71.638    -721.890             151             106
   98       -2740.191    -543.390        -889.777    -371.169              98              83
   99        -103.594   -1167.032        -691.025     134.595              99              80
  240        -874.073    1123.553        -598.745     531.151             240             154
  179         633.832       8.908         143.779     852.625             179             120
   27         950.723    1570.162         815.219     106.832              27              47
    2        -753.845   -1209.950         182.949    -706.018               2              32
  197        -318.423     394.760        -644.656    -245.766             197             132
  149       -1920.564     677.577        -367.987     721.681             149             105
   15         738.151    -509.501         794.798     462.869              15              41
  103         131.921    -933.481         376.314    -609.460             103              82
   63        -126.882    -853.211        -316.726     -72.328              63              65
   15         439.103     146.681         192.287     332.128              15              38
  208         768.806    -712.004         550.438     -21.832             208             138
   82        1748.604    -519.380         644.643    -400.465              82              72
  147         402.631    -784.528         152.967   -1351.702             147             107
  255        -933.045    -565.392       -1534.919    -484.954             255             158
  150         -23.201    2550.571        -420.419     956.739             150             109
  165       -1946.334     788.284        -247.745     507.461             165             113
  120         732.503     692.520         800.298    1582.934             120              94
   49        2127.723    -744.150        2223.721    -463.681              49              55
  237        1414.394   -2070.662         721.131   -1642.088             237             152
  216        -417.045    -834.050        -444.107   -1508.866             216             139
  132       -1183.815    -467.652        -845.808     -81.589             132             100
  181         564.793    -903.650         376.788    -453.809             181             121
  138         204.570   -1136.484        -836.668    -708.376             138             103
  100         736.621    1319.182        -134.093     212.449             100              81
   40        -448.451     448.165        -207.171    -519.626              40              54
   29       -1150.073     268.477        -239.139    -122.750              29              45
   11        -263.612   -1025.075        -570.869    -365.893              11              39
  244          38.415    2099.884         -57.526     638.722             244             153
   68        -716.585   -1129.084         503.259    -800.493              68              68
  237        -707.529     382.236        -711.997    -204.433             237             149
   69       -1625.170   -1016.389         473.336    -361.909              69              68
   99        -276.977   -2982.117        -710.036   -1098.002              99              80
   97        -177.989   -1214.391        -780.992    -387.425              97              82
  186         284.791    -528.434       -1310.876    -334.829             186             124
  124        -973.539    1135.342        -936.376     447.160             124              96
   43        -448.740    -273.280       -1377.558     444.081              43              52
  167        1150.356    3465.363         -74.340    2011.185             167             117
   62          25.612    1025.811         785.928    -356.465              62              62
   87       -2298.110     645.538       -1083.196     910.361              87              77
   12        2090.186     312.223        1511.292    1088.463              12              37
   95         932.660     -42.190         793.102    -804.303              95              81
   36         175.248   -1763.060         273.917   -1151.517              36              49
  162        -402.207      39.452       -1629.539    -710.765             162             115
  167       -1250.911    2093.881        -305.831     861.672             167             114
  233       -1311.522    -904.150        -827.825    -192.381             233             150
  208         670.453    1730.746          22.318    1444.896             208             135
  185         101.500     -49.288         282.964    -710.783             185             126
   19       -1311.016    1438.659        -850.726     903.243              19              40
   90        -119.582    -262.087         564.552     150.944              90              79
   45         504.222     386.367        -409.472     381.812              45              53
    5          54.852    1329.506         297.975     -10.883               5              36
   50       -1585.269    1413.917        -854.403     465.105              50              56
  223       -2071.814    1643.671         420.808     987.964             223             145
   81       -1161.363   -2086.293         318.518     275.678              81              71
   34         264.811    -922.940          51.771     167.494              34              51
  174           2.174    -808.808        -217.915    1168.967             174             118
  156        3527.611     816.913        1472.935    1078.996             156             112
   54        1861.000       0.245        1512.000       0.000              54              34
   74        3527.458    -815.697        1472.932   -1078.992              74              37
  187           1.215     808.906        -217.912   -1168.968             187              34
  230         263.913     922.958          51.769    -167.493             230              37
  230       -1162.605    2085.411         318.518    -275.677             230              34
  213       -2071.487   -1644.956         420.810    -987.961             213              37
  130       -1584.656   -1414.669        -854.401    -465.108             130              34
   98          55.501   -1329.491         297.973      10.883              98              37
  176         504.347    -386.120        -409.470    -381.812             176              34
  231        -119.827     261.951         564.552    -150.943             231              37
  105       -1310.533   -1439.153        -850.724    -903.245             105              34
  173         101.607      49.314         282.960     710.783             173              37
  137         670.908   -1730.421          22.320   -1444.895             137              34
  242       -1311.969     903.768        -827.825     192.379             242              37
    3       -1250.066   -2094.204        -305.828    -861.673               3              34
   22        -401.909     -39.178       -1629.542     710.760              22              37
   75         174.943    1763.205         273.915    1151.517              75              34
   16         932.827      42.300         793.099     804.305              16              37
  220        2090.012    -311.704        1511.294   -1088.459             220              34
  101       -2298.104    -646.475       -1083.194    -910.363             101              37
  126          26.146   -1025.976         785.928     356.468             126              34
  233        1151.450   -3464.693         -74.335   -2011.185             233              37
   58        -449.052     273.665       -1377.556    -444.084              58              34
   85        -973.181   -1135.170        -936.375    -447.162              85              37
  161         284.621     529.156       -1310.876     334.827             161              34
   73        -178.509    1214.852        -780.993     387.424              73              37
  108        -278.149    2982.134        -710.039    1098.000             108              34
  219       -1625.550    1015.563         473.335     361.912             219              37
   14        -707.257    -382.623        -711.997     204.433              14              34
  241        -716.773    1128.628         503.257     800.495             241              37
   48          39.276   -2099.913         -57.524    -638.721              48              34
  244        -263.900    1025.116        -570.868     365.892             244              37
  190       -1149.811    -268.921        -239.139     122.750             190              34
  165        -447.943    -448.295        -207.173     519.624             165              37
  141         737.329   -1318.641        -134.093    -212.448             141              34
  144         204.321    1136.916        -836.670     708.374             144              37
  183         564.506     903.964         376.785     453.810             183              34
  227       -1183.863     467.348        -845.807      81.589             227              37
    0        -416.906     834.028        -444.109    1508.865              -0              34
  126        1414.069    2071.001         721.128    1642.089             126              37
   26        2127.429     744.425        2223.721     463.685              26              34
   86         732.340    -692.656         800.302   -1582.932              86              37
  244       -1946.211    -789.181        -247.743    -507.462             244              34
   72         -22.219   -2550.410        -420.416    -956.741              72              37
   11        -933.014     565.490       -1534.921     484.951              11              34
  185         402.735     784.835         152.964    1351.704             185              37
  143        1748.556     520.030         644.643     400.467             143              34
   88         768.445     712.241         550.439      21.833              88              37
   61         438.981    -146.518         192.287    -332.128              61              34
  197        -127.303     853.209        -316.728      72.327             197              37
   27         131.523     933.398         376.312     609.461              27              34
  231         737.706     509.479         794.799    -462.866             231              37
  241       -1920.494    -678.416        -367.985    -721.681             241              34
   39        -318.190    -394.858        -644.656     245.766              39              37
  153        -754.072    1209.520         182.948     706.017             153              34
  168         951.368   -1570.010         815.218    -106.831             168              37
  169         633.656      -8.670         143.780    -852.624             169              34
   67        -873.880   -1123.694        -598.743    -531.152              67              37
  150        -104.183    1167.151        -691.025    -134.597             150              34
   22       -2740.351     542.374        -889.778     371.166              22              37
   56        -661.378     373.626         -71.640     721.891              56              34
  224       -1805.650   -1398.552        -402.682      27.703             224              37
   48         699.233      65.167        -472.757    1096.698              48              34
   14        -711.863     524.735         326.921     717.273              14              37
  168        1186.448   -1138.128         361.951     982.338             168              34
  212        2248.971    -355.314        1225.250       3.988             212              37
  101        1878.260    -935.426        -199.422    -429.835             101              34
  222         605.279    2902.965           4.103     449.381             222              37
  187       -1614.405     295.171        -281.732     473.951             187              34
  180        1310.120    1869.891        1025.863    1857.735             180              37
  105        2077.962   -1188.057        2713.536   -1020.377             105              34
  161        -886.992   -2189.078        -766.383   -1716.075             161              37
  114          40.947    -584.065         236.006     510.830             114              34
   87        1183.975   -2054.599          15.442   -1178.449              87              37
   34         469.726     332.831        -444.929     548.829              34              34
   35        1925.565    -492.628         460.205    -732.082              35              37
   52        -761.617    1382.074       -1039.000     351.754              52              34
  211        1375.985     507.761         934.969     586.971             211              37
  166         990.456     562.619         176.098    -620.217             166              34
  106        -723.526    1040.525          80.462      43.174             106              37
  252        -296.426    -770.480         330.202    -298.868             252              34
  154         910.272    -817.992          85.341    -454.079             154              37
   79         186.208     511.968        -140.017    -491.405              79              34
   96        -537.531     109.848        -352.447     -13.957              96              37
   88         809.349     562.884         643.519    -321.038              88              34
   49       -1599.632   -1188.829        -794.238   -1286.271              49              37
  224        -235.162     700.810        -423.140     321.393             224              34
  197       -1617.993   -1446.061        -615.758   -1578.968             197              37
  200       -2298.862     635.261       -2415.424     545.735             200              34
  101       -2661.427     732.298        -754.754     952.123             101              37
  125         138.344   -1065.597       -1068.050    1359.805             125              34
    7         963.861    3300.068         -71.844    1432.641               7              37
  204       -1195.604    1004.113         299.723    1801.482             204              34
  129        2706.933     157.596        1352.618     629.609             129              37
  196         247.927    1019.275         716.335     517.270             196              34
  250        1515.530   -1610.880         918.527    -613.063             250              37
    9         388.201    1492.296        -559.314     437.863               9              34
   34         -77.783     325.729         822.657     132.149              34              37
   21         309.952     341.937        -447.027     768.812              21              34
  226        1557.749    1119.456        1849.338     245.020             226              37
  196        -836.210   -1748.538        -929.179    -700.426             196              34
  253        2128.942    3139.867         803.511    2081.203             253              37
   34        1308.029     273.017        2269.220    -616.926              34              34
   79        -149.831   -1623.403          57.335   -1498.768              79              37
  125        -711.351     796.768        -328.465     705.649             125              34
  149        2000.155    -899.585        1936.469    -653.279             149              37
   69        -914.358   -1287.806        -924.849   -1580.920              69              34
  138        -542.017     343.728        -197.637     322.685             138              37
  251        -767.157    -389.540        -676.470    -164.397             251              34
  185         443.777    1321.191         429.594    1427.380             185              37
  180        1956.142    -423.647        1709.138    -292.380             180              34
   12         654.667    -932.388         626.872   -1451.763              12              37
    7       -1032.567   -1051.348        -420.609    -886.049               7              34
   14        -427.744   -1443.928        -415.331   -1101.462              14              37
  152       -2031.157     -60.719       -1924.551     415.371             152              34
  108        1029.414     836.514         717.531    1274.946             108              37
  235         503.492    -960.198          59.593     -49.646             235              34
  170        3173.645     314.421        1163.749     295.373             170              37
  117         518.603     389.868        -157.019   -1079.895             117              34
   82         618.387    1441.118         295.967     295.089              82              37
   70       -1091.474     537.993         -66.896    -862.485              70              34
  184        -808.085    -450.178         108.704     107.937             184              37
  178          66.124    -996.383        -220.595    -890.865             178              34
   61        -309.303     306.633        -376.305      14.765              61              37
   78        -959.504    -181.365        -789.213    -301.235              78              34
   22         426.329    1293.741        -177.639    1043.668              22              37
  193        -349.164    1422.771         254.347     126.768             193              34
  248         118.574     125.410         875.095     623.500             248              37
   75         773.093   -1027.977         787.000   -1411.000              75              34
  176       -1333.493   -1207.612        -801.260    -616.836             176              37
  240         450.393     173.839        -493.197     -75.297             240              34
  107        -439.311     920.145         -10.010     -43.876             107              37
  145       -1885.945    -355.623       -1118.759    -681.773             145              34
  140       -1704.142    1105.037       -1042.041    1754.091             140              37
  187        2047.424     968.526        1303.760     997.604             187              34
  244         539.412     152.745         869.194    -638.552             244              37
  127       -1384.335    -138.627        -816.296    -455.631             127              34
   83        -434.798     955.399         352.298    1389.103              83              37
  214        2093.809   -1101.347        1174.491   -1016.395             214              34
   83       -1944.296    1657.174       -1215.550    -123.238              83              37
  152       -1378.934     875.901         705.759    1241.571             152              34
  253         593.190   -2085.076         966.853    -684.090             253              37
  174         201.454     201.896        -130.017     224.675             174              34
  247         988.632    -870.792        1822.066    -492.518             247              37
   58        -334.888   -2630.466        -979.443   -2127.517              58              34
  231       -1450.797    1741.070        -770.369    1069.640             231              37
   17          72.258   -1011.087         538.533    -363.878              17              34
  217        -797.696      90.249          89.508     277.011             217              37
   45         959.734   -2587.603         627.807    -904.388              45              34
   52          47.723     730.038        -427.291    -205.847              52              37
   92        -643.179   -1782.080         491.230    -744.883              92              34
  253        -115.757   -1087.306       -1019.109    -777.433             253              37
  125       -1338.298     160.923        -550.724     450.261             125              34
   18        1077.374    -649.106         198.110     317.340              18              37
   16         821.734     452.678         497.330    -320.960              16              34
   27        -874.578    -814.629         -70.273    -850.477              27              37
  191       -1353.815   -1064.940        -791.566    -331.550             191              34
  255        -150.471    -923.830        -110.189     247.335             255              37
   46        1108.504   -1082.391        -214.987    -405.281              46              34
  103        -338.713    1685.135        -343.793     288.727             103              37
   38       -1247.581   -1108.486         398.970      12.193              38              34
  204        1117.465   -2341.077         268.176    -834.392             204              37
  194        -423.635   -1184.995       -1009.571    -666.526             194              34
  241         678.867    -123.400        -147.260     331.645             241              37
  202         154.623   -1146.610        -668.672    -794.508             202              34
    4         280.382    1764.289        -679.915     972.709               4              37
   45        -592.439    -420.211         527.874    -353.171              45              34
  131         432.942   -1841.017        -627.013    -138.703             131              37
  221        1592.451     203.300        -157.505    -294.897             221              34
  219        -426.117    1431.798       -1008.412     262.046             219              37
  244        -415.764    1411.086         347.504     779.150             244              34
  181         392.902   -1533.165         538.587    -620.561             181              37
   36          45.676   -1149.814        -911.736    -767.708              36              34
    3         564.991    1129.293        -484.647     850.456               3              37
  120        1263.171     474.553         570.678    -678.242             120              34
  233       -2196.368     821.308       -1316.901    -326.209             233              37
  233        -820.535    -319.075         228.729     487.212             233              34
  192        -158.849   -2112.049        -539.817   -1251.447             192              37
  187       -1217.300    -606.938       -1685.415     271.879             187              34
  165        1182.691    -148.789        -615.535     515.806             165              37
    7         986.976    1831.422       -1258.308     593.032               7              34
   21        -388.901    4726.028         -87.210    1624.679              21              37
  143       -2293.463    -583.408         482.391      11.466             143              34
  220         574.139   -1958.731        -750.039     215.401             220              37
  161        1348.821    1377.508        -586.790     663.701             161              34
   53        -114.603    2944.767        -650.375    1725.243              53              37
  161        2516.241    1969.093        1816.071    1729.019             161              34
   40        2881.040    1589.707        1595.877    -934.278              40              37
  154       -2243.464     429.883         121.465   -1097.478             154              34
   97       -1268.556   -1456.298       -1144.629    -738.523              97              37
  243        -465.221    1638.998        -395.399    1085.271             243              34
   87         310.311    -175.695          42.224    -785.029              87              37
  200       -2084.266    1545.124       -1279.952    1174.337             200              34
    7        2354.719     287.980        1054.676    -227.592               7              37
  244       -3945.466    2624.922       -2400.807     147.814             244              34
   17        -823.406    1879.276         589.026    2536.689              17              37
  114        -269.254     503.910         526.658     390.186             114              34
  254        1379.117     136.006        1252.340     899.300             254              37
   92         255.486     510.375         369.977    -721.751              92              34
   22       -1011.737     521.429         170.228     381.516              22              37
  206       -1379.060     -91.645        -133.790     223.961             206              34
    5        1612.762    -283.595        1454.809     866.292               5              37
  145         251.736   -1228.537         658.869   -1683.727             145              34
   52        -709.764   -1821.797        -656.222    -310.384              52              37
   13         695.403     574.328        -512.520       8.852              13              34
  200         188.331     801.256         448.800     205.521             200              37
   61       -1662.391    -358.816       -1112.532    -656.700              61              34
   79         497.617    1220.601         198.493    1785.382              79              37
  232         992.547     669.161         760.985    -766.929             232              34
   20       -1082.235     242.584         216.330     301.327              20              37
  230          80.379   -1481.969        -121.762   -1515.428             230              34
   50       -1904.366    1139.411       -1185.055     712.599              50              37
  253        -305.441    -326.973         -90.226    -215.728             253              34
   80       -1033.363    1941.893        -420.864     985.963              80              37
  222       -1790.382   -1581.836         152.239    -920.611             222              34
  115       -1212.691      33.983       -1731.906    1215.572             115              37
  240         307.731    1486.094         844.464     865.542             240              34
   76        -991.682    -364.138        -213.384     618.427              76              37
   93         875.155    -930.057         787.901     -50.924              93              34
  104         -90.485     173.193        -924.887     335.448             104              37
    2          74.566    1053.083         626.108     822.495               2              34
   70         572.298     -15.417        -165.675     420.923              70              37
   93         427.285    1441.370        1182.481     676.090              93              34
   65         979.212   -1867.594         306.688    -793.204              65              37
  147         176.538    1839.296          67.482     -22.922             147              34
   39       -1573.029   -1146.243        -528.178    -938.453              39              37
  182       -2297.328    2232.269       -1790.272    1370.414             182              34
  241         128.458    1700.515        1774.371    1908.580             241              37
  225        -518.873   -2561.538         748.172   -1570.037             225              34
   69        -848.289    -578.343       -1094.597     599.398              69              37
  164        -266.299     577.574         757.564     681.467             164              34
   61         909.318   -2077.209         466.501    -150.716              61              37
   88          14.240     -94.594          73.554    -452.516              88              34
   78         -23.240   -1715.371        -600.438     -72.430              78              37
  244          48.486    1967.855        -359.890     855.692             244              34
   76        1079.244    -587.976        1062.301     313.581              76              37
  144        -677.855     498.140        -296.408    -965.400             144              34
  165       -1604.404   -1714.769        -524.441      98.325             165              37
   14        -730.191     467.273       -1259.605     117.464              14              34
  111        -202.662     276.780          83.526    1495.138             111              37
   75        -217.851    1035.793        -586.065    -158.832              75              34
   88       -1483.350    1296.829         155.098    2332.401              88              37
  150        1347.162   -1338.724        1463.742    -713.697             150              34
   84        -553.307   -1893.425        -822.493    -122.729              84              37
  133         -11.331    1361.131        -761.468     281.161             133              34
  204       -1411.797     633.049        -297.498    1281.771             204              37
    1       -1613.948     486.213        -712.773     385.162               1              34
    7        -411.653    -142.393         131.879    2283.528               7              37
   40           4.894     579.699         102.712     166.308              40              34
  200        -215.994    -418.127         551.964    2353.185             200              37
  246         415.060    -838.961         481.192   -1028.752             246              34
  147       -1709.511   -2137.440       -1291.731    1662.503             147              37
    8       -2316.813    2068.389       -2394.557    1220.932               8              34
   57        -193.076    1253.305        1122.869    7024.165              57              37
    7       -1804.483    -965.454        -734.150   -1114.185               7              34
    2       -1953.260    -776.518        -804.061   19433.277               2              37
