SINAL     NFT                         FFT                         NFT INVERSA     FFT INVERSA
-----     -----------------------     -----------------------     -----------     -----------
  168       65516.000       0.000       33728.495       0.000             168             116
  115         427.870     570.284         926.892  -19428.289             115              91
   16         358.730    -341.089         -30.383    -390.672              16              40
  255         -83.671     239.672         607.841   -6294.607             255             161
  124        1587.187    -555.631         581.115    -416.833             124              94
  158        -310.534     -40.783         480.972   -4984.887             158             113
   80       -1227.907    -893.592       -1311.041    -518.261              80              72
   53        -824.128    1816.674         226.258   -1838.457              53              60
   77        -334.979   -1833.205         155.993    -445.619              77              71
   94         -36.550     844.512         -43.485   -1525.079              94              81
  237         846.995   -1134.748        1123.586     103.224             237             151
  252        1511.490   -1060.828         753.324   -2848.867             252             160
  241        -494.274   -1509.379        -441.663    -945.764             241             153
   75         557.468    -293.429        -337.201   -1860.126              75              71
  215        -514.358     -76.661        -567.783    -218.895             215             140
  146         -21.871     257.904        -200.040   -1353.961             146             107
   52       -1233.813    -471.940        -811.705      97.655              52              58
  209        1469.785     438.727         346.373    -184.814             209             138
  124        1439.526    -410.939         619.312    -648.430             124              94
    5         717.162     674.214        -636.757   -1311.846               5              36
  157        -368.275    2281.255          64.855     417.236             157             111
  179        -675.299     -88.593         236.493   -1594.616             179             123
   87       -2360.939     -12.993       -1047.058    -168.171              87              76
  226        -638.388    -855.958        -223.562    -396.398             226             147
  237        -123.701     -98.280        -798.916     374.711             237             151
   56        1389.776    1086.966         482.720     566.255              56              62
   30        1601.881     591.624         516.247    -456.220              30              47
  112        -721.202    2023.009        -347.040      82.068             112              90
  201         961.773     353.090        1386.292     195.761             201             133
   39         432.618    -471.441          99.911   -1706.766              39              53
  121       -1043.912     401.236        -319.617    -393.268             121              93
  230        -951.082    -489.998       -1165.902    -954.335             230             149
    4        -680.425    3531.060        -643.452    1672.278               4              34
  179        -873.669     712.932        1103.060    -262.088             179             123
  177        -842.415    -404.322        -479.561      12.152             177             121
   11        -466.054    1544.002         281.030     382.742              11              39
  150        -744.382      67.288         522.371     470.803             150             107
  113         570.504    -379.604         869.413    -423.974             113              90
  253        -710.416    -396.015          38.080    -149.053             253             159
   77         705.638    -375.835         750.146    -150.978              77              72
  168        -175.045    -722.334         -15.421    -900.362             168             116
  224       -1396.768     982.663        -778.687     533.654             224             146
   22           6.221     218.545        1295.948     998.613              22              43
   52        1701.023   -2340.345         993.893    -929.687              52              60
  202         996.894     134.671         114.863    -184.242             202             133
  121        1252.827     478.397         662.324      34.925             121              94
  224         473.861     714.279        1082.363    -568.540             224             144
  178        -533.616   -1756.446          33.087    -612.477             178             123
   61        2792.213    1003.906        1518.493    -140.357              61              63
   52       -1749.835   -1727.702         132.595   -2348.965              52              60
  185        -437.696    -908.690        -639.935     -69.268             185             125
   42        -420.732    -532.691         125.073    -955.597              42              55
   78        -479.583    -617.742        -314.575     195.392              78              71
  246         726.746    -865.293         547.240    -883.768             246             157
  164        -684.940    -414.405        -499.576     199.962             164             114
  208        3242.099   -1084.145        1817.149    -487.962             208             138
  253         434.308    -731.941        -309.942   -2621.526             253             159
  111       -2930.908    -311.976       -1708.878    -290.390             111              89
  221        1349.945     435.367         126.969     207.192             221             143
  148       -1032.232    1058.129        -192.424    -712.301             148             108
  196       -1482.604    -835.673          10.214    -718.165             196             130
   63       -1988.445   -2280.944       -1600.154   -1200.507              63              65
   21        -336.973    1684.463       -1178.442    1266.154              21              43
  238       -1373.252    1013.946          39.254     420.607             238             153
   99         -14.878    -520.724         411.617     670.162              99              82
   62         276.117   -1272.505          27.849    -749.484              62              65
   56         472.929    1156.666        -108.279    1264.878              56              60
   81        1567.808    -578.415        1874.591    -924.749              81              74
   80        -953.773   -2337.350        -746.678   -1381.743              80              72
  149        1170.891    -643.366        -478.757    -227.845             149             108
    7         234.452    1950.225        -190.660     -88.346               7              36
  244       -1461.284    -897.996        -141.019    -792.943             244             156
    2        -356.887     127.192        -870.921    -171.645               2              33
   55       -1632.240     -21.779        -529.191    -294.581              55              61
  203        -899.364     392.395        -973.022     501.752             203             134
   67       -1215.017     446.868         125.116     427.024              67              67
  101          23.823   -1602.440           8.617    -133.462             101              83
  184        -432.199    -675.333        -854.935    -515.949             184             126
  154        -877.934     834.399        -785.266    1332.219             154             109
   31        1420.013    -672.518         584.879       1.739              31              49
   99        -236.655    1633.441        -605.294     723.291              99              82
   20         421.557    -933.841        1172.829    -166.746              20              44
  157        -536.974   -1060.136       -1278.982    -720.376             157             111
  150        -333.433      -6.996        -421.423    1002.580             150             109
   68        1665.238     468.418        -308.940     393.157              68              66
   34         132.181    1200.137        -120.880     756.002              34              51
  249        1134.668    1623.007        -233.176     812.945             249             157
  153         -53.164    2087.006         496.610    1221.924             153             110
   38        1639.914    1254.196        1036.574     605.914              38              51
  164        -370.904      22.832         859.925    -306.203             164             116
    4         656.139    -193.615        -217.227      91.083               4              34
  237        -147.370    1114.563         716.201     745.974             237             152
    2        2100.910    -983.041         932.533    -251.190               2              33
  155         107.711     333.676         153.757    -413.928             155             111
  195        1603.247     188.957         135.444     280.357             195             130
  196         246.541    2121.546         627.665     -51.278             196             132
  144         -46.321    -534.325         444.625    -206.476             144             104
  186          41.717      92.605         131.253    -639.053             186             127
  117        -137.502     204.608        -260.486     216.521             117              91
   40          28.998     814.566         415.085    -300.452              40              54
    5       -1084.643    -278.931        -610.206      49.292               5              35
  245         227.954    1488.208         294.448     703.113             245             156
  136        -472.758    -117.407         814.078      76.097             136             100
   43         174.575   -2155.283         -25.143    -828.864              43              55
  148         784.708    1388.415        -408.973     929.870             148             106
  133         459.136     -73.328        1021.931    -277.349             133             100
  221         842.437     395.252        -444.374     556.466             221             143
  152        1964.393    1175.003        1998.126    -270.174             152             110
   49        -906.371   -1036.463       -1011.639   -1599.645              49              57
  157       -1704.461    1858.456        -596.734     641.636             157             112
  249       -1056.524     277.219        -647.584     953.648             249             157
   93        1929.704    2478.492        1916.757    1462.913              93              80
  152        -251.510   -1077.672        1065.351   -1402.818             152             108
    5        -884.076    -933.951         278.858    -197.908               5              36
  255         506.917   -2086.120         265.467    -877.472             255             160
   71         609.717    -731.094         110.699    -481.442              71              69
   92         223.823    -731.891        -786.309    -833.938              92              78
  116        -329.192    2160.032        -204.920     718.522             116              92
   99       -1128.816    -495.534         -18.969    -668.829              99              82
   12       -1279.228     -62.862        -620.883     449.095              12              40
  229        -448.326    -357.311        -406.933     167.419             229             147
  233         420.603     789.744         400.701    1638.896             233             150
  148        2922.215   -1082.672        1419.412   -1333.778             148             106
  196       -3272.929    1193.279       -2029.801     258.315             196             132
  170        1889.857      31.295        1433.014    1795.922             170             117
   66        2153.159    -261.568         885.836    -966.905              66              67
   61         792.777     416.437          79.061    -205.711              61              63
   80        -881.045    1402.542        -262.412    -352.435              80              74
  246        -996.957    -425.117         -40.000     426.000             246             155
  102         264.666     234.579        -229.038      -1.094             102              85
  230         315.797     837.738         228.310    1391.089             230             147
  126        3353.711    1085.016        1804.005    -165.191             126              97
   64       -1022.485     347.503         270.760   -1219.912              64              64
   35       -1137.484    -857.944        -755.906    -760.430              35              51
  126       -1942.307    1902.972       -1163.559     919.939             126              95
  103        -275.535     744.040         793.413    1398.504             103              85
   46        1554.487     350.599        1242.715     118.208              46              55
  181        -599.716    -366.328         779.129    -709.212             181             124
  108        -571.317   -1534.677        -146.054    -354.982             108              86
  243         620.500    -530.025         381.966    -287.518             243             155
  197        -617.720    -750.868        -660.518    -453.806             197             131
  169         291.832     861.246        -120.033     719.568             169             118
    4        -313.716     491.307         153.962    -137.070               4              34
  212       -1304.656    -133.843        -614.980     503.060             212             140
  195         594.433    1106.817         328.456    1243.297             195             130
  195         506.097    -131.709        1005.238     428.210             195             131
  143        1608.372    -238.065         508.459     184.530             143             104
  175         651.958     971.077         658.585     259.736             175             121
  251         740.465     537.722         514.809     445.332             251             158
   42        1039.074    1036.128        1503.951     273.980              42              55
   74         -82.865   -1108.752         569.065   -1051.503              74              69
  102       -1497.809     481.579        -353.284     854.296             102              85
  231        2642.598    -765.110        2574.890    1125.810             231             148
   51        3660.169   -2695.121        2253.390   -2239.654              51              59
    7         884.207   -1094.004          66.633   -1482.218               7              36
  202         586.931   -1356.957         627.171   -1830.381             202             135
  145       -1403.651   -1992.196       -1377.457   -1319.403             145             105
  227        1539.937    -851.396         161.185    -226.757             227             147
   91        1052.043    -749.218        -814.769   -1689.080              91              78
  113        -942.040    1752.719       -1653.826    -237.230             113              90
  122       -2082.536    2816.492       -1456.671     844.407             122              93
  159        -742.421    1499.072         510.867    1106.828             159             113
   43        -478.546     193.655        -687.061    -545.386              43              54
   48       -1873.717    3158.772        -294.666    1907.637              48              58
   23        -122.601    -567.637        1016.840    -219.770              23              44
   41       -1662.319     759.034        -542.500    1046.053              41              54
  149        2086.767    -565.533        2025.596     426.778             149             107
   62         -67.442    -777.925         -14.537   -1206.269              62              65
  163        -194.973     -31.180          80.789     297.698             163             114
  234        -204.174    -155.590         -29.384    -711.557             234             151
  100       -2053.965     245.841        -978.326     505.291             100              82
   89        -158.817     498.312          21.717    1224.238              89              78
  165         930.116    1277.343         955.954    1358.541             165             115
    7        1055.348    -670.211        1933.647    -116.749               7              37
   94         901.352   -2463.988         279.983    -723.663              94              79
   45        2502.960     393.464         901.256     170.278              45              56
  244         691.769    -722.820         325.122   -1256.801             244             154
   50        -119.140    1156.503        -766.212     582.946              50              59
  189        1199.859    1676.881        1396.157     760.576             189             127
   55        1178.432    -634.427        1084.471    -810.157              55              61
   25         438.548     391.167         444.567    -806.842              25              45
  217        -871.624    -481.715        -279.404    -800.491             217             142
  167        -475.896    1931.936        -305.674     387.548             167             116
   78       -2047.193     306.877         587.154     128.171              78              73
  151         304.753    -950.885         281.098     118.079             151             108
  215        -373.481     900.111         933.651     232.491             215             141
   35         375.957   -2034.617        1223.751    -325.172              35              50
   26        1453.073   -1494.042        1167.483   -1167.254              26              47
  126         455.216   -2085.655         437.026   -1534.062             126              95
   43        -556.974   -1407.420        -469.296   -2066.146              43              55
  127       -3830.703   -1096.312       -2138.777    -361.923             127              96
   89         209.501   -1053.957        -138.551     941.932              89              78
  189        1265.059    -552.431         -29.617    -279.839             189             127
    1         -73.572     247.356        -334.287      -7.676               1              34
  174         100.998     425.408        -482.420     397.721             174             119
   91         178.432    1731.645         347.075     494.250              91              79
  242       -1535.155      -2.642          11.919     376.252             242             153
   32        1374.478    -693.091        1200.577     174.959              32              50
  242       -1152.423   -1287.356        -306.950   -1027.410             242             153
   20          95.546   -1581.294        -409.579     655.528              20              44
  112        1838.564    1388.065         -49.874     851.642             112              88
  245        1324.499    1633.399        1883.403    1294.686             245             156
  202        2037.853   -2133.779        1599.317   -1393.291             202             133
  237        1936.121    -815.875         740.944    -592.215             237             152
   96        1277.185    -319.211         495.922   -2022.793              96              80
  200       -2683.861    -723.098       -1122.764    -683.237             200             134
  166         844.137    -622.198        -376.741    -249.670             166             115
  164       -1444.281    1299.786        -335.527     198.598             164             116
   19          28.852   -1847.482          -8.135    -190.892              19              42
   71         976.967     863.339         -60.328     266.708              71              69
  154        -291.730    -270.011        -105.579    -403.627             154             109
   41        -124.605    1360.017        -436.561    1146.654              41              54
  135        1325.221     740.899        1567.000     352.435             135             100
  103         -28.561   -1112.360         437.546    -620.725             103              85
  144        1341.524    -586.330         480.421      13.943             144             104
  162        1728.652      35.851        1122.283    -379.097             162             115
  170        1050.531   -1118.303         283.317   -1503.841             170             117
    2        -577.840    1202.599        -441.818    -118.521               2              35
   42        -175.900    -863.177         563.083    -585.639              42              53
  239         670.513    -593.870        -174.740    -430.505             239             153
   58         716.104     356.415         367.885    -676.008              58              61
  252        -405.099      29.088        -286.910    -424.011             252             160
  202         543.912     125.703         380.392    -961.229             202             133
  185       -2444.294      18.730       -1521.520    -532.697             185             126
   61         712.469    1798.018         635.496    1235.163              61              63
  133        -182.512   -1251.045        1021.220   -1839.598             133             100
   32       -1358.686    -710.156       -1724.182    -903.687              32              48
   59       -2226.455    2375.012        -379.359     516.246              59              63
  117       -2538.280   -1516.752        -703.748      64.346             117              91
   70         997.148     999.102         860.964    1240.480              70              69
  104         -76.498   -1987.893         827.051   -1899.407             104              84
  202       -2661.491     -24.089       -1435.561     499.730             202             135
  116        1702.909   -2413.561        1997.651    -321.011             116              90
   50         140.763   -2946.500       -1322.411   -2538.295              50              59
  194       -1623.151    1171.913       -1858.581     729.388             194             129
  191        -165.141    1355.478        -131.574     847.223             191             129
   91        -527.635     450.611         256.397     191.344              91              78
   33        -827.097    -155.713          89.379     134.760              33              50
   95          79.064   -1795.594         713.137    -514.908              95              80
  226          43.573   -2224.883        -799.265   -1178.427             226             147
  117        -217.198     425.609       -1060.288     169.330             117              91
  101       -1011.493    1219.302        -849.740     525.104             101              84
   34        -705.695    1127.973         102.515    1299.341              34              49
  102        1039.357    -683.662        1131.900      31.929             102              85
  207         313.054    -890.366          64.492    -821.833             207             136
   96       -1093.028    -270.111        -462.077    -142.420              96              82
   65        -197.332   -1054.536        -335.276     110.742              65              65
  184         978.877     871.242         300.804     717.656             184             126
   86         657.857   -1458.626        1143.963   -1251.785              86              75
  131       -1736.798   -1936.169       -2077.023   -1179.853             131              99
   26        -183.460    1624.749        -607.599    1703.312              26              45
   81         243.664    -502.743         322.323    -156.761              81              74
  150         364.265     -39.782        -463.702     832.343             150             107
  134        2151.747     782.816         993.401     155.967             134             101
  196        -406.618       3.415        -362.825    -512.500             196             130
   15         -13.367    1122.937        -105.554     695.704              15              41
  186         202.000      -0.065         788.000       0.000             186              35
  191         -12.984   -1122.966        -105.558    -695.705             191              37
   33        -406.431      -3.468        -362.825     512.499              33              35
   42        2152.030    -781.966         993.399    -155.964              42              37
   29         363.985      40.124        -463.700    -832.344              29              35
  194         243.241     502.901         322.320     156.763             194              37
  188        -183.200   -1624.499        -607.595   -1703.313             188              35
  217       -1737.444    1935.961       -2077.026    1179.847             217              37
  111         657.532    1458.757        1143.961    1251.787             111              35
  140         979.044    -870.921         300.806    -717.655             140              37
  204        -197.937    1054.573        -335.275    -110.743             204              35
  174       -1093.161     269.747        -462.078     142.418             174              37
  198         312.832     890.423          64.491     821.835             198              35
  165        1038.944     683.764        1131.900     -31.926             165              37
  154        -705.602   -1128.386         102.519   -1299.339             154              35
  102       -1011.155   -1219.471        -849.738    -525.106             102              37
  134        -217.028    -425.219       -1060.287    -169.332             134              35
  255          42.793    2225.194        -799.269    1178.424             255              37
  250          78.318    1795.445         713.135     514.911             250              35
  159        -827.275     155.123          89.379    -134.760             159              37
  157        -527.509    -450.993         256.398    -191.343             157              35
  145        -164.775   -1355.476        -131.572    -847.224             145              37
  208       -1622.695   -1171.919       -1858.580    -729.391             208              35
  196         140.004    2946.974       -1322.416    2538.291             196              37
   42        1701.875    2413.936        1997.649     321.014              42              35
  252       -2661.678      22.966       -1435.559    -499.734             252              37
   12         -76.996    1987.546         827.047    1899.409              12              35
   53         997.242    -999.086         860.968   -1240.478              53              37
  204       -2539.051    1515.558        -703.747     -64.347             204              35
  160       -2225.461   -2375.963        -379.358    -516.247             160              37
  175       -1358.483     709.803       -1724.185     903.684             175              35
   67        -182.483    1250.695        1021.217    1839.601              67              37
   93         713.212   -1797.992         635.497   -1235.163              93              35
  160       -2443.992     -19.496       -1521.522     532.692             160              37
  240         544.457    -125.520         380.390     961.231             240              35
  114        -404.684     -29.225        -286.911     424.009             114              37
   37         716.615    -356.103         367.884     676.009              37              35
   74         670.523     594.174        -174.740     430.504              74              37
  105        -176.002     862.981         563.083     585.641             105              35
   69        -577.033   -1202.802        -441.816     118.518              69              37
   44        1050.632    1118.720         283.313    1503.840              44              35
  181        1728.895     -35.325        1122.282     379.099             181              37
  233        1341.298     586.755         480.422     -13.943             233              35
  188         -28.928    1112.102         437.545     620.725             188              37
  105        1325.438    -740.769        1567.000    -352.432             105              35
  214        -124.270   -1360.057        -436.558   -1146.656             214              37
    7        -291.757     270.006        -105.580     403.628               7              35
   16         977.261    -862.834         -60.326    -266.709              16              37
  176          28.072    1847.516          -8.136     190.892             176              35
   77       -1443.766   -1300.294        -335.526    -198.599              77              37
  222         844.013     622.668        -376.743     249.669             222              35
   21       -2683.754     722.244       -1122.765     683.234              21              37
   27        1277.764     319.664         495.918    2022.795              27              35
  229        1936.202     816.559         740.944     592.216             229              37
   64        2037.194    2134.128        1599.314    1393.295              64              35
   94        1324.939   -1633.315        1883.408   -1294.683              94              37
  116        1838.716   -1387.239         -49.874    -851.642             116              35
  145          94.573    1581.557        -409.576    -655.528             145              37
   15       -1152.990    1286.848        -306.953    1027.408              15              35
  118        1374.075     693.257        1200.577    -174.955             118              37
   63       -1535.324       1.763          11.920    -376.252              63              35
  142         179.069   -1731.699         347.077    -494.248             142              37
  247         101.120    -425.202        -482.419    -397.722             247              35
  226         -73.472    -247.134        -334.285       7.675             226              37
  253        1264.719     553.133         -29.617     279.838             253              35
   79         208.635    1054.220        -138.549    -941.932              79              37
    8       -3831.135    1095.144       -2138.777     361.918               8              35
  155        -556.957    1407.291        -469.301    2066.145             155              37
   37         454.908    2085.677         437.023    1534.063              37              35
   95        1452.682    1494.213        1167.480    1167.257              95              37
   28         375.149    2034.159        1223.751     325.175              28              35
  164        -373.259    -900.774         933.652    -232.489             164              37
  228         304.291     950.561         281.098    -118.080             228              35
   86       -2047.074    -308.135         587.153    -128.169              86              37
  142        -474.962   -1932.339        -305.672    -387.548             142              35
  164        -871.391     481.327        -279.406     800.489             164              37
  103         439.160    -391.210         444.564     806.843             103              35
  195        1178.545     634.512        1084.469     810.160             195              37
   70        1200.522   -1676.738        1396.159    -760.571              70              35
  200        -118.618   -1156.420        -766.208    -582.948             200              37
  191         691.837     723.161         325.122    1256.801             191              35
   75        2503.147    -392.509         901.257    -170.277              75              37
  205         900.328    2464.200         279.982     723.664             205              35
   73        1054.895     670.038        1933.647     116.753              73              37
  156         930.157   -1277.402         955.956   -1358.540             156              35
   43        -159.132    -498.483          21.720   -1224.239              43              37
   38       -2054.047    -246.595        -978.325    -505.293              38              35
  114        -204.124     155.439         -29.385     711.557             114              37
  133        -194.914      31.022          80.790    -297.698             133              35
  163         -67.568     777.722         -14.541    1206.268             163              37
  130        2086.364     565.840        2025.597    -426.773             130              35
   57       -1662.382    -759.961        -542.497   -1046.055              57              37
  251        -122.930     567.094        1016.838     219.772             251              35
  133       -1872.688   -3159.704        -294.661   -1907.638             133              37
  111        -478.343    -193.864        -687.063     545.386             111              35
  181        -741.858   -1499.502         510.872   -1106.826             181              37
   58       -2081.302   -2817.021       -1456.670    -844.408              58              35
  139        -940.812   -1752.398       -1653.828     237.226             139              37
  220        1052.370     750.229        -814.773    1689.078             220              35
   76        1539.825     852.386         161.186     226.757              76              37
  171       -1404.055    1991.983       -1377.460    1319.400             171              35
   42         587.036    1357.180         627.167    1830.382              42              37
  143         884.426    1094.317          66.630    1482.217             143              35
   27        3659.508    2696.090        2253.385    2239.659              27              37
  185        2641.898     765.440        2574.892   -1125.807             185              35
   69       -1497.974    -482.457        -353.282    -854.298              69              37
  164         -83.098    1108.313         569.063    1051.504             164              35
  222        1039.526   -1036.224        1503.952    -273.978             222              37
  186         740.641    -537.725         514.809    -445.331             186              35
  235         652.291    -970.966         658.586    -259.734             235              37
   29        1608.152     238.531         508.459    -184.529              29              35
    1         505.759     131.649        1005.239    -428.208               1              37
   47         594.433   -1106.752         328.458   -1243.297              47              35
  192       -1304.937     133.349        -614.979    -503.062             192              37
  149        -313.539    -491.514         153.961     137.069             149              35
  235         292.071    -861.062        -120.032    -719.568             235              37
  153        -617.982     750.774        -660.520     453.805             153              35
  230         620.291     530.221         381.967     287.519             230              37
   98        -571.909    1534.266        -146.055     354.981              98              35
   18        -599.704     365.684         779.128     709.214              18              37
  104        1554.567    -350.510        1242.713    -118.206             104              35
   34        -275.608    -744.497         793.418   -1398.501              34              37
  181       -1941.730   -1903.680       -1163.557    -919.943             181              35
  162       -1137.484     857.533        -755.908     760.429             162              37
  109       -1021.763    -348.118         270.757    1219.912             109              35
  173        3354.358   -1084.060        1804.005     165.197             173              37
  157         315.886    -837.635         228.313   -1391.088             157              35
  118         264.587    -234.453        -229.035       1.096             118              37
  117        -997.130     424.649         -40.000    -426.000             117              35
  113        -880.281   -1402.930        -262.416     352.431             113              37
  190         793.317    -416.062          79.062     205.711             190              35
  113        2153.168     262.319         885.832     966.904             113              37
   91        1889.431     -30.759        1433.017   -1795.920              91              35
  161       -3272.547   -1194.303       -2029.801    -258.323             161              37
   38        2922.012    1083.686        1419.409    1333.782              38              35
   74         420.497    -789.651         400.706   -1638.897              74              37
  199        -448.772     357.192        -406.934    -167.420             199              35
  138       -1279.387      62.385        -620.881    -449.097             138              37
  167       -1128.864     494.966         -18.971     668.828             167              35
  208        -328.231   -2160.086        -204.918    -718.524             208              37
  159         223.790     732.274        -786.312     833.937             159              35
   91         609.568     731.460         110.698     481.442              91              37
  254         506.150    2086.190         265.464     877.473             254              35
   64        -884.382     933.267         278.859     197.910              64              37
    7        -251.632    1076.949        1065.350    1402.820               7              35
  175        1930.481   -2478.294        1916.761   -1462.908             175              37
  220       -1056.679    -277.730        -647.582    -953.651             220              35
  107       -1703.698   -1859.023        -596.732    -641.637             107              37
   29        -906.197    1036.139       -1011.643    1599.643              29              35
  233        1965.161   -1174.491        1998.125     270.180             233              37
  143         842.604    -394.942        -444.373    -556.468             143              35
  210         459.124      73.433        1021.931     277.352             210              37
   96         785.118   -1388.007        -408.972    -929.871              96              35
  226         173.718    2155.361         -25.146     828.863             226              37
  147        -472.841     116.855         814.077     -76.096             147              35
  151         228.419   -1488.306         294.449    -703.112             151              37
   47       -1084.677     278.494        -610.206     -49.293              47              35
   40          29.464    -814.666         415.083     300.453              40              37
  245        -137.259    -204.682        -260.487    -216.521             245              35
   99          41.948     -92.654         131.252     639.055              99              37
   36         -46.254     534.047         444.625     206.478              36              35
   43         247.585   -2121.596         627.665      51.278              43              37
  156        1603.493    -188.308         135.444    -280.357             156              35
  183         107.957    -333.562         153.757     413.928             183              37
   34        2100.582     983.630         932.533     251.191              34              35
  128        -147.119   -1114.773         716.203    -745.974             128              37
  188         656.045     193.750        -217.228     -91.085             188              35
   14        -370.816     -23.235         859.924     306.205              14              37
  199        1640.361   -1253.949        1036.575    -605.912             199              35
  114         -52.527   -2087.086         496.612   -1221.922             114              37
   74        1135.161   -1622.432        -233.174    -812.946              74              35
  207         132.510   -1199.748        -120.878    -756.002             207              37
  194        1665.185    -467.453        -308.939    -393.158             194              35
  250        -333.770       7.284        -421.421   -1002.581             250              37
  141        -537.441    1060.192       -1278.984     720.373             141              35
  200         421.166     933.892        1172.828     166.750             200              37
  147        -236.169   -1633.470        -605.294    -723.292             147              35
  231        1419.559     673.176         584.878      -1.737             231              37
   42        -877.986    -834.507        -785.262   -1332.222              42              35
  216        -432.576     675.478        -854.937     515.948             216              37
    8          23.065    1602.422           8.616     133.462               8              35
   31       -1215.069    -447.423         125.117    -427.023              31              37
  129        -899.312    -392.663        -973.021    -501.755             129              35
   84       -1632.157      21.314        -529.192     294.580              84              37
   36        -356.676    -127.202        -870.923     171.644              36              35
  131       -1461.301     897.462        -141.021     792.943             131              37
   29         235.515   -1950.008        -190.660      88.346              29              35
    3        1170.806     644.212        -478.757     227.845               3              37
   60        -954.393    2337.099        -746.681    1381.741              60              35
  184        1567.769     578.666        1874.587     924.755             184              37
  242         473.201   -1156.528        -108.276   -1264.876             242              35
   24         275.521    1272.646          27.848     749.488              24              37
  122         -15.310     520.485         411.618    -670.161             122              35
   83       -1373.059   -1014.567          39.253    -420.610              83              37
  146        -336.498   -1684.267       -1178.437   -1266.155             146              35
  149       -1989.205    2280.524       -1600.156    1200.501             149              37
   59       -1482.590     834.948          10.213     718.164              59              35
  233       -1031.396   -1058.588        -192.426     712.300             233              37
  212        1350.297    -434.750         126.969    -207.191             212              35
   90       -2930.663     311.218       -1708.878     290.385              90              37
  118         434.871     732.253        -309.947    2621.525             118              35
  239        3241.967    1085.264        1817.148     487.966             239              37
  122        -685.125     414.163        -499.576    -199.963             122              35
  215         726.523     865.518         547.239     883.770             215              37
   65        -479.770     617.512        -314.575    -195.394              65              35
   40        -420.774     532.503         125.070     955.597              40              37
   19        -437.819     908.488        -639.935      69.268              19              35
  207       -1749.865    1726.807         132.590    2348.966             207              37
  127        2792.955   -1003.203        1518.492     140.359             127              35
   33        -534.079    1756.040          33.085     612.476              33              37
  197         474.438    -714.475        1082.363     568.543             197              35
  116        1253.219    -478.074         662.325     -34.924             116              37
  142         997.038    -134.252         114.864     184.241             142              35
  202        1700.104    2340.725         993.889     929.688             202              37
   13           5.982    -219.005        1295.950    -998.610              13              35
   15       -1396.485    -983.299        -778.684    -533.657              15              37
  158        -175.095     722.185         -15.423     900.361             158              35
  212         705.560     375.842         750.145     150.979             212              37
  237        -710.510     395.494          38.078     149.053             237              35
  225         570.404     379.417         869.412     423.977             225              37
  196        -744.388     -68.015         522.372    -470.804             196              35
  244        -465.478   -1544.452         281.029    -382.741             244              37
    6        -842.445     403.778        -479.561     -12.152               6              35
  204        -873.224    -713.716        1103.060     262.095             204              37
  176        -678.980   -3531.315        -643.450   -1672.279             176              35
   42        -950.906     489.906       -1165.906     954.328              42              37
  169       -1043.237    -401.574        -319.618     393.268             169              35
  215         433.053     471.482          99.908    1706.765             215              37
   60         962.251    -353.058        1386.293    -195.758              60              35
   12        -720.097   -2023.334        -347.039     -82.071              12              37
  218        1602.516    -590.971         516.245     456.221             218              35
   47        1390.199   -1086.311         482.722    -566.253              47              37
  235        -123.800      98.494        -798.916    -374.714             235              35
  199        -638.681     855.788        -223.565     396.398             199              37
   36       -2360.614      12.084       -1047.057     168.170              36              35
  189        -674.670      88.134         236.489    1594.616             189              37
  194        -366.782   -2281.401          64.855    -417.236             194              35
   87         718.113    -673.657        -636.760    1311.844              87              37
   87        1439.910     411.634         619.310     648.432              87              35
  195        1470.115    -438.066         346.372     184.818             195              37
   35       -1233.713     471.685        -811.705     -97.656              35              35
    7         -21.276    -257.781        -200.044    1353.957               7              37
   29        -513.779      76.703        -567.783     218.894              29              35
  103         558.008     293.882        -337.206    1860.124             103              37
  183        -494.041    1509.358        -441.665     945.762             183              35
   21        1511.875    1061.271         753.317    2848.867              21              37
  229         847.129    1134.792        1123.585    -103.221             229              35
    4         -35.725    -844.638         -43.488    1525.080               4              37
  170        -334.902    1832.886         155.992     445.618             170              35
  191        -822.611   -1817.116         226.253    1838.454             191              37
  201       -1226.900     893.224       -1311.041     518.258             201              35
  185        -308.795      40.588         480.959    4984.887             185              37
  138        1588.897     556.031         581.115     416.833             138              35
   80         -81.285    -239.842         607.824    6294.602              80              37
  125         362.151     341.064         -30.385     390.672             125              35
  131         435.027    -570.254         926.841   19428.281             131              37
