SINAL     NFT                         FFT                         NFT INVERSA     FFT INVERSA
-----     -----------------------     -----------------------     -----------     -----------
  203       68263.000       0.000       36522.495       0.000             203             139
   17        -274.364   -1099.388        -474.449  -21167.716              17              43
   86         483.729     626.603         -63.712      -7.429              86              80
  105       -1247.154    1183.952        -564.900   -6715.271             105              87
   33       -1392.715     259.838         357.375     103.456              33              54
  227       -1747.953   -2016.247        -593.603   -4203.186             227             148
  142        1240.770   -1010.431         158.264     245.331             142             108
  133          83.031    -272.678        -515.050   -2811.296             133             101
  199        1558.164     280.331         140.940     139.139             199             137
  223       -1242.041    1952.773       -1086.125   -1407.420             223             146
  167        2170.340    1278.424        1850.169    1361.249             167             121
   22        -135.678     145.318         201.772   -3072.311              22              45
  145        -427.375     247.781         550.405     991.065             145             110
  150        2044.149   -1270.337        1204.905   -2985.819             150             109
   42       -1255.871    -293.767        -765.969    -886.178              42              58
  122        -482.319      60.932        -555.318   -1416.163             122              95
  250        -397.157     989.271        -154.658      27.259             250             162
    7       -1848.796    1005.326        -595.468   -1063.882               7              38
    6       -1429.873     192.075         457.808     615.042               6              40
   48        -761.784   -1740.086         -80.916   -1579.635              48              58
  105        -395.790     -59.168          83.065     715.147             105              90
  150         896.468   -1863.344         859.654   -1651.929             150             109
  238        -692.030   -1024.940        -890.644    -872.636             238             156
  228       -1467.195      86.574        -875.770     261.024             228             148
  153        2714.124    -632.214        1428.410     494.005             153             114
  127         638.448     -32.794        -135.428   -1633.377             127              98
  191         254.940     667.881         681.035     304.734             191             133
    8        -626.904   -1576.981         -55.520   -2048.790               8              38
  160         215.209    -343.302         192.070     274.297             160             117
   79        -102.272   -2537.043         167.919   -2957.797              79              74
  114       -1984.804   -1293.880       -2405.444     -99.851             114              94
   58         944.121    1009.654         149.702     -76.208              58              63
   88       -1055.831   -1548.856        -853.693    -985.647              88              81
   27        -256.715     921.667       -1496.393    -225.886              27              48
  119       -2301.317     959.376        -890.822     348.740             119              97
  150       -1168.249    -306.161       -1590.241     633.606             150             109
  163        1171.744    2865.168         421.331    1847.056             163             119
  220       -1020.049     318.506         166.874    -278.019             220             144
   78         195.744    -195.856         -23.472     801.557              78              76
  195          30.048    1896.090        -269.137     558.154             195             132
  216         231.181     637.077        1995.736    1182.919             216             145
  192         796.500   -3456.630           5.112   -2431.755             192             130
  167       -1318.975    1981.062        -813.430    1538.024             167             121
  190         703.543   -2625.771         928.311    -897.264             190             129
  145         911.365     739.094        -616.913     949.227             145             110
  204        1116.075    -497.254        1397.749    -706.010             204             136
   17        -519.433   -1347.087       -1058.072    -264.843              17              46
  102        1268.530     792.591         339.909     657.718             102              85
  165         689.301    -231.641         865.304     170.961             165             120
  188        1529.330   -2771.445         379.260   -1297.273             188             128
    9        1393.252     161.809        -587.655     159.133               9              42
  246        1937.108    -820.040         257.532    -896.060             246             157
  209         562.345    2157.761       -1466.502     484.442             209             142
  207         879.926    2196.745        1030.409     798.098             207             138
   96         922.787    -221.664         206.074    -902.994              96              85
  112        -643.985     429.262        -735.317    -411.686             112              90
  185         337.318    1654.268        -677.845     676.930             185             130
  209        -319.572    2003.686         235.949     272.171             209             139
  105       -1007.156     776.744        -456.118     196.969             105              90
  190       -1322.431     922.971        -317.591     769.862             190             129
   74        1005.623     890.248         572.693    1277.637              74              74
   83         614.698      12.099        1129.542    -386.621              83              76
   85         281.431    -775.098        -540.054     130.110              85              80
  171        1195.781    1887.634         817.101     663.630             171             120
  111         238.703   -1300.667         247.503    -356.357             111              93
   75        2105.313    1362.192         -65.596     374.526              75              72
   92        -328.928    2809.176         287.896     578.840              92              83
  109        -554.975     501.453         665.215     467.729             109              89
  231         409.514     -22.270         616.856     432.926             231             153
   47        2161.187     -99.045        1456.426     353.793              47              58
    3        1443.513       2.766        1038.749   -1185.549               3              39
   94       -1347.696   -1315.360        -435.608    -202.322              94              81
  122        4095.915     426.066        1013.166     581.713             122              98
  182        1117.433    2162.469        1297.604    -647.020             182             125
   35         786.715   -1237.736        1062.920   -1256.353              35              55
   85        -608.387    -680.294        -351.462   -2115.536              85              77
  230       -2701.986    -649.335       -1735.642    -199.208             230             152
  154        1003.035     591.949         236.687     965.481             154             111
  224        1473.811      76.951         516.298    -781.294             224             149
   55        -552.863    1101.096        -266.100     -55.849              55              62
  217         246.761    -633.121         336.782   -1137.978             217             146
  123       -2560.354     504.521       -1917.514      19.939             123              96
   55        1230.750     815.523         869.096     990.055              55              65
  224        -748.499    -338.994        -777.003   -1032.425             224             146
  244         445.310    2076.059        -291.138    1491.919             244             159
  177        -448.762    1666.143         728.300    -319.709             177             123
   51       -1526.469   -1234.835        -320.641     -16.151              51              63
  229         617.630     647.604        -394.583     309.964             229             149
   72        -255.642    1953.867         469.606     863.630              72              73
  111        -997.080    -533.758         313.053    -206.622             111              90
   82         557.990    -604.813         380.618     446.038              82              78
  210         264.164    -466.051         190.766    -311.873             210             139
  224        1506.726    -661.968         537.554     422.267             224             149
   24        1646.098      -0.216         107.707   -1030.842              24              46
  151        -396.135    1409.782        -609.043     497.293             151             113
  126          91.426    1265.958         -88.335      95.110             126              97
  149        -614.973    1932.102         119.033    1210.994             149             112
  207         356.304    -247.347         836.055    -147.271             207             138
  179         501.089     687.356         260.198     908.373             179             127
  133        2168.623    -450.959        1672.709    -522.520             133             101
   83         795.579     184.382        -148.273    -621.343              83              79
  188         -63.240     779.462         443.428    -297.457             188             128
    2         380.436    -252.559        -126.169    -293.367               2              38
  235         -80.204    1158.743         -14.463    -414.049             235             152
  129       -1139.733     812.276        -712.487     544.938             129             102
  211         745.731    1597.336         866.447     737.377             211             140
  187         942.650     525.374         766.581     -24.085             187             131
  134         167.892    1362.967        1011.992    -712.093             134             101
   19       -2133.842   -1334.245        -296.622    -984.284              19              47
   82        -567.362    -248.001        -280.495    -383.541              82              75
  129       -1812.749    -668.325        -865.517    -147.082             129             102
  230         310.849     929.210        -402.900     814.287             230             149
  103        -682.498    2084.402         433.312     839.870             103              89
  143        -703.508   -1363.814         883.964    -374.567             143             106
  122        -444.819   -1104.345        -980.981     -71.345             122              98
  167         674.211    1900.262         745.068    1615.401             167             118
  203        1418.028   -1157.470        1346.576    -578.801             203             139
    1         102.959     -59.947          92.217    -406.038               1              35
  242        -103.522   -1032.259          -7.458    -168.519             242             158
  172        1356.266     568.898         259.885     401.467             172             120
   30         592.962     620.342         409.238    -154.185              30              52
   88          63.069     876.020         785.492     419.138              88              78
   19         962.869   -2821.324         733.583   -1686.240              19              47
  155        -454.896    1483.886       -1625.194     306.960             155             112
  105          14.639     824.472        1236.069     551.294             105              90
  243         -64.888   -1276.247        -752.788    -587.367             243             156
  221         867.612    1760.450         383.570    1261.670             221             148
  211         988.341     678.474         553.300     388.790             211             140
  197        2537.864    1107.135        2105.000     675.000             197             136
  136        2195.284   -1251.417        1269.851   -2046.958             136             102
  155         197.143    1048.300         129.265    -903.097             155             115
   13       -1542.920    -831.651        -239.910   -1814.271              13              41
  222       -1788.303    -132.792       -1408.389    -162.020             222             148
  128        -845.703    1255.427        -453.872     254.274             128              98
   64       -1369.021     872.704         -64.226     883.850              64              69
    4        1460.958    -606.779        1268.464     -70.749               4              36
  150         164.323    -588.516         111.752   -1328.713             150             112
  145       -1341.900    -132.565       -1077.793    -111.667             145             107
    8         929.215    1800.148         493.907     714.098               8              41
  155        -934.992     -54.387         454.606    -731.503             155             112
  209         390.014    -401.245         135.444    -430.088             209             142
   94       -1785.160     596.671        -459.889    -915.255              94              81
   89       -1516.258    -661.137        -122.339     182.582              89              82
  236        -848.612   -1748.144        -293.610   -1517.156             236             152
  116       -2118.735    -782.745       -1896.802     339.481             116              95
  226         564.585     687.444        -235.757     531.143             226             147
  208        -853.460    1468.172        -842.962     832.438             208             141
   73         460.195    1367.794        1087.901     779.470              73              71
   87        -246.366   -1328.153         -91.224   -1353.850              87              81
  234       -2604.814    1597.882       -1606.974     326.734             234             151
   89       -2101.119     107.494        -233.052    1094.488              89              82
  211        -187.414    -451.984         -79.020     543.464             211             140
  251         167.501    -379.410         137.226     405.974             251             163
   85        -558.476     152.164        -742.677     245.966              85              77
  181          41.756    1089.009          84.371    1707.103             181             128
  204        1309.641    -166.652         978.383    -151.287             204             136
  132       -1082.342    -263.021       -1259.124     352.979             132             103
   99        1399.037    2905.137         488.581    2525.272              99              84
    3        2115.470     482.049        2246.371      85.270               3              39
  110        -249.895    -505.387        -206.704    -460.798             110              89
  229        1835.170     795.911         852.200     966.038             229             152
  124         613.670    1315.613         588.771    -562.687             124              96
  146        -821.358     -45.672         129.782     631.792             146             110
  253        1926.429    1041.348         906.998     128.796             253             161
   98        -255.938     266.793         658.403     -77.284              98              86
  130         852.487    1036.134         357.116    -137.810             130              99
  159       -1450.065     166.925         926.979    -145.380             159             117
   85          56.497   -2080.029        -519.040    -905.135              85              77
  164          -0.838    2277.035         314.760    1477.084             164             119
  229        1537.282   -1229.755        1539.734   -1142.736             229             149
  196       -1528.499     152.128        -706.816    -544.966             196             135
    8        -534.299    -895.577        -153.968     -52.596               8              38
  236         615.048    1570.272          47.132    1036.505             236             155
   59         728.833     -69.663        1830.499    -920.811              59              64
  116       -2282.753   -2422.854       -1607.284   -1470.314             116              95
   10        -243.355    2104.730        -508.722    1389.206              10              39
  137       -1298.127    -904.659         336.276    -336.526             137             106
   73         -66.795     237.028       -1029.762     715.871              73              71
  153        -417.350    1872.574         800.792    1297.097             153             114
  143         766.951    -928.602         743.955      44.475             143             106
   90         -96.711    -140.465         578.863     -80.233              90              82
  229         188.927   -1083.153        -377.835      89.054             229             149
  139        1244.440    1395.183        1188.735    1130.367             139             107
   30        2059.534   -2128.413         993.458   -1338.753              30              49
   32         155.156    1880.114        -476.632    -197.938              32              53
  111       -1894.334     559.862          -8.039    -234.741             111              90
  123       -1959.164   -1185.335        -125.596     150.696             123              99
   38         763.121   -2753.294        -613.674    -377.787              38              53
   43         826.126    3152.990        -718.107    1653.641              43              59
   73         192.078    1293.925        1160.418     816.630              73              71
   51         342.927       3.797         746.916     379.612              51              63
  254        1131.420   -1384.731         601.588    -574.235             254             161
  229         169.173    1463.362        -469.503     623.643             229             152
  236         447.320     520.557         853.999     413.399             236             152
  231         -49.781     767.606          65.429     595.474             231             153
  250        1637.372     -73.563        1453.939     521.675             250             159
   67        1258.060     391.441         596.691    -567.512              67              71
  142        -584.061     237.520         248.269     146.627             142             105
  207        1143.955     304.431         775.780     273.330             207             141
  223         341.001    -220.487         747.062    -427.913             223             146
   99         372.529    -408.182         253.047    -126.637              99              87
  248         886.295    -188.767         259.045    -168.758             248             158
  116         790.221    1725.983         350.931     563.020             116              95
   78         620.429     246.073        1238.218    -151.129              78              73
  184         977.935      73.533         661.206    -676.947             184             129
  199       -1234.304     223.678         -17.161    -839.841             199             134
   38       -1343.590    -326.930        -140.883     185.738              38              56
  184         414.726   -1042.196          61.164    -251.929             184             126
    1         521.660    2423.557         307.568    1028.177               1              38
   83        -468.560   -1310.542        1490.318    -962.591              83              76
   40        -146.286   -1115.645        -828.775    -247.677              40              57
  244         459.232     604.206         996.858     285.080             244             156
  191         926.585   -1103.695         221.047    -469.891             191             133
  199         813.019     527.417         797.692    -797.143             199             134
  103       -2056.377    -852.894       -1395.426   -1020.224             103              89
  192       -1644.182    1792.857        -641.012    1268.332             192             130
  177        -640.659    -399.006         133.972     989.741             177             126
   75        2815.823    1147.972        1653.541    1319.394              75              72
  178        1914.006    -409.919        1713.689   -1458.401             178             126
  226       -1872.158     659.266        -689.224    -548.561             226             147
   22        -823.909    -805.897         817.407     276.782              22              48
    0         699.375   -1312.835          21.416    -801.271              -0              34
   95        -811.946     867.599         114.482     549.589              95              85
   68         698.828   -1235.152         812.811    -134.156              68              68
   79        1399.440    -265.185         942.460    -214.602              79              77
   47         738.762    -914.243         476.385   -1330.815              47              58
  154       -1118.835     -33.877        -164.108    -600.635             154             114
  127       -1279.894   -1929.944        -870.497   -1029.780             127              98
  245        -553.361    1843.149        -720.948    1733.442             245             160
   40        2052.720    -351.176        2089.814    -273.527              40              54
  192        -696.468    -391.098        -217.915   -1257.922             192             133
  249       -1902.047   -1447.818        -537.459    -802.567             249             159
   26       -1520.496     485.388       -1155.058    1012.562              26              50
  219         750.571   -1388.245        1450.093     221.658             219             144
    9         924.712   -1326.567        -797.078    -407.220               9              42
  153        1488.920    1455.230        1066.755     701.670             153             111
   92        -202.959    -576.968        -213.854   -1047.685              92              83
  158        -930.201     501.378         133.763     807.015             158             113
   83        1782.270   -1630.066         502.715    -623.611              83              79
  221         -51.683    2063.197         -63.323     274.964             221             145
  181        -505.342   -1031.549         692.219    -257.363             181             128
   84         754.527    -326.577         234.408    -325.215              84              76
  160        -290.749    -971.722         379.851    -738.759             160             117
  231          31.908    -735.622        -565.462    -446.684             231             150
  234         106.899     365.156         577.379    -116.070             234             154
   78       -1090.655   -2564.375        -791.393   -1939.523              78              73
   21       -2171.348     735.548       -2348.676     948.507              21              48
  105         437.541    1337.749         361.650    1340.126             105              87
  185        -752.229     167.521        -265.843     372.845             185             130
  214         889.910     233.351         368.446    1249.464             214             141
  214        1979.460     683.521        1080.713      79.480             214             144
  177        -437.748     172.613        -221.033    -158.917             177             123
  231         719.451    1699.004         679.164    1181.903             231             153
  208         140.776    -657.088        1230.252    -762.940             208             138
  119        -286.039   -1095.578           0.766       6.804             119              97
  242        1401.300   -1753.142         762.720   -1040.389             242             155
   64        -563.000       0.086       -1520.000       0.000              64              40
  165        1400.698    1753.727         762.710    1040.392             165              37
  206        -286.516    1095.258           0.766      -6.804             206              40
   21         140.586     656.699        1230.248     762.944              21              37
   79         719.983   -1699.034         679.166   -1181.903              79              40
  187        -437.630    -172.810        -221.036     158.917             187              37
   74        1979.657    -682.902        1080.713     -79.477              74              40
  231         889.593    -233.046         368.449   -1249.464             231              37
  253        -752.496    -167.825        -265.842    -372.846             253              40
   49         437.653   -1337.510         361.652   -1340.125              49              37
  209       -2171.309    -735.838       -2348.673    -948.512             209              40
  190       -1091.332    2564.177        -791.400    1939.521             190              37
   54         107.211    -365.193         577.379     116.071              54              40
  145          31.749     735.690        -565.464     446.682             145              37
   92        -290.945     971.538         379.849     738.761              92              40
  162         754.472     326.684         234.408     325.216             162              37
   86        -505.657    1031.077         692.218     257.364              86              40
  105         -50.788   -2063.278         -63.323    -274.965             105              37
  195        1781.687    1630.704         502.714     623.613             195              40
  160        -930.151    -501.821         133.766    -807.015             160              37
  244        -202.969     576.790        -213.857    1047.684             244              40
  116        1489.473   -1454.652        1066.757    -701.666             116              37
  242         924.061    1327.085        -797.078     407.219             242              40
   35         749.684    1388.356        1450.096    -221.653              35              37
  161       -1520.700    -485.994       -1155.056   -1012.566             161              40
   56       -1902.475    1447.096        -537.462     802.566              56              37
  193        -696.227     390.599        -217.917    1257.921             193              40
  183        2052.666     351.548        2089.813     273.533             183              37
   39        -552.985   -1843.321        -720.944   -1733.444              39              40
  145       -1280.537    1929.589        -870.500    1029.778             145              37
  136       -1118.528      33.353        -164.109     600.634             136              40
   64         738.828     914.358         476.382    1330.816              64              37
   14        1399.438     265.486         942.459     214.603              14              40
   80         698.249    1235.100         812.809     134.158              80              37
   18        -811.716    -868.081         114.484    -549.588              18              40
  171         698.894    1312.923          21.414     801.270             171              37
  230        -824.279     805.198         817.408    -276.781             230              40
  105       -1871.580    -660.259        -689.225     548.559             105              37
   11        1914.309     410.226        1713.685    1458.405              11              40
  192        2815.965   -1147.292        1653.545   -1319.390             192              37
   15        -641.309     398.557         133.975    -989.742              15              40
  139       -1643.773   -1793.495        -641.010   -1268.334             139              37
  136       -2056.373     852.219       -1395.428    1020.220             136              40
  102         813.604    -527.202         797.690     797.145             102              37
  231         926.334    1103.891         221.046     469.892             231              40
  203         459.396    -604.182         996.859    -285.078             203              37
   20        -146.703    1115.494        -828.776     247.674              20              40
   21        -468.913    1309.894        1490.316     962.595              21              37
  155         522.559   -2423.646         307.569   -1028.177             155              40
   77         414.273    1042.311          61.162     251.929              77              37
  143       -1343.711     326.188        -140.882    -185.739             143              40
  238       -1233.854    -224.388         -17.163     839.840             238              37
  106         978.366     -73.488         661.204     676.949             106              40
   14         620.736    -246.205        1238.219     151.133              14              37
  118         790.964   -1725.838         350.933    -563.021             118              40
  134         886.298     189.112         259.044     168.759             134              37
  230         372.426     408.192         253.047     126.638             230              40
  224         341.024     220.367         747.061     427.915             224              37
  225        1144.052    -304.292         775.781    -273.330             225              40
  230        -583.905    -237.924         248.270    -146.627             230              37
   94        1258.371    -391.197         596.690     567.513              94              40
   36        1637.234      73.890        1453.940    -521.672              36              37
   77         -49.692    -767.847          65.431    -595.475              77              40
  193         447.434    -520.566         854.001    -413.397             193              37
   37         169.650   -1463.242        -469.503    -623.643              37              40
   76        1130.879    1385.101         601.584     574.235              76              37
  152         342.747      -4.034         746.917    -379.611             152              40
  250         192.390   -1294.152        1160.419    -816.629             250              37
  252         827.001   -3152.369        -718.104   -1653.643             252              40
  200         761.765    2753.911        -613.677     377.785             200              37
  197       -1959.878    1184.379        -125.597    -150.698             197              40
  250       -1893.930    -560.856          -8.040     234.742             250              37
   94         156.245   -1879.989        -476.632     197.936              94              40
  245        2058.995    2129.084         993.453    1338.755             245              37
    4        1244.707   -1394.906        1188.738   -1130.364               4              40
   30         188.304    1083.195        -377.836     -89.056              30              37
   31         -96.912     140.241         578.862      80.235              31              40
  110         766.420     928.492         743.955     -44.475             110              37
   92        -417.000   -1872.968         800.794   -1297.095              92              40
   12         -66.976    -236.997       -1029.760    -715.874              12              37
  192       -1298.590     904.051         336.275     336.526             192              40
  149        -242.751   -2104.776        -508.719   -1389.207             149              37
   65       -2283.416    2422.105       -1607.288    1470.311              65              40
  153         729.111      69.481        1830.497     920.816             153              37
  174         615.558   -1570.195          47.133   -1036.505             174              40
  201        -534.683     895.365        -153.968      52.596             201              37
  253       -1528.208    -152.792        -706.817     544.964             253              40
   16        1537.084    1229.928        1539.731    1142.741              16              37
   14          -0.124   -2277.181         314.763   -1477.084              14              40
   74          55.746    2079.944        -519.043     905.132              74              37
  169       -1449.842    -167.898         926.979     145.381             169              40
  170         853.096   -1036.175         357.115     137.810             170              37
  213        -255.618    -267.129         658.402      77.285             213              40
  193        1926.840   -1040.899         906.998    -128.794             193              37
  123        -821.364      45.185         129.784    -631.792             123              40
   64         614.353   -1315.606         588.769     562.689              64              37
  106        1835.435    -795.303         852.201    -966.038             106              40
  183        -250.074     505.167        -206.707     460.796             183              37
  228        2115.591    -481.710        2246.371     -85.265             228              40
   60        1399.573   -2904.675         488.586   -2525.271              60              37
  164       -1082.719     262.887       -1259.123    -352.981             164              40
  199        1309.371     167.041         978.382     151.289             199              37
   20          41.703   -1088.999          84.374   -1707.103              20              40
  186        -558.740    -152.224        -742.678    -245.968             186              37
    4         167.058     379.502         137.228    -405.974               4              40
  141        -188.056     451.795         -79.020    -543.465             141              37
  219       -2101.469    -108.441        -233.050   -1094.488             219              40
   69       -2604.189   -1598.764       -1606.974    -326.738              69              37
  200        -246.533    1327.988         -91.228    1353.850             200              40
  133         460.668   -1367.883        1087.903    -779.467             133              37
  171        -853.016   -1468.369        -842.960    -832.439             171              40
   31         564.637    -686.931        -235.756    -531.141              31              37
  135       -2119.154     782.343       -1896.802    -339.484             135              40
   97        -849.145    1747.842        -293.615    1517.155              97              37
  223       -1516.386     660.328        -122.339    -182.581             223              40
  143       -1784.596    -597.484        -459.891     915.254             143              37
   77         390.232     401.211         135.443     430.088              77              40
  140        -934.714      53.757         454.603     731.505             140              37
   12         930.010   -1799.935         493.910    -714.097              12              40
   63       -1341.767     132.232       -1077.792     111.664              63              37
   22         164.485     588.523         111.750    1328.713              22              40
  142        1460.767     606.999        1268.464      70.751             142              37
  252       -1368.819    -873.449         -64.224    -883.850             252              40
   31        -845.170   -1255.725        -453.870    -254.273              31              37
   12       -1788.049     132.286       -1408.389     162.016              12              40
  213       -1542.527     830.993        -239.915    1814.271             213              37
   50         198.365   -1048.340         129.263     903.098              50              40
  165        2195.515    1251.971        1269.849    2046.964             165              37
  209        2538.409   -1106.594        2105.000    -675.000             209              40
   68         988.507    -678.292         553.295    -388.795              68              37
  115         868.101   -1760.046         383.571   -1261.669             115              40
  255         -65.389    1276.285        -752.792     587.364             255              37
   21          14.936    -824.610        1236.070    -551.291              21              40
  115        -454.232   -1483.782       -1625.193    -306.966             115              37
   21         962.087    2821.657         733.579    1686.242              21              40
  142          63.462    -876.327         785.493    -419.137             142              37
  207         593.329    -620.213         409.238     154.185             207              40
   44        1356.436    -568.348         259.884    -401.467              44              37
  188        -103.949    1032.242          -7.459     168.520             188              40
   59         103.022      59.871          92.217     406.037              59              37
  110        1417.605    1157.655        1346.574     578.803             110              40
    6         674.563   -1900.177         745.072   -1615.400               6              37
   25        -445.468    1104.231        -980.981      71.342              25              40
   45        -704.103    1363.143         883.963     374.570              45              37
  238        -681.809   -2084.996         433.313    -839.869             238              40
  146         311.046    -929.037        -402.899    -814.288             146              37
  111       -1813.023     667.739        -865.517     147.080             111              40
  101        -567.333     247.685        -280.496     383.539             101              37
    2       -2133.951    1333.135        -296.625     984.283               2              40
  136         168.895   -1363.367        1011.990     712.097             136              37
  165         943.146    -525.358         766.582      24.087             165              40
   50         746.316   -1597.282         866.449    -737.374              50              37
  204       -1139.325    -812.709        -712.485    -544.940             204              40
  132         -79.466   -1158.721         -14.465     414.048             132              37
   74         380.657     252.697        -126.169     293.367              74              40
  230         -62.638    -779.532         443.427     297.457             230              37
   80         796.044    -184.093        -148.274     621.342              80              40
  210        2168.591     451.556        1672.707     522.523             210              37
  175         501.212    -687.368         260.200    -908.373             175              40
   32         356.131     247.198         836.054     147.274              32              37
   82        -614.297   -1932.529         119.034   -1210.994              82              40
   11          92.007   -1265.884         -88.337     -95.112              11              37
  187        -395.365   -1409.684        -609.043    -497.293             187              40
   92        1646.355       1.079         107.704    1030.842              92              37
  249        1506.425     662.616         537.554    -422.266             249              40
    8         263.834     466.127         190.764     311.873               8              37
  100         557.576     604.859         380.619    -446.038             100              40
   58        -997.383     533.056         313.051     206.623              58              37
  134        -254.917   -1954.179         469.609    -863.629             134              40
  194         617.768    -647.298        -394.584    -309.966             194              37
   24       -1526.898    1234.136        -320.640      16.152              24              40
  121        -447.964   -1666.617         728.299     319.710             121              37
  196         446.144   -2075.800        -291.135   -1491.921             196              40
  117        -748.455     338.900        -777.008    1032.422             117              37
  204        1231.014    -815.071         869.098    -990.052             204              40
  163       -2560.069    -505.221       -1917.513     -19.943             163              37
  162         246.967     633.217         336.781    1137.978             162              40
  183        -552.077   -1101.284        -266.100      55.847             183              37
  226        1474.155     -76.348         516.297     781.297             226              40
   75        1003.123    -591.455         236.691    -965.481              75              37
  139       -2702.051     648.587       -1735.642     199.204             139              40
   14        -607.934     680.080        -351.467    2115.535              14              37
  173         786.984    1237.677        1062.916    1256.355             173              40
  225        1118.794   -2162.296        1297.602     647.023             225              37
  238        4096.135    -424.490        1013.168    -581.711             238              40
  255       -1348.167    1314.910        -435.609     202.319             255              37
  231        1443.838      -2.494        1038.746    1185.551             231              40
   62        2161.131      99.550        1456.427    -353.789              62              37
  213         409.297      22.094         616.858    -432.926             213              40
  205        -554.815    -502.070         665.216    -467.729             205              37
  241        -327.685   -2809.433         287.896    -578.839             241              40
  165        2105.937   -1361.186         -65.594    -374.523             165              37
  228         238.263    1300.791         247.503     356.357             228              40
  185        1196.404   -1887.239         817.101    -663.632             185              37
   91         281.104     775.280        -540.055    -130.111              91              40
  164         614.662     -12.084        1129.540     386.623             164              37
  204        1005.684    -890.100         572.695   -1277.636             204              40
  157       -1322.307    -923.517        -317.589    -769.863             157              37
   35       -1006.745    -777.207        -456.118    -196.972              35              40
  194        -318.608   -2003.801         235.948    -272.170             194              37
  249         338.120   -1653.886        -677.843    -676.932             249              40
   46        -643.496    -429.159        -735.319     411.683              46              37
   45         923.131     222.034         206.071     902.995              45              40
   61         880.949   -2196.346        1030.411    -798.096              61              37
  107         563.395   -2156.967       -1466.502    -484.445             107              40
  138        1937.073     821.342         257.529     896.061             138              37
  216        1393.353    -160.776        -587.656    -159.134             216              40
  225        1528.329    2772.232         379.256    1297.276             225              37
  239         689.111     231.781         865.304    -170.960             239              40
   23        1268.608    -791.990         339.909    -657.718              23              37
  162        -519.979    1347.107       -1058.073     264.841             162              40
  186        1115.917     497.596        1397.746     706.014             186              37
  140         911.449    -738.609        -616.911    -949.229             140              40
  180         702.355    2625.967         928.307     897.266             180              37
  121       -1318.428   -1981.484        -813.427   -1538.026             121              40
  184         795.369    3456.818           5.103    2431.756             184              37
  163         231.271    -637.552        1995.739   -1182.915             163              40
  233          30.563   -1896.210        -269.136    -558.157             233              37
   72         195.511     195.931         -23.470    -801.557              72              40
   65       -1019.983    -319.058         166.872     278.020              65              37
   96        1172.562   -2864.653         421.336   -1847.055              96              40
   65       -1168.667     306.099       -1590.241    -633.610              65              37
   64       -2300.916    -959.919        -890.822    -348.741              64              40
  131        -256.148    -921.269       -1496.394     225.886             131              37
  151       -1056.061    1548.847        -853.695     985.646             151              40
  137         944.603   -1009.005         149.700      76.205             137              37
  123       -1985.056    1293.723       -2405.444      99.846             123              40
  122        -102.684    2537.108         167.910    2957.798             122              37
   55         215.404     343.298         192.071    -274.295              55              40
    3        -627.077    1576.617         -55.525    2048.788               3              37
  100         255.621    -667.955         681.036    -304.732             100              40
   19         638.875      33.083        -135.434    1633.376              19              37
   11        2713.907     633.168        1428.411    -494.001              11              40
   83       -1467.303     -86.972        -875.770    -261.028              83              37
  198        -692.095    1024.854        -890.645     872.635             198              40
  249         896.029    1863.519         859.650    1651.930             249              37
  246        -395.785      58.845          83.067    -715.146             246              40
  141        -762.276    1739.536         -80.920    1579.633             141              37
   38       -1429.582    -193.032         457.808    -615.040              38              40
  163       -1847.931   -1006.226        -595.471    1063.884             163              37
  242        -396.151    -989.429        -154.658     -27.259             242              40
   45        -481.659     -61.010        -555.322    1416.157              45              37
   35       -1255.072     293.402        -765.970     886.176              35              40
  218        2044.508    1270.858        1204.897    2985.820             218              37
  159        -426.704    -248.231         550.407    -991.063             159              40
  174        -134.754    -145.656         201.763    3072.308             174              37
  191        2171.439   -1277.924        1850.172   -1361.244             191              40
  157       -1240.669   -1953.064       -1086.129    1407.417             157              37
  215        1559.151    -279.467         140.940    -139.138             215              40
   58          83.770     273.006        -515.058    2811.290              58              37
  107        1241.242    1011.043         158.265    -245.331             107              40
   29       -1747.589    2015.488        -593.615    4203.183              29              37
   22       -1390.875    -260.687         357.376    -103.454              22              40
   28       -1244.165   -1184.497        -564.918    6715.262              28              37
  177         487.712    -626.298         -63.713       7.430             177              40
  252        -267.455    1099.330        -474.504   21167.702             252              37
