SINAL     NFT                         FFT                         NFT INVERSA     FFT INVERSA
-----     -----------------------     -----------------------     -----------     -----------
  246       63460.000       0.000       32388.495       0.000             246             154
   26        1327.373    1613.777         721.140  -18783.990              26              45
  162       -2001.692    -252.115        -380.210    -816.710             162             112
   70        -442.768   -1307.812        -514.544   -6296.046              70              67
   31        -466.295     897.918        -857.122     323.566              31              47
  251        -130.222     234.531         318.625   -2803.768             251             157
  166        1545.575    -679.222         182.760    -543.086             166             114
  132        -937.675    1394.037       -1231.242   -2348.521             132              98
    9        -123.276    2525.158         -93.645    1960.583               9              36
   57        1619.537    1601.447        1605.269   -1352.685              57              60
   16         -80.384    1241.675         640.514     -31.860              16              39
  232        -529.403     520.729        1191.090   -1773.848             232             148
  222       -1802.961   -1528.560         105.413    -904.319             222             142
  134        -969.165   -1437.747        -183.606   -1205.489             134              99
  201         279.788    -422.003         481.113     632.366             201             132
  123        2205.043   -2072.309        1697.175   -1548.349             123              93
   94        1432.511   -1089.159         168.169   -1503.703              94              78
    9        -846.351   -1285.647           3.959   -1882.465               9              36
   89        -163.450   -1505.462       -1272.852    -762.920              89              76
   69          38.689     943.679         277.981      94.366              69              66
  110        1491.620   -2662.848         149.564   -1520.948             110              86
   58          94.091    1481.725       -1058.544    -338.600              58              61
  108         604.776    -147.150         320.957    -667.976             108              85
   91       -1569.028     873.513       -1690.377    -722.174              91              77
   12        -931.002    1705.538        -268.848    1212.513              12              37
   62        -248.568    -122.501         255.985      13.207              62              63
   64        1568.739      40.193         201.318     140.726              64              63
   88        -278.972    2243.797         190.733     140.001              88              76
   15        -503.321   -1277.223         713.680    -525.387              15              39
  197        -359.521    -984.023        -967.988    -259.169             197             130
  136        1954.557    1091.086         575.141     860.489             136              99
  142         532.829    1015.456         254.455     -38.576             142             103
  157        1861.477     795.343        1176.981      32.086             157             110
  123       -1033.055     284.540        -384.753    -810.627             123              93
  162        1412.979    1348.890         719.122     910.563             162             112
  113        -714.190     898.381         954.863    -803.130             113              88
  211         333.778   -2465.429         641.935    -828.734             211             137
   37        -836.394     -85.424       -1096.919    -969.287              37              50
  210         631.184     641.898         442.610    1515.228             210             136
  249        1965.850     193.945        1375.317   -1262.893             249             156
   75       -1081.591   -1004.018        -537.679    -683.492              75              69
  124         185.512    1339.115        -214.252       3.300             124              94
   59       -1594.657      58.986         371.960     404.760              59              61
  167        1524.702   -1751.132         874.777    -152.519             167             115
  238        2292.495   -1074.206         921.234   -1101.307             238             150
  213        -401.270     -45.996        -959.816   -1016.871             213             138
   21          87.902     777.271         149.487     511.670              21              42
   56         210.574      31.499        -153.917    -383.807              56              60
  198         791.743    1021.821         981.411     696.539             198             130
  205         933.955   -2035.738         643.643   -1604.260             205             134
   62         956.932     493.725        -195.272      33.324              62              62
   78         972.726    -465.200         777.870   -1170.230              78              71
  208         114.128    -227.759        -622.094   -1043.833             208             135
  152       -1355.066      27.221        -834.510    -513.801             152             108
  150        1405.915     955.719        -356.366     588.874             150             106
   35        -105.946    2454.920         658.401    -338.677              35              49
  183        -466.200   -1105.045         125.367    -903.144             183             123
  152       -1605.096     555.077        -840.202   -1313.465             152             108
   76       -2825.580   -1028.496       -1505.058     336.012              76              69
  225        1247.531    1241.711         -69.573     506.708             225             144
   71       -1211.909     734.927        -251.259     -27.758              71              67
  221        -132.454     272.898         -98.263    -124.846             221             142
  199       -1712.494     -73.601       -1046.710    -440.005             199             131
  140        -939.218    1923.848        -847.121    1403.603             140             102
    1        -472.178     467.315         766.972     -19.882               1              32
  135       -1934.527    -735.370       -1418.860     182.853             135              99
  247        1003.961    1427.250         323.328    1232.422             247             155
  101       -1377.892    1234.025        -691.989     495.101             101              82
  103         801.145    1765.970        1071.195    1816.303             103              83
   91        -558.581       7.788         655.590    -523.387              91              77
   11        -357.665    -821.554         314.889     916.279              11              37
  152        1914.100    -461.325         827.400    -168.664             152             108
  124        1066.920     124.016         721.782    -158.488             124              93
  220       -1194.108    -415.339        -918.515   -1172.969             220             142
   80       -1591.752    1640.738        -907.648    2242.901              80              71
  238        2015.892     334.804        1818.454     453.300             238             151
  100        -450.713    -802.607        -113.599      37.832             100              81
   82        2164.040      99.083         946.572     826.872              82              73
   36        2211.326    -174.017         951.867    -503.034              36              49
  144         226.628    1198.180        -463.934     -75.198             144             104
  158         366.237    1570.619         628.868    1104.926             158             110
   91        1431.170     820.743         789.289      43.905              91              77
   89         612.975    1576.354        1193.754     523.048              89              76
  108         421.138    -701.910         715.622   -1100.504             108              86
  230        -752.245    1118.203          -2.964     713.684             230             146
   30        1362.639    -672.553        1494.997    -392.224              30              47
   84         299.923     -79.946         325.006    -391.790              84              73
   46         933.670    -779.724         790.760   -1017.511              46              55
   92       -1724.013     532.282       -1128.866    -486.765              92              77
   70        -953.561     282.620         120.758    1067.245              70              67
  117        1683.067      68.518         782.915     300.898             117              90
   57          97.194     830.746         654.897      61.903              57              60
   70         496.571    -576.730         749.432     368.832              70              66
  176        2879.175     -74.009        1605.257    -245.665             176             120
  249         874.078     -37.715         923.142   -1371.618             249             156
  165       -1066.628   -1050.679        -497.756   -1318.774             165             114
  214       -1068.095    1396.975        -806.915     891.052             214             138
   95        1518.672     248.314        2206.844     370.459              95              79
  116         406.020   -2487.178         178.588   -2435.998             116              89
   74       -1318.426     625.389       -1166.679     265.565              74              69
  244         355.109      99.168         562.883     -47.891             244             153
  218         194.798     -24.951        -314.147     -49.752             218             141
  224         323.123    2673.159         498.743     332.423             224             143
  101       -2582.708    -499.868         680.646      25.672             101              82
  212        1733.154   -2829.334         733.608    -939.887             212             137
  185        -967.097     941.643        -799.069      68.751             185             124
  235        1669.760     -56.952        1665.942     620.518             235             149
    9         556.079    -943.434         566.050   -1585.154               9              36
  255          72.432    -339.131         422.776    -265.812             255             159
   74        -372.185   -1511.008         325.940   -1714.110              74              69
  180        -762.702   -1795.178        -630.834    -642.817             180             121
   32         872.362    -865.001        -357.862   -1309.776              32              48
  200       -2929.350    1539.521       -1905.858    -203.609             200             131
   72       -2831.031    -519.121        -701.030     961.409              72              68
  120        1153.685     163.537        -356.268    1127.282             120              91
   40          53.072    1722.057        1304.228    1164.835              40              52
  219        1925.447   -3013.936        1056.142    -768.369             219             141
  112        1777.823    1178.363         389.465     -20.472             112              88
   18        1027.543    -543.836        1122.167   -1140.238              18              40
  230       -1728.611    -611.014        -624.257   -1301.413             230             147
  160        -491.813   -2204.943        -598.785    -612.836             160             111
  254        -468.837    1426.530       -1179.198      90.153             254             159
   34       -1232.041      62.703         232.642     624.961              34              48
   14         620.265   -1493.992         -54.173    -506.033              14              39
    0         532.308     -46.421        -553.662     -49.040              -0              31
   52        -338.653    1716.120        -508.355     456.264              52              58
  130        -370.416     434.152          39.171     487.885             130              96
   42         -29.192    1541.606         189.269     810.408              42              53
  160         881.065    -992.991        1378.000    -336.000             160             111
  167        -415.256    -110.678        -693.595    -988.815             167             115
  167       -1746.145     -29.501        -270.862     427.917             167             115
  214        -148.728    -428.650        -257.652     178.599             214             139
  184         -41.652    -856.024         342.419     344.026             184             123
   50        1485.313    -355.656         -99.548      -8.121              50              57
   90        -199.573     103.406         120.877     -95.231              90              76
  133         380.955     141.478        -983.187     963.848             133              98
    1        3294.552    2377.037        2200.723    1104.908               1              32
  250          71.699    -311.520         -27.959   -1667.249             250             157
   86       -1324.447    1810.088         132.542     888.119              86              74
   41         -46.622   -1872.683         366.686    -807.615              41              52
   60         169.281     951.796          66.958     509.740              60              61
   18          25.792   -1376.243         503.264    -378.967              18              41
  135        2135.791      74.216         835.473    -112.161             135              99
  170        -696.208   -1695.981        -208.094   -1906.941             170             117
  199        -168.674     467.515       -1563.907     345.217             199             131
   78        -963.551    2606.997         -38.124     816.913              78              71
    9         -52.249    -509.253         638.628     250.780               9              36
  198        -722.738     -21.284        -241.557    -210.605             198             131
   92        1310.720   -1022.114         996.246     551.069              92              77
  113        1533.474    -498.357         102.732   -1557.891             113              88
   92        -946.803     492.357        -354.308      14.288              92              77
   47        -823.264    -774.857        -832.697   -1193.583              47              55
   95       -1495.230     852.838       -1064.909    1150.937              95              79
   57         274.469     -66.226        -179.153    -397.164              57              60
   57       -1667.677    1339.847       -1258.651    1540.678              57              60
   50        2060.336    1127.486        1062.310     816.516              50              57
   94        -555.621    1224.186         -23.558     239.269              94              78
   22          -2.242     737.377         356.641     508.515              22              43
  234        -524.906     186.020         618.680     294.580             234             148
  216         658.224   -2002.670         138.982    -329.624             216             140
   60        2332.900    1266.121         337.019     401.410              60              61
   84        -604.038    1105.449          13.824    -802.760              84              74
  119       -1567.792     413.908        -605.419     588.121             119              91
  164           3.121     517.581         -19.342     311.838             164             114
  137         474.498     812.198         740.836     954.509             137             100
  214        1327.832    -691.023         530.167   -1557.609             214             139
   78       -3552.499    1874.695       -1666.997     447.568              78              70
    8        -653.182   -1211.691         253.246     832.748               8              36
  139        1762.204     900.458         -75.291     157.758             139             101
  225       -2922.197    1915.395       -1109.069     389.141             225             144
  123        -292.215    1841.830         285.009    2693.186             123              93
  109         480.638     797.917        1770.066     -78.813             109              86
  149       -1235.218   -1577.022         243.279     707.157             149             106
  151        2367.977   -1075.272        1105.138    -570.507             151             107
   76       -1262.096     703.376        -500.769     806.532              76              69
  145        1556.600    -566.927        1581.974      16.845             145             104
   28       -1114.280   -1255.012        -234.622    -156.619              28              45
  172        1745.644   -1988.756         637.003    -177.298             172             118
  185         463.993     166.234        -702.217     519.854             185             124
   82        2693.289     500.808        1215.029     505.072              82              73
  234        -277.405     981.632        -268.243      -5.658             234             148
   60         960.763    -675.196         989.766     614.291              60              62
   42        2280.314    -415.551         142.338    -155.037              42              52
  177        1926.038    1671.045         771.458     324.418             177             120
  236         161.187     810.135          53.169     -80.490             236             149
  192        1468.262     785.319         939.773     370.525             192             128
  167         464.545     445.509         -52.438    -609.888             167             115
  122         499.238    2097.832         346.331    1003.676             122              93
  182         562.357     592.473        1118.082    -639.275             182             122
  155       -1096.955      70.609        -616.592       3.697             155             109
   54        1258.569    1753.955        1173.265     855.508              54              58
  220          79.590    -995.112         768.433   -1341.364             220             142
   56        -898.023     699.225        -898.972    -115.883              56              59
  181       -1196.639     985.162         172.850     671.829             181             122
   20         742.988    -263.755         585.697     156.519              20              41
   80         -55.692     559.335         159.556    -204.092              80              72
   49        -378.749     561.003         138.774     162.623              49              56
   21       -1163.799     491.941        -381.815     201.452              21              42
   61         171.418    1733.350         968.726    1542.301              61              62
  230         353.862   -2275.333        1449.893   -1262.095             230             147
   77         438.320    -136.340        -871.344      97.104              77              70
  207        -421.375    1823.609         991.659     491.093             207             135
    5        -171.624   -1874.408         587.580    -338.603               5              34
   95         259.819   -1085.189         306.571    -787.347              95              79
  121          21.974   -1485.818        -541.421    -100.350             121              92
  141        1245.201     661.613        -191.440    -130.174             141             102
   31        -834.481    1883.810        -726.749     839.860              31              47
  123        -329.391    1534.022         539.197     779.570             123              93
  201        -330.603     429.774         215.416     794.856             201             132
   35         457.116     956.214        1102.055     540.422              35              49
  231         -10.521   -1058.155         826.171      58.723             231             147
  180         866.137    -798.921         474.676    -343.222             180             122
  240         437.764     -40.518         481.441     591.705             240             151
   25        1786.298   -1297.907         920.849    -878.626              25              44
   95         158.026     902.983        -516.173     336.403              95              79
   46         141.794     174.748         729.108    -132.855              46              55
   42         452.455      18.195        -221.675     939.661              42              52
  201        2971.545     432.938        1972.720    -554.218             201             132
  153       -1474.210     514.910       -1462.067    -316.352             153             108
   34         967.305    2162.117        1851.610    1478.241              34              49
   21         891.341   -3070.427         669.451   -1946.416              21              42
   85          39.941     947.087       -1001.094    -275.900              85              74
  193       -1339.946    1318.474        -984.897     822.321             193             128
   38         517.697    2964.862         460.576    1784.151              38              51
  172         461.275    1231.880        1356.913    1070.444             172             117
  110        1870.671     415.632        1703.228     -68.819             110              87
  216         451.706     658.243         555.151     220.295             216             139
   45        2065.714    1826.905        2143.944     -17.930              45              54
   22       -1360.199    -221.783         737.062   -1056.996              22              42
   59         -17.153    -854.383        1266.985    -982.996              59              61
   45       -2635.366   -1529.900        -955.706   -1119.024              45              54
  200        -142.346     155.567         913.899     868.309             200             132
  167           2.559   -2574.052         515.934   -1143.591             167             115
  110        1321.724      -9.323         950.036    -111.062             110              87
  140       -1264.738   -2847.810        -248.145   -2249.003             140             101
  181       -1008.360     507.376       -1436.013     736.653             181             122
   79        -371.018     643.645         707.695     576.802              79              71
  225         241.237   -1037.227         922.747    -152.308             225             144
   36         -19.015   -2535.716           7.313    -978.360              36              49
  122        1566.833     580.571         284.333     295.915             122              93
  204       -1359.583   -1216.143         -17.476   -1387.016             204             133
  254        -594.647    -141.122        -813.853    1102.859             254             159
   70        1539.375   -1117.045        1488.212    -678.717              70              66
  178        -429.943    -939.923       -1400.255    -399.480             178             121
    0         887.848    1684.270         714.439     885.550              -0              31
  116        -742.240    -242.161        -124.782    -224.651             116              90
   83        1090.431       6.712        1309.363     804.032              83              73
    3        1523.741   -2146.551         814.466   -2136.040               3              33
  208       -2390.086    -411.059       -1729.543    -472.986             208             135
   26         -17.087     111.059        -487.558     885.679              26              45
   24         316.215    1505.294         142.175    1043.167              24              43
   16        1136.296     508.855        1453.303     556.033              16              40
  255         396.942   -1391.156        1050.993   -1217.365             255             159
   39       -1254.801   -2418.451        -791.257   -1011.124              39              51
   80         663.236    -722.245        -593.742     676.499              80              71
  255        1929.984     711.932         539.538     261.941             255             159
   34         166.000       0.069         168.000       0.000              34              35
  231        1930.132    -711.039         539.533    -261.940             231              35
  107         662.627     722.849        -593.740    -676.502             107              35
  188       -1255.746    2418.091        -791.262    1011.122             188              35
   93         396.578    1390.918        1050.991    1217.367              93              35
  255        1136.384    -508.874        1453.304    -556.030             255              35
  107         316.481   -1505.234         142.178   -1043.167             107              35
   12         -17.337    -110.858        -487.557    -885.680              12              35
  105       -2390.109     410.485       -1729.543     472.983             105              35
   50        1523.305    2146.995         814.460    2136.042              50              35
  241        1090.301      -6.623        1309.366    -804.028             241              35
   76        -742.392     241.676        -124.783     224.649              76              35
   12         888.394   -1683.932         714.441    -885.549              12              35
   56        -430.271     940.014       -1400.256     399.475              56              35
  147        1538.875    1117.546        1488.210     678.720             147              35
  103        -594.972     140.890        -813.850   -1102.863             103              35
  100       -1359.896    1215.605         -17.479    1387.017             100              35
   61        1567.093    -580.008         284.334    -295.916              61              35
  234         -20.034    2535.679           7.309     978.361             234              35
  147         240.718    1036.885         922.748     152.310             147              35
   26        -371.007    -644.057         707.695    -576.801              26              35
  210       -1008.273    -507.599       -1436.010    -736.657             210              35
  188       -1265.479    2847.309        -248.151    2249.001             188              35
   16        1321.855       9.511         950.037     111.066              16              35
   36           1.561    2573.689         515.934    1143.592              36              35
  106        -142.505    -156.104         913.903    -868.307             106              35
   59       -2635.777    1528.566        -955.709    1119.020              59              35
   13         -17.076     853.683        1266.983     982.999              13              35
  209       -1359.763     220.500         737.059    1056.998             209              35
  251        2066.779   -1826.851        2143.945      17.935             251              35
  203         452.130    -658.487         555.152    -220.296             203              35
  245        1870.871    -415.484        1703.229      68.822             245              35
  120         461.558   -1232.259        1356.914   -1070.443             120              35
  117         518.518   -2964.883         460.579   -1784.149             117              35
   13       -1339.490   -1318.757        -984.894    -822.324              13              35
   69          40.541    -946.734       -1001.095     275.896              69              35
  172         890.513    3070.574         669.446    1946.416             172              35
   32         968.010   -2162.184        1851.614   -1478.235              32              35
   13       -1473.778    -515.420       -1462.067     316.347              13              35
  163        2971.900    -431.953        1972.718     554.223             163              35
  219         452.287     -18.077        -221.674    -939.661             219              35
    6         141.812    -174.785         729.107     132.858               6              35
   25         158.441    -902.850        -516.170    -336.405              25              35
   29        1785.850    1298.532         920.846     878.627              29              35
   47         437.579      40.530         481.441    -591.706              47              35
  216         865.677     799.053         474.674     343.223             216              35
  157         -11.075    1057.727         826.172     -58.722             157              35
   21         457.244    -956.514        1102.055    -540.420              21              35
  167        -330.650    -430.230         215.417    -794.856             167              35
  144        -328.973   -1534.387         539.198    -779.568             144              35
    1        -833.747   -1884.005        -726.746    -839.862               1              35
   61        1245.479    -660.827        -191.441     130.173              61              35
   12          21.367    1486.048        -541.421     100.348              12              35
   62         259.361    1085.208         306.569     787.348              62              35
  224        -172.348    1873.916         587.579     338.602             224              35
   87        -420.748   -1824.107         991.659    -491.090              87              35
   60         438.305     136.503        -871.343     -97.105              60              35
  241         353.018    2275.037        1449.888    1262.099             241              35
  216         171.814   -1733.821         968.730   -1542.299             216              35
  167       -1163.703    -492.553        -381.814    -201.455             167              35
   99        -378.442    -561.338         138.774    -162.623              99              35
  204         -55.369    -559.498         159.555     204.092             204              35
   37         742.862     263.773         585.696    -156.519              37              35
  127       -1196.342    -985.810         172.852    -671.827             127              35
  245        -897.532    -699.593        -898.972     115.882             245              35
   51          79.617     994.864         768.427    1341.365              51              35
   15        1259.284   -1753.829        1173.267    -855.505              15              35
  222       -1096.773     -71.131        -616.592      -3.699             222              35
   47         562.894    -592.595        1118.081     639.276              47              35
  186         500.201   -2097.775         346.334   -1003.676             186              35
   69         464.990    -445.311         -52.440     609.886              69              35
   54        1468.722    -784.856         939.772    -370.522              54              35
   15         161.681    -810.091          53.169      80.491              15              35
  137        1926.844   -1670.196         771.458    -324.416             137              35
  114        2280.094     416.594         142.337     155.037             114              35
  109         960.278     675.506         989.768    -614.289             109              35
  166        -277.075    -981.741        -268.243       5.657             166              35
  122        2693.369    -499.715        1215.031    -505.069             122              35
   67         463.746    -165.746        -702.216    -519.858              67              35
  243        1744.573    1989.499         637.002     177.300             243              35
  164       -1115.010    1254.440        -234.622     156.618             164              35
  113        1556.151     567.118        1581.973     -16.841             113              35
  210       -1262.052    -703.968        -500.767    -806.535             210              35
   48        2367.333    1075.952        1105.135     570.510              48              35
  220       -1236.180    1576.101         243.281    -707.158             220              35
  238         480.618    -798.434        1770.065      78.818             238              35
  181        -292.065   -1842.342         285.015   -2693.188             181              35
   21       -2921.588   -1916.439       -1109.071    -389.143              21              35
    8        1762.513    -899.701         -75.290    -157.758               8              35
  129        -654.009    1211.372         253.247    -832.747             129              35
  241       -3551.721   -1875.999       -1666.995    -447.572             241              35
  253        1327.983     691.436         530.162    1557.610             253              35
   36         474.745    -812.209         740.838    -954.508              36              35
  187           3.153    -517.659         -19.342    -311.838             187              35
  206       -1567.599    -414.538        -605.417    -588.123             206              35
  191        -603.249   -1105.691          13.821     802.760             191              35
   33        2333.499   -1265.090         337.020    -401.411              33              35
   78         657.322    2002.937         138.978     329.623              78              35
  219        -524.994    -186.520         618.681    -294.578             219              35
  216          -2.038    -737.637         356.642    -508.515             216              35
  148        -555.125   -1224.506         -23.558    -239.271             148              35
   79        2060.544   -1126.793        1062.310    -816.513              79              35
  172       -1667.483   -1340.225       -1258.646   -1540.681             172              35
  247         274.353      66.510        -179.156     397.164             247              35
  223       -1495.006    -853.130       -1064.907   -1150.939             223              35
  148        -823.351     774.744        -832.702    1193.582             148              35
   68        -946.258    -492.571        -354.306     -14.288              68              35
  139        1533.609     499.029         102.727    1557.890             139              35
  160        1310.256    1022.508         996.247    -551.067             160              35
  103        -722.894      20.883        -241.559     210.604             103              35
   51         -52.453     508.942         638.629    -250.778              51              35
   10        -962.615   -2607.366         -38.123    -816.913              10              35
  157        -168.332    -467.161       -1563.907    -345.218             157              35
  190        -696.431    1695.912        -208.099    1906.940             190              35
   75        2135.988     -73.517         835.473     112.164              75              35
  206          25.235    1376.119         503.263     378.968             206              35
  156         169.572    -951.849          66.959    -509.740             156              35
  186         -47.296    1872.426         366.683     807.615             186              35
  172       -1323.653   -1810.829         132.543    -888.119             172              35
  243          72.109     311.375         -27.965    1667.249             243              35
   78        3295.463   -2375.948        2200.725   -1104.904              78              35
  218         380.719    -141.087        -983.185    -963.851             218              35
    0        -199.605    -103.273         120.878      95.231              -0              35
   60        1485.044     356.327         -99.548       8.119              60              35
  200         -42.258     856.048         342.419    -344.026             200              35
  248        -149.170     428.506        -257.651    -178.599             248              35
   28       -1746.225      28.821        -270.860    -427.917              28              35
   63        -415.079     110.481        -693.595     988.815              63              35
  122         880.806     993.026        1378.000     336.000             122              35
  134         -28.760   -1541.849         189.267    -810.411             134              35
    1        -370.293    -434.315          39.172    -487.884               1              35
  193        -337.994   -1716.073        -508.354    -456.266             193              35
  145         532.346      46.979        -553.662      49.039             145              35
  147         619.596    1494.306         -54.175     506.033             147              35
  123       -1232.137     -63.224         232.644    -624.960             123              35
  226        -468.291   -1426.441       -1179.199     -90.156             226              35
  166        -492.484    2204.996        -598.785     612.836             166              35
   54       -1728.454     610.310        -624.260    1301.410              54              35
  245        1027.877     544.004        1122.165    1140.240             245              35
    2        1778.418   -1177.683         389.466      20.471               2              35
  231        1924.247    3014.434        1056.141     768.371             231              35
  243          53.328   -1722.360        1304.231   -1164.831             243              35
   16        1153.226    -163.095        -356.265   -1127.283              16              35
  201       -2831.634     518.111        -701.027    -961.410             201              35
  152       -2928.528   -1540.372       -1905.858     203.607             152              35
   26         872.445     865.650        -357.866    1309.775              26              35
   92        -763.132    1795.018        -630.835     642.815              92              35
  100        -372.390    1510.686         325.936    1714.111             100              35
   26          72.649     338.915         422.776     265.812              26              35
  228         556.061     943.362         566.045    1585.155             228              35
  244        1669.747      57.198        1665.944    -620.513             244              35
   98        -966.778    -941.969        -799.069     -68.754              98              35
  114        1732.094    2829.728         733.606     939.889             114              35
  251       -2582.894     498.293         680.646     -25.671             251              35
  185         324.344   -2673.377         498.745    -332.421             185              35
  180         194.963      25.050        -314.146      49.750             180              35
  195         355.195     -99.110         562.882      47.891             195              35
  116       -1318.011    -625.719       -1166.678    -265.568             116              35
   77         405.581    2487.182         178.583    2435.998              77              35
  234        1518.832    -248.272        2206.847    -370.452             234              35
   53       -1067.605   -1397.449        -806.914    -891.053              53              35
  183       -1066.543    1050.267        -497.761    1318.771             183              35
  122         874.661      37.779         923.139    1371.620             122              35
  250        2879.322      74.782        1605.256     245.668             250              35
  229         496.243     576.600         749.433    -368.832             229              35
    3          97.503    -830.986         654.896     -61.902               3              35
   76        1682.948     -68.118         782.916    -300.896              76              35
    2        -953.705    -283.116         120.760   -1067.245               2              35
   69       -1723.603    -532.924       -1128.867     486.764              69              35
  111         933.766     779.923         790.757    1017.512             111              35
  151         300.116      79.810         325.006     391.790             151              35
   12        1362.474     672.645        1494.996     392.226              12              35
  137        -751.793   -1118.771          -2.963    -713.685             137              35
  213         421.175     701.698         715.618    1100.504             213              35
  141         613.758   -1576.537        1193.754    -523.046             141              35
    9        1431.563    -820.478         789.288     -43.903               9              35
  204         366.805   -1570.597         628.870   -1104.924             204              35
  236         227.260   -1197.973        -463.935      75.194             236              35
  179        2211.411     174.883         951.865     503.036             179              35
  193        2163.786     -98.326         946.574    -826.871             193              35
  114        -451.236     802.333        -113.599     -37.832             114              35
   89        2015.660    -334.414        1818.454    -453.296              89              35
   34       -1591.584   -1641.302        -907.644   -2242.904              34              35
  123       -1194.112     415.018        -918.519    1172.967             123              35
  235        1067.168    -123.687         721.781     158.489             235              35
  143        1913.742     461.902         827.398     168.665             143              35
  246        -358.300     821.161         314.890    -916.278             246              35
  124        -558.713      -8.454         655.588     523.389             124              35
  240         801.516   -1766.045        1071.198   -1816.301             240              35
  179       -1377.646   -1234.578        -691.988    -495.102             179              35
  241        1004.225   -1426.802         323.330   -1232.422             241              35
  208       -1935.004     734.747       -1418.859    -182.854             208              35
  130        -472.044    -467.701         766.972      19.883             130              35
   15        -938.643   -1924.155        -847.118   -1403.609              15              35
  152       -1712.389      73.158       -1046.712     440.002             152              35
  178        -132.176    -272.971         -98.264     124.845             178              35
  115       -1211.443    -735.352        -251.258      27.758             115              35
   30        1247.938   -1241.102         -69.572    -506.708              30              35
  212       -2825.937    1027.670       -1505.056    -336.015             212              35
  211       -1604.431    -555.629        -840.205    1313.463             211              35
   28        -465.997    1104.688         125.366     903.145              28              35
   93        -104.560   -2455.092         658.400     338.678              93              35
   92        1406.535    -954.970        -356.364    -588.875              92              35
  196       -1354.761     -27.391        -834.512     513.798             196              35
  136         114.617     227.996        -622.096    1043.832             136              35
   78         973.039     465.610         777.867    1170.232              78              35
  213         957.419    -493.238        -195.271     -33.323             213              35
   52         933.492    2036.011         643.639    1604.262              52              35
  152         792.207   -1021.738         981.413    -696.537             152              35
   30         210.695     -31.426        -153.917     383.804              30              35
  128          88.339    -777.147         149.488    -511.670             128              35
   74        -400.894      46.108        -959.819    1016.867              74              35
   15        2292.410    1075.138         921.232    1101.308              15              35
   42        1523.901    1751.471         874.776     152.519              42              35
   60       -1594.705     -59.881         371.961    -404.759              60              35
   32         186.152   -1339.113        -214.251      -3.301              32              35
   84       -1081.556    1003.647        -537.681     683.491              84              35
   68        1966.231    -193.462        1375.313    1262.896              68              35
  129         631.360    -641.706         442.614   -1515.226             129              35
   62        -836.321      85.281       -1096.921     969.283              62              35
    6         333.171    2465.290         641.932     828.735               6              35
   92        -713.560    -899.135         954.861     803.133              92              35
  196        1413.700   -1348.606         719.124    -910.561             196              35
  137       -1032.630    -284.973        -384.755     810.628             137              35
  172        1862.118    -794.827        1176.982     -32.085             172              35
  160         533.359   -1015.270         254.454      38.571             160              35
  156        1954.922   -1090.203         575.143    -860.488             156              35
   73        -359.975     984.092        -967.989     259.164              73              35
  254        -503.637    1276.788         713.678     525.388             254              35
   71        -277.918   -2244.052         190.731    -140.003              71              35
  247        1568.887     -39.545         201.318    -140.723             247              35
  136        -248.678     122.332         255.986     -13.207             136              35
   24        -930.341   -1705.837        -268.846   -1212.514              24              35
  222       -1568.301    -873.748       -1690.380     722.168             222              35
  214         605.274     147.600         320.955     667.978             214              35
  183          95.066   -1481.232       -1058.543     338.596             183              35
  242        1491.063    2663.657         149.561    1520.947             242              35
  242          39.192    -943.511         277.981     -94.366             242              35
    6        -163.659    1505.715       -1272.854     762.917               6              35
  225        -846.222    1285.451           3.955    1882.467             225              35
   11        1432.778    1089.671         168.167    1503.704              11              35
    3        2204.565    2072.877        1697.172    1548.349               3              35
  248         279.612     421.830         481.114    -632.365             248              35
   32        -969.530    1437.145        -183.608    1205.487              32              35
  243       -1802.969    1527.361         105.411     904.318             243              35
  114        -528.425    -521.617        1191.084    1773.849             114              35
   92         -79.051   -1242.235         640.514      31.862              92              35
   18        1620.831   -1601.262        1605.265    1352.689              18              35
  171        -121.794   -2525.225         -93.643   -1960.582             171              35
   51        -936.194   -1394.020       -1231.249    2348.514              51              35
  113        1546.450     679.968         182.758     543.087             113              35
   55        -129.051    -234.550         318.619    2803.767              55              35
  139        -464.478    -897.879        -857.123    -323.569             139              35
  177        -441.095    1307.780        -514.562    6296.040             177              35
  127       -1998.223     251.259        -380.212     816.710             127              35
  174        1334.896   -1613.302         721.091   18783.982             174              35
