SINAL     NFT                         FFT                         NFT INVERSA     FFT INVERSA
-----     -----------------------     -----------------------     -----------     -----------
  161       62564.000       0.000       33023.495       0.000             161             113
  156        1130.209    -854.806        1037.979  -19293.984             156             110
    6         137.312   -1042.639        -700.580   -1037.847               6              36
  182          -0.671    1018.983        -413.533   -5845.779             182             123
   59         118.644     958.480          87.201     379.009              59              62
  159        1493.162      17.843        1222.926   -3974.845             159             111
   90        -414.037    -374.681        -392.600   -1906.859              90              78
   23       -2793.159     125.002       -1332.118   -2614.478              23              43
   64        -294.920    -150.757        -317.606    -378.111              64              65
   65       -3450.837      97.579       -1895.294   -1970.601              65              64
    7        -388.371     833.765        -263.487    1939.158               7              36
   44         649.174    -835.165         618.349   -1664.629              44              54
  190        1223.158     625.640        -443.159     640.960             190             128
  187         137.440    1664.511         743.168   -1150.551             187             125
  182        -215.533    -740.992        -243.682    -113.233             182             124
  142         396.308    1284.389         234.615   -1140.428             142             103
  191       -1578.497     -54.022        -601.415    -221.173             191             128
  147       -1008.736     746.641        -383.648    -462.283             147             105
   44        -999.602    -269.737        -227.375     563.746              44              55
  253         979.995     220.479         181.075    -329.687             253             158
  152        -374.335    1452.911        -103.600     477.557             152             109
  107        -618.281     543.627         626.829      76.378             107              85
  176         732.428   -1712.855         801.095    -448.350             176             121
   66         508.257    -562.115        -680.350    -920.802              66              65
   84         327.176    2123.977         141.061     922.332              84              75
  172        -914.901    -578.771         145.952    -963.541             172             118
  114        -316.409     419.013        -828.335    1115.402             114              90
  151        1477.293    1714.483        1173.127     753.310             151             107
  231         749.740    -565.199         929.991     -71.080             231             148
   61        2350.865      92.011         206.438    -151.343              61              62
   53        1949.199    4406.391        1348.044     940.658              53              59
  157        -846.104    -279.689        1608.177   -1574.937             157             110
  233       -1130.273    -228.998        -239.382    -686.052             233             149
  172       -1999.064   -1014.785         160.150    -494.956             172             118
  201        1267.466    -496.435         307.021     567.747             201             133
   48         813.675     339.926        1523.470    -922.474              48              56
  251       -1132.471   -1720.599        -282.080    -894.287             251             158
  105         439.356    -759.416         402.775    -268.802             105              84
  192         587.537    -303.105         225.972    -334.428             192             129
   54         564.579    -954.193         821.241    -596.737              54              59
  160        1336.146    -613.290         -39.341   -1217.750             160             113
   52       -2417.737    1022.205        -661.474    -250.901              52              58
  215         478.654   -1107.258         539.907     491.018             215             140
   54        1360.206    -425.113         767.981   -1158.995              54              59
  218       -1310.362      50.478        -525.740    -180.254             218             142
  174        1005.399   -1541.700        1286.147    -428.213             174             119
   40         796.812   -1585.006        -641.793   -1953.447              40              53
  120       -2214.281    1062.749       -1085.272     691.956             120              92
  152        2614.953    -742.697        1176.854     -74.070             152             109
   59        -730.119     336.533        -377.162   -1182.465              59              61
  203         383.198     -38.957         -29.764     173.746             203             134
  136        -697.054     755.273          76.316    -996.467             136             100
  144       -1508.785    -644.406        -412.084     132.378             144             105
  206         371.625   -1153.058         631.753   -1086.775             206             135
    4       -1536.087   -1421.326       -1594.288    -845.040               4              35
  217        -614.709     696.502        -387.552     559.468             217             140
   53        -346.261    -731.856        -932.833    -156.299              53              59
   31        -364.975    2933.597        -107.084    1793.724              31              47
   19        1005.676   -1405.019        1702.584    -313.574              19              42
  183         563.109    -937.204        -448.598    -789.671             183             123
   48         677.335     702.589         392.423     179.999              48              57
  158        -164.106    -497.228         -58.009    -885.642             158             111
   58         -18.367     385.807        -180.156     -65.959              58              62
   16       -1381.841    -378.644        -465.215   -1030.834              16              40
   73       -2004.723     196.590       -1489.411     808.205              73              69
   43         742.513     371.550         825.204     742.652              43              53
  155         218.967    -540.566        -398.743    -524.146             155             110
    9        -765.649    1321.064        -126.724     750.706               9              36
   58         122.871    -670.468          18.370    -200.648              58              62
  252        -991.076    1470.501        -368.337     874.211             252             158
  194         467.449    -783.218         862.977     180.403             194             130
   98        -508.889    -192.653        -386.838     -41.961              98              81
  208         993.728    -385.824         582.377     680.151             208             137
  120         495.408     265.905        -102.529    -533.858             120              92
   50       -1146.393    1273.418        -224.779    1555.700              50              58
  181        2268.160   -1027.221        2089.338    -163.818             181             122
   64        -398.149   -1340.147        -937.897    -951.122              64              65
  188         657.937    1539.906         541.898    1670.261             188             126
  102        1572.900   -1437.350        1202.414    -674.684             102              84
  123        1325.164    -218.789         366.169     343.004             123              93
  147        2735.589    -602.573        1070.663    -929.551             147             106
  144        -285.201    1193.374        -288.816       0.063             144             104
  236        1778.256   -1095.484        1214.880    -577.255             236             151
   46         572.793     730.562        -627.412    -742.600              46              55
   43        -151.311    1443.874         588.836     133.969              43              54
  201        -834.249    -546.464          23.500    -739.569             201             132
  228          24.269    -592.472         326.624    -512.490             228             147
  169       -1797.155   -1284.841        -914.287    -924.255             169             116
   31         483.235    -985.439        -481.183     588.053              31              48
  149        1105.606    1317.601        -264.422      57.038             149             106
  211        -283.585    1244.085         333.581     825.580             211             138
  132         965.535    -701.963         638.631    -902.008             132              98
  164       -1898.881     213.151       -1398.054    -189.168             164             115
  149        -724.019    1023.338        -286.723    1757.972             149             106
   97        2679.698      76.936        1519.655    1001.928              97              81
  156        2844.564     640.800        1639.268    -368.055             156             110
  177         795.527   -1134.265         792.779   -1705.256             177             121
  165       -1054.331       4.232       -1337.041    -741.036             165             114
  234        -122.043     916.221         234.705     738.809             234             150
   64         445.626    -370.188         -94.582    -730.044              64              64
   76        -570.507    1280.159        -274.902     869.879              76              71
  147        1660.536     -26.484         944.924    -277.335             147             105
  237        -553.480    1115.196        -255.474    -201.003             237             151
  117         -32.957     105.128         628.810    -111.841             117              90
  156        -979.559    -834.083        -378.978    -919.096             156             111
  225        -882.398    -248.200        -872.408     337.940             225             144
    1         462.461     917.001          -7.931     862.115               1              33
  205        1307.442     675.150         690.539     243.603             205             134
  244        -527.409     877.815        -166.330    -102.065             244             155
   77         409.220     639.447         481.898     814.026              77              70
  123         454.611     447.150         522.092    -464.453             123              94
  121        -475.764     505.074         -32.816     712.536             121              92
    3        1380.769     543.314        1254.205     -54.156               3              34
   98         169.027    -304.590         446.807    -316.737              98              81
  245         394.761     152.271         599.580    -925.157             245             155
   95       -2128.278    -611.692        -716.969    -124.037              95              79
  251         880.132    -450.229         731.490    -101.353             251             158
   63       -1259.645   -1152.488        -832.690    -475.900              63              63
  226         869.460     784.726         256.959     936.709             226             146
  246         455.511   -1057.333         571.443     -82.621             246             155
   70        3041.639     -43.798         549.962    -267.837              70              68
   82        -586.465    1631.157        -128.744    -443.112              82              73
   28        -419.415    -625.232         -70.402    -268.153              28              47
  193        -346.862     938.209        -984.597     445.476             193             128
   51         785.627    2427.181         719.597    1280.703              51              58
  234        -107.938     879.959         610.335     389.019             234             149
  131        1818.356     993.285        1739.007     383.793             131              98
   22        -656.632    -508.830         648.698   -1270.464              22              43
   81        -471.921   -1092.117         347.000    -232.000              81              73
  118         429.598   -1351.013        -140.069    -652.516             118              91
  154        1155.255    1955.304         468.977     777.527             154             110
  219        -327.195    -552.703        1424.577    -816.746             219             141
   81         639.291   -2948.244          72.681   -1361.401              81              73
  152         528.654     648.196        -717.425    -228.679             152             108
  154         670.365    1047.631        1059.197      14.230             154             110
  217        -931.889   -2075.650        -491.160   -2051.016             217             140
   32       -1485.706    1051.093       -1745.613     806.743              32              49
  225        1084.588    1646.830        1007.059    1293.149             225             144
   95        1490.476     -62.872        1373.430   -1136.518              95              80
   59       -2090.601    -596.811       -1064.161    -999.291              59              61
   63           1.150     759.072          40.303     632.366              63              64
  142        -224.803      -9.357         155.388    -264.873             142             103
  177         722.307     521.631         744.989    -206.348             177             121
    5       -1482.187   -1232.333        -552.802   -1225.223               5              34
  129         409.385    1041.963        -217.187     189.503             129              97
  224       -3186.020     108.657        -926.538    -738.146             224             144
  152        -262.656      60.100        -406.041    1311.138             152             109
   52        -320.086    1309.372         190.492      18.449              52              58
  215        -344.404     372.742         808.826     922.297             215             140
  199          53.006   -1608.377         435.012   -1492.694             199             131
  133        -771.968     625.319        -406.627     679.823             133              99
  164        -695.989   -1425.931         451.301   -1386.519             164             114
   88       -1621.284    -245.020       -1434.578     778.616              88              77
   78         491.395    -628.850         989.579    -543.592              78              71
   12       -2226.838   -1130.361       -2448.767      88.208              12              39
    8         940.803    3119.511         757.685    2686.340               8              36
  123        1703.228   -1579.816        1628.150    -431.756             123              94
  114        1011.667     512.597        -270.857    -447.650             114              89
  161        -608.527     852.779         193.129     557.020             161             113
   31        1094.511     196.329         142.334    -336.216              31              47
  164       -1651.177    2571.704        -431.763     943.211             164             115
   36         -51.665     602.617        1014.820     778.322              36              50
   27         -63.263     813.380         961.044     284.141              27              46
  109        -612.341    -746.107        1096.509    -356.438             109              86
  209        -755.969   -1839.241         616.899    -518.396             209             137
   48         -13.988   -2517.045        -127.924    -685.516              48              56
   51         848.592     714.644         418.104    1021.411              51              58
  149        1441.250   -2259.857        1783.942   -1333.623             149             106
  173          25.091   -2120.230        -970.393   -1087.980             173             119
  198        1034.424     771.290         -74.580      12.357             198             131
   29       -1448.612    1007.559        -332.210     212.356              29              47
  187         361.938    -882.941         733.487     198.868             187             125
  175         404.899    -244.661         606.777    -291.873             175             120
   21         273.408   -2965.374         477.235   -1658.476              21              42
   74       -1827.523    -249.575       -2301.558    -235.532              74              70
   49         400.504     549.241         548.437    1837.240              49              56
   29        2273.068    -583.997         872.206    -518.557              29              47
   63         209.232    -861.655         183.957    -499.870              63              63
  128         669.080    -408.377        -859.968    -473.230             128              97
  103         -70.338    1609.774        -352.853     921.720             103              83
    3         651.603    1465.149         -41.245     474.216               3              34
  227        -809.340    1928.651         501.964    1077.286             227             145
   66         480.377    -921.124         566.906     147.306              66              66
  173        1631.199    1737.307         663.187    1231.213             173             118
  202        1059.513    1140.942        1970.088      81.638             202             134
   99         903.438   -1897.992        1331.835    -406.241              99              81
  104        3313.084    -474.313        1570.108   -1278.016             104              85
  219        -785.281    -478.204         188.766   -1567.937             219             141
  103        -161.203    -880.050        -128.762   -1356.682             103              84
   34       -2905.988     162.810       -1220.478    -480.465              34              49
  188        -930.949    -699.007          57.632     486.942             188             127
  209         270.045   -1451.791          38.868    -169.229             209             136
  177        1564.645     572.884         343.410     108.206             177             121
  173        -909.158     741.453         125.950      42.949             173             118
  242         965.115    -232.516        1437.605     118.252             242             154
   63        -169.400   -2898.059         578.845   -1899.522              63              63
   76         791.864   -1194.786        -710.317    -887.280              76              71
  175       -2004.985     964.584        -841.672    -334.024             175             119
  162       -1082.620    -793.581         -17.989     522.476             162             114
   75         -46.718   -1853.070          72.456    -336.421              75              69
    6        2353.822    -651.969         567.274     216.707               6              36
   92        -107.978    -955.154          20.178   -1673.508              92              78
  113        -631.034    -651.996       -1517.193     393.189             113              89
  239         405.762    1747.269         291.022     651.520             239             151
  253         640.459   -1427.713         322.459     311.185             253             159
  217        2839.639    1292.162         452.711    -261.897             217             140
  132       -1014.221    1496.697         334.074     175.892             132              99
  182         660.275   -1256.132         539.896    -893.805             182             123
    9        -654.990     642.431        -413.134       9.493               9              37
   21         339.510    -889.205         523.757    -638.114              21              42
   30       -1110.277     265.107       -1058.855     -99.005              30              48
  180         119.330     154.514         470.885     793.033             180             122
  153        1918.030     -83.865         579.886    -104.917             153             109
  192         436.329     939.025         569.168    -518.461             192             128
  192        -932.658    -250.552        -365.088    -307.460             192             129
   34         508.885    1113.299         484.149     429.608              34              49
   19        -298.615      64.910         829.470    -405.390              19              42
   10         -25.397   -1140.330         534.663    -758.332              10              37
  128        -598.622    -977.735         122.214   -1009.526             128              97
   99       -1178.975   -1583.093        -625.606    -559.117              99              81
  201         734.314     -29.915         497.063     321.164             201             133
   83         468.573   -2796.390         556.952   -1965.073              83              73
   10        -997.302    -807.597       -2185.351    -755.109              10              38
   50        -884.760    2063.953        -659.838    1462.066              50              57
  175        1649.485     573.480        1194.366     738.416             175             120
  108         892.643     165.271         991.475   -1308.912             108              86
   59       -2752.451    -917.527        -663.840    -747.229              59              62
   70         230.488   -2429.040          37.668    -535.396              70              67
  112        -115.908    -186.345        -924.733    -504.569             112              89
    6        -369.002     -45.817        -263.497     371.055               6              35
  154         867.693     532.243          71.901     -78.449             154             110
  183       -1136.694     -25.680         -93.654    -309.747             183             123
   89         106.725    -535.855        -174.605     151.816              89              77
  102         844.164      70.689         443.854    -335.954             102              83
  188        -323.709     600.652         -20.237    -412.942             188             127
  131       -1419.707   -1338.144         262.019   -1268.812             131              97
   12       -2407.477   -2015.445       -1955.538    -919.123              12              39
  205       -1005.549     175.736        -774.491    1033.358             205             134
  147         -88.108    -581.991        -497.105      -3.972             147             106
  133        -892.747     578.091        -587.351    1149.101             133              98
  108        1371.651    -356.275         641.809     463.058             108              87
   20        -207.199      99.668        -233.928     416.063              20              42
  110        2503.172      63.635        1309.371    1005.806             110              88
  153        1884.309    -575.630        1303.440   -1315.206             153             108
   95          56.161   -1792.251        -284.472    -866.659              95              80
  183        1974.036     142.062         -40.818    -574.519             183             123
   37        -229.565    1160.612         144.635    -447.407              37              51
   80        -379.629   -2031.688        -225.813   -1821.722              80              72
  245       -1836.740     610.793       -2277.101    -344.633             245             155
   90       -1390.846    1466.004        -607.545     862.824              90              77
   87       -1267.248     546.372        -586.827     291.412              87              76
  202       -1174.489    -547.101        -276.194     524.102             202             133
  144        1319.479      45.762        -308.037     516.543             144             105
   43        -285.968    2217.190         177.318     549.331              43              53
    6        -680.661    -587.729         276.627     362.093               6              36
  164        1153.361    -265.152         465.571    -219.954             164             114
  217        -660.000      -0.107        -305.000       0.000             217              36
  137        1153.218     265.503         465.564     219.955             137              35
  153        -681.002     587.259         276.627    -362.093             153              36
  199        -285.186   -2217.339         177.317    -549.330             199              35
  128        1319.301     -45.084        -308.036    -516.543             128              36
   84       -1175.003     546.739        -276.194    -524.102              84              35
   11       -1267.173    -546.868        -586.827    -291.414              11              36
   42       -1390.312   -1466.311        -607.543    -862.823              42              35
  245       -1836.223    -610.956       -2277.101     344.629             245              36
  136        -379.823    2031.730        -225.818    1821.722             136              35
   39        -228.630   -1160.644         144.634     447.407              39              36
  254        1974.424    -141.027         -40.819     574.519             254              35
  115          55.777    1792.462        -284.473     866.659             115              36
  211        1884.332     576.183        1303.437    1315.209             211              35
  222        2502.955     -62.836        1309.373   -1005.803             222              36
   94        -207.504     -99.678        -233.927    -416.063              94              35
   72        1371.162     356.779         641.810    -463.057              72              36
  128        -892.976    -578.261        -587.349   -1149.102             128              35
  185         -88.629     582.152        -497.106       3.971             185              36
   39       -1005.860    -175.816        -774.488   -1033.359              39              35
   23       -2408.231    2014.793       -1955.540     919.120              23              36
  165       -1419.881    1337.441         262.016    1268.813             165              35
  101        -323.151    -600.948         -20.239     412.942             101              36
   70         844.354     -70.380         443.853     335.957              70              35
  137         106.493     535.883        -174.603    -151.816             137              36
   37       -1136.598      25.233         -93.655     309.746              37              35
  113         867.977    -531.895          71.901      78.450             113              36
    7        -369.047      45.882        -263.495    -371.055               7              35
   80        -115.950     186.597        -924.733     504.566              80              36
  108         229.542    2429.173          37.667     535.397             108              35
   73       -2752.570     916.299        -663.842     747.227              73              36
  206         893.155    -165.264         991.472    1308.915             206              35
  143        1649.655    -573.107        1194.367    -738.415             143              36
   86        -884.221   -2064.009        -659.835   -1462.068              86              35
  105        -997.419     807.797       -2185.352     755.103             105              36
   96         467.836    2796.632         556.946    1965.075              96              35
   46         734.243      30.064         497.065    -321.162              46              36
   98       -1179.545    1582.644        -625.607     559.114              98              35
   82        -598.763     977.308         122.211    1009.526              82              36
  174         -25.586    1139.955         534.661     758.333             174              35
  104        -298.390     -65.456         829.469     405.392             104              36
  184         509.393   -1113.348         484.151    -429.606             184              35
    7        -932.531     250.107        -365.088     307.458               7              36
  227         437.021    -938.967         569.166     518.463             227              35
  237        1918.073      84.516         579.886     104.919             237              36
   60         119.192    -154.501         470.888    -793.032              60              35
  201       -1110.152    -265.425       -1058.856      99.003             201              36
  231         339.355     889.272         523.756     638.116             231              35
   41        -654.594    -642.699        -413.134      -9.494              41              36
  234         660.048    1256.194         539.893     893.807             234              35
   38       -1013.356   -1497.232         334.075    -175.892              38              36
  229        2840.306   -1290.979         452.709     261.898             229              35
   34         639.816    1428.030         322.460    -311.183              34              36
  250         406.185   -1747.004         291.024    -651.520             250              35
   85        -631.286     652.167       -1517.192    -393.192              85              36
  112        -108.090     955.329          20.174    1673.508             112              35
   84        2353.530     652.926         567.274    -216.705              84              36
   33         -47.742    1853.060          72.456     336.422              33              35
   99       -1083.131     792.990         -17.987    -522.477              99              36
   56       -2004.488    -965.231        -841.673     334.022              56              35
  200         791.739    1195.293        -710.318     887.279             200              36
  125        -170.228    2897.800         578.841    1899.523             125              35
   19         965.076     232.341        1437.606    -118.249              19              36
  251        -908.814    -742.015         125.951     -42.949             251              35
  248        1564.892    -572.303         343.410    -108.205             248              36
  215         269.299    1451.891          38.867     169.228             215              35
  213        -931.434     698.471          57.634    -486.942             213              36
  109       -2905.716    -163.926       -1220.479     480.462             109              35
   49        -160.948     879.879        -128.764    1356.682              49              36
   32        -784.738     477.738         188.763    1567.936              32              35
    8        3313.382     475.240        1570.105    1278.019               8              36
  148         902.831    1897.815        1331.834     406.244             148              35
    1        1059.956   -1141.197        1970.087     -81.634               1              36
   92        1631.667   -1736.936         663.190   -1231.212              92              35
  248         479.798     921.053         566.907    -147.305             248              36
   87        -808.760   -1929.221         501.967   -1077.286              87              35
  251         652.140   -1464.902         -41.243    -474.217             251              36
  250         -69.765   -1609.484        -352.849    -921.722             250              35
  197         669.003     409.003        -859.970     473.227             197              36
  124         209.040     861.912         183.956     499.870             124              35
   68        2272.746     584.773         872.205     518.557              68              36
  129         400.219    -548.993         548.441   -1837.237             129              35
  221       -1827.762     249.317       -2301.557     235.526             221              36
  160         272.521    2965.489         477.231    1658.478             160              35
    9         404.795     244.529         606.778     291.874               9              36
  187         361.491     882.801         733.488    -198.867             187              35
   63       -1448.217   -1008.202        -332.209    -212.358              63              36
   74        1034.844    -770.673         -74.580     -12.357              74              35
   80          24.450    2120.480        -970.395    1087.979              80              36
  253        1440.477    2260.091        1783.938    1333.629             253              35
   51         848.561    -714.511         418.108   -1021.410              51              36
  100         -15.161    2516.941        -127.925     685.516             100              35
   41        -756.797    1838.448         616.899     518.397              41              36
  117        -612.640     745.158        1096.509     356.440             117              35
  186         -63.013    -814.066         961.045    -284.140             186              36
   65         -51.575    -603.192        1014.823    -778.320              65              35
   54       -1650.200   -2572.496        -431.762    -943.211              54              36
   24        1094.738    -195.972         142.332     336.217              24              35
  166        -608.148    -853.029         193.132    -557.020             166              36
  251        1011.996    -512.164        -270.858     447.648             251              35
   43        1702.540    1580.166        1628.149     431.759              43              36
  243         941.315   -3119.225         757.692   -2686.338             243              35
  239       -2227.525    1129.910       -2448.767     -88.214             239              36
   25         491.035     629.007         989.577     543.595              25              35
   26       -1621.538     244.460       -1434.578    -778.619              26              36
   46        -696.438    1425.515         451.296    1386.522              46              35
   94        -771.678    -625.761        -406.624    -679.824              94              36
  100          52.517    1608.143         435.007    1492.695             100              35
   17        -344.316    -373.321         808.827    -922.295              17              36
   25        -319.711   -1309.686         190.491     -18.448              25              35
  170        -262.841     -60.256        -406.037   -1311.139             170              36
   28       -3185.853    -109.873        -926.540     738.144              28              35
   16         410.061   -1041.820        -217.187    -189.504              16              36
  126       -1482.310    1231.775        -552.806    1225.222             126              35
  168         722.789    -521.601         744.991     206.350             168              36
   93        -224.677       9.132         155.387     264.872              93              35
  195           1.471    -759.139          40.304    -632.366             195              36
   86       -2090.448     596.032       -1064.163     999.288              86              35
  144        1490.891      63.088        1373.429    1136.520             144              36
  107        1085.099   -1646.586        1007.062   -1293.146             107              35
  252       -1485.343   -1051.317       -1745.611    -806.746             252              36
  179        -932.198    2075.373        -491.166    2051.015             179              35
  226         671.113   -1047.551        1059.198     -14.228             226              36
  104         529.113    -647.750        -717.424     228.677             104              35
  140         638.441    2948.450          72.678    1361.401             140              36
  135        -327.181     552.087        1424.576     816.750             135              35
  178        1156.081   -1955.056         468.979    -777.526             178              36
    1         429.128    1351.196        -140.069     652.518               1              35
  211        -472.236    1091.649         347.000     232.000             211              36
   47        -656.484     508.088         648.691    1270.462              47              35
  112        1818.886    -993.171        1739.008    -383.789             112              36
   39        -107.621    -880.382         610.335    -389.020              39              35
   64         786.465   -2427.032         719.598   -1280.702              64              36
  234        -346.549    -938.121        -984.597    -445.480             234              35
   36        -419.461     625.107         -70.402     268.152              36              36
  130        -585.473   -1631.309        -128.747     443.112             130              35
  176        3041.823      45.073         549.962     267.840             176              36
   66         454.975    1057.508         571.442      82.621              66              35
  141         869.488    -784.408         256.961    -936.708             141              36
   26       -1260.129    1152.117        -832.691     475.896              26              35
   91         879.906     450.389         731.490     101.355              91              36
  202       -2128.419     610.763        -716.969     124.035             202              35
    8         395.140    -152.376         599.578     925.158               8              36
   16         169.172     304.385         446.806     316.737              16              35
  205        1381.016    -543.130        1254.205      54.158             205              36
   20        -475.587    -505.428         -32.815    -712.536              20              35
  212         454.869    -447.172         522.092     464.454             212              36
   69         409.445    -639.467         481.901    -814.026              69              35
  173        -526.994    -878.072        -166.331     102.065             173              36
  203        1307.745    -674.719         690.540    -243.602             203              35
  113         462.585    -916.731          -7.929    -862.117             113              36
  152        -882.596     248.057        -872.409    -337.943             152              35
  190        -979.698     833.684        -378.979     919.096             190              36
  165         -32.697    -105.377         628.809     111.842             165              35
  117        -552.786   -1115.481        -255.474     201.004             117              36
   98        1660.698      26.986         944.924     277.337              98              35
   37        -570.029   -1280.326        -274.900    -869.881              37              36
   92         445.645     370.392         -94.584     730.044              92              35
    3        -121.641    -916.219         234.708    -738.809               3              36
   85       -1053.973      -4.412       -1337.042     741.032              85              35
   47         795.723    1134.479         792.777    1705.257              47              36
   55        2845.035    -640.001        1639.266     368.058              55              35
  156        2679.359     -76.128        1519.658   -1001.925             156              36
  135        -724.171   -1023.585        -286.719   -1757.974             135              35
  254       -1898.771    -213.658       -1398.055     189.165             254              36
  174         965.479     702.230         638.629     902.010             174              35
  137        -283.078   -1244.253         333.583    -825.580             137              36
   54        1106.087   -1316.931        -264.423     -57.040              54              35
  140         482.686     985.948        -481.183    -588.053             140              36
  220       -1797.596    1284.280        -914.291     924.252             220              35
  254          24.278     592.340         326.623     512.492             254              36
  169        -834.177     545.907          23.499     739.568             169              35
   33        -150.400   -1444.080         588.836    -133.967              33              36
  142         573.500    -730.199        -627.414     742.597             142              35
  123        1778.134    1096.107        1214.878     577.259             123              36
   96        -284.505   -1193.440        -288.814      -0.064              96              35
   88        2735.630     603.650        1070.661     929.552              88              36
   35        1325.021     219.313         366.169    -343.005              35              35
   71        1572.242    1437.739        1202.412     674.687              71              36
  181         658.177   -1539.721         541.904   -1670.259             181              35
  134        -398.656    1340.112        -937.899     951.120             134              36
  160        2267.603    1027.701        2089.338     163.823             160              35
  112       -1146.238   -1274.004        -224.776   -1555.701             112              36
   86         495.478    -265.682        -102.531     533.857              86              35
  120         993.386     386.171         582.379    -680.150             120              36
  133        -509.177     192.430        -386.838      41.959             133              35
  118         466.983     783.155         862.976    -180.401             118              36
  191        -990.737   -1470.948        -368.335    -874.211             191              35
   55         122.578     670.462          18.369     200.648              55              36
  106        -765.241   -1321.336        -126.721    -750.706             106              35
    1         218.806     540.706        -398.745     524.145               1              36
  105         742.389    -371.323         825.208    -742.647             105              35
  117       -2004.839    -197.196       -1489.410    -808.206             117              36
   83       -1381.742     378.196        -465.219    1030.830              83              35
   25         -17.946    -385.792        -180.157      65.959              25              36
   57        -164.014     497.176         -58.012     885.642              57              35
   13         677.773    -702.298         392.423    -179.998              13              36
   11         562.874     937.487        -448.600     789.669              11              35
  232        1005.100    1405.032        1702.583     313.577             232              36
   18        -364.177   -2933.792        -107.080   -1793.725              18              35
  153        -346.612     731.989        -932.834     156.298             153              36
  234        -614.564    -696.487        -387.551    -559.469             234              35
   18       -1536.441    1421.028       -1594.291     845.038              18              36
  221         371.366    1153.109         631.751    1086.777             221              35
  179       -1508.870     643.663        -412.084    -132.378             179              36
  175        -696.422    -755.646          76.314     996.468             175              35
   51         383.506      39.087         -29.763    -173.747              51              36
   90        -729.604    -336.712        -377.165    1182.464              90              35
   33        2614.802     743.586        1176.853      74.070              33              36
   44       -2213.861   -1063.339       -1085.270    -691.960              44              35
  248         796.661    1585.497        -641.796    1953.445             248              36
   54        1004.943    1541.898        1286.147     428.216              54              35
  128       -1310.160     -51.099        -525.740     180.253             128              36
  251        1360.303     425.506         767.978    1158.997             251              35
  213         478.183    1107.200         539.908    -491.018             213              36
   33       -2417.140   -1023.139        -661.475     250.900              33              35
  210        1336.399     613.803         -39.342    1217.750             210              36
  189         564.443     954.299         821.239     596.738             189              35
  247         587.549     303.184         225.971     334.429             247              36
  131         439.105     759.483         402.775     268.804             131              35
  164       -1132.870    1719.906        -282.081     894.286             164              36
   71         814.077    -340.026        1523.467     922.478              71              35
  219        1267.215     496.621         307.022    -567.746             219              36
  187       -1999.413    1013.717         160.150     494.960             187              35
  113       -1129.925     228.065        -239.383     686.051             113              36
   31        -845.477     278.629        1608.172    1574.936              31              35
  137        1951.349   -4406.045        1348.045    -940.656             137              36
   50        2351.106     -91.021         206.437     151.342              50              35
   19         749.580     565.286         929.991      71.082              19              36
  186        1477.783   -1714.128        1173.128    -753.308             186              35
  206        -316.419    -419.033        -828.333   -1115.404             206              36
  183        -914.962     578.338         145.949     963.542             183              35
   30         328.153   -2123.842         141.062    -922.332              30              36
  254         508.249     562.545        -680.354     920.799             254              35
   78         731.888    1712.939         801.094     448.353              78              36
  182        -618.051    -544.220         626.830     -76.377             182              35
  235        -373.609   -1453.150        -103.600    -477.557             235              36
  110         980.166    -220.102         181.074     329.688             110              35
  127        -999.672     269.314        -227.374    -563.746             127              36
  175       -1008.261    -747.078        -383.648     462.285             175              35
   31       -1578.008      53.394        -601.415     221.171              31              36
  177         397.329   -1284.264         234.611    1140.425             177              35
   59        -215.266     740.858        -243.683     113.231              59              36
  133         138.590   -1664.533         743.163    1150.552             133              35
  212        1223.824    -625.014        -443.158    -640.961             212              36
  130         649.101     835.440         618.343    1664.629             130              35
   80        -388.001    -833.908        -263.483   -1939.158              80              36
  116       -3450.236     -98.626       -1895.300    1970.598             116              35
  169        -294.051     150.710        -317.606     378.112             169              36
   80       -2791.921    -125.900       -1332.124    2614.470              80              35
  204        -412.454     374.529        -392.605    1906.859             204              36
  209        1494.816     -17.463        1222.917    3974.848             209              35
   69         120.698    -958.474          87.203    -379.009              69              36
   11           2.012   -1018.737        -413.548    5845.773              11              35
  145         140.474    1042.917        -700.582    1037.845             145              36
  112        1136.646     855.128        1037.929   19293.976             112              35
