SINAL     NFT                         FFT                         NFT INVERSA     FFT INVERSA
-----     -----------------------     -----------------------     -----------     -----------
    4       66427.000       0.000       35426.495       0.000               4              40
   72         396.278    -256.026         649.418  -20025.048              72              67
   94        1332.395    -363.148        1115.323    -232.922              94              85
   51        1105.178     -13.311         803.700   -7540.055              51              57
  129       -1125.010     -22.362         385.785    -992.432             129             102
  110        -767.610   -2164.653         185.558   -4615.053             110              86
    0        2064.789   -1315.709         692.597   -1455.971               0              38
  242       -1961.982    -249.244       -1365.449   -4304.818             242             152
  248        -592.497     923.475        -178.157     251.842             248             162
  190       -2117.558    -600.273        -274.154   -3608.310             190             126
  209       -1776.236   -1234.713        -916.639    -364.608             209             142
  120       -2125.066     -43.324       -1048.722   -2452.008             120              91
  185       -2068.640    -511.219        -461.649     839.356             185             130
  239         245.978   -2295.492         318.475   -3027.717             239             151
  198       -2856.741   -1235.259       -2528.152    -346.993             198             137
  252        -292.342    1735.499        -520.958     411.081             252             157
  132         242.539    -484.929        1082.289     -43.844             132             104
  218        -987.515   -1738.999       -1070.765   -2495.991             218             140
  157       -1330.972     976.072        -627.309    1500.567             157             116
  135        1578.185   -2258.303        1154.192   -2533.380             135              99
   14       -2349.420   -1054.801       -2322.639    -786.313              14              45
  235         435.305       9.761        -622.972    -627.131             235             149
  244       -1813.011    1780.591       -1965.394     105.408             244             160
  254       -2592.776    2083.243        -798.057     855.058             254             158
  116        -152.581     -29.932          59.549    1235.607             116              96
  196        1450.415    1638.327         787.382    -401.040             196             129
  194       -2702.861     541.502        -234.112    -118.323             194             135
  200        -836.971    -963.644         111.988    -454.411             200             131
   77       -1396.858    -797.781           8.044     -80.862              77              76
   28         -89.485   -2951.594         -97.664   -1283.684              28              45
  104        -108.739    -357.223       -1239.246     -14.091             104              90
  233        -204.083     715.828        -255.966    -156.716             233             148
  145       -1240.687    -191.675        -592.103      39.915             145             110
  132        -915.195    -727.725        -851.618    -721.420             132              97
   81       -2656.092     975.418       -1942.261    1619.623              81              78
  239        2217.580     676.085        1521.023    1766.247             239             151
  243        2365.920   -1142.309        1105.078    -943.811             243             159
  232         788.654     371.214        -628.302   -1002.108             232             147
   14       -2143.073    2141.715       -1014.565     460.764              14              45
  200        -570.570     111.397         -16.152     430.280             200             131
  120       -1033.157    1146.721        -446.510     432.447             120              98
   86        -630.446      81.933          49.969     874.719              86              74
  170         617.632    1144.067         554.126     872.694             170             123
  198         643.231    -610.782        1271.118     312.213             198             130
  121        2320.345   -1012.836        1075.596    -784.267             121              98
   96         244.995    -168.727        -106.045    -944.586              96              79
   93        -334.578    1053.580         -11.457    -204.994              93              84
  158       -2025.741   -1045.643        -375.685    -486.037             158             110
   15        1322.969    -267.440         189.129     760.842              15              45
   15        1868.395     150.709        1296.708   -1054.773              15              39
  160       -1574.912    -848.828        -945.442   -1720.238             160             118
   71       -2578.587     326.879       -1713.867     459.934              71              67
  119        1257.750     859.336         898.606     920.206             119              97
   82        -715.423    -818.743        -465.217   -1899.157              82              72
  139       -3289.400    1973.194       -1898.947    1325.545             139             107
  132        -531.731     122.731         809.129     711.877             132              97
   85       -1130.975    -407.566        -137.971     275.905              85              80
  229         305.670   -2313.222         429.989    -199.984             229             146
  171        1133.319     545.793        -775.725     232.148             171             123
  246        -988.626    1453.836          97.935     506.527             246             154
  207        -723.632     602.106        -325.939    1281.875             207             141
  225        1965.887     434.112        2283.646     798.864             225             144
   29         665.414   -2080.672         618.606   -1648.692              29              52
  129        -274.226    -635.472        -266.526    -139.970             129              96
   99         417.251    -227.041         242.411    -494.441              99              87
  163       -1639.057   -1401.275        -768.871    -344.226             163             113
    5        1276.489     737.743        -246.003    1170.172               5              40
  144         386.646     417.957        1134.165     217.816             144             103
   67        1780.387   -1138.459         271.141     -36.181              67              71
  162        1575.729    1705.933        1031.487       3.769             162             112
   89          47.927     -27.876         682.947    -585.773              89              82
   50        -792.393    -994.819         743.855    -999.973              50              56
   51         -81.934   -3193.448        -357.077   -1090.801              51              63
  216        1039.585      -6.545        -378.430    -516.551             216             139
  189        -642.900     691.899        -413.909     243.761             189             132
  114         518.517    -523.120         951.281    -505.777             114              88
   58        -724.959   -2175.866        -819.109    -841.695              58              67
  182        2739.818    -307.592         552.997    -112.762             182             122
    8        -162.958     802.684       -1231.909   -1282.339               8              42
   13        -833.347    2865.624         -98.631    1260.280              13              38
   20        -654.295    -189.147         268.451   -1315.947              20              48
  214       -2911.705    1225.937        -959.499     665.629             214             138
  230        -762.048   -1268.022         785.689    -341.466             230             153
  199       -1277.427   -1507.390        -448.385    -239.203             199             131
  186         475.955   -2100.062         298.214    -623.938             186             131
   96        -301.143    -934.906       -1037.531    -296.532              96              79
  206         751.451     343.000         116.045     294.899             206             141
  235        -766.773       7.381        -253.998    -262.130             235             149
   55          64.332   -1555.214         238.168       3.130              55              65
   96        1789.426   -1064.643         -12.652    -888.366              96              79
   92       -1258.391     -29.685        -975.193    -738.134              92              84
  186        -380.809    -316.405       -1146.299     589.622             186             124
  100        1052.192    1395.990         417.877     307.511             100              88
   27        -860.917   -1397.850        -949.906    -665.969              27              45
  211        1023.138    2591.546        -883.316    1344.052             211             143
   62         120.680    2502.755         883.589     831.772              62              62
   90         382.397     340.059         796.758    -440.630              90              83
  189       -1675.438    -435.722        -434.387    -918.223             189             126
   26       -1260.645     726.570        -906.579     761.100              26              51
  198         313.973     841.686        1287.249     626.638             198             130
  223          25.373   -1966.008         323.304   -1628.463             223             149
   40       -2025.418     287.040       -1142.090     -40.773              40              51
  167        -444.642   -1168.812         505.077     -63.298             167             121
  227         -47.966   -1835.933        -804.581   -1149.461             227             145
    7       -1471.010    1544.263       -1109.765     377.553               7              41
  118       -2282.991    -880.702        -264.448     177.373             118              90
  144         239.415   -1892.935        -546.596     -66.869             144             110
  159        -364.815     442.284        -834.295     -32.868             159             111
   84       -2416.755      63.549       -1271.647     594.517              84              80
  198        -337.727    -597.046        -560.145    1380.814             198             130
  112        1187.841     244.274        -140.456     956.508             112              94
   27        1094.286    1103.677         -95.957    1632.165              27              45
  140        2782.641    2149.165        1365.545    1218.282             140             108
  104         782.039     560.204        1077.217     222.333             104              83
   68        2439.008     -69.489        1248.788    -306.993              68              72
  155        -618.751     549.692        -291.502    -961.961             155             109
  159       -1447.907     846.114        -492.142     915.294             159             117
  237         819.425     267.431         834.858     893.940             237             150
  185        2045.280     639.832        1548.699     302.065             185             130
   98         440.472   -1244.857        1165.828   -1212.333              98              80
   93         782.835   -1237.310         106.438    -543.129              93              84
    7        1366.586    -564.871        1027.509   -1258.908               7              35
   91       -1759.571   -1987.094       -1558.202   -1925.393              91              83
  123        -903.106    1353.581       -1347.824    1313.601             123              93
  131        1115.297     689.375         934.339      82.331             131             103
   90        -658.560     -81.603        -522.532    -462.702              90              76
  169        -233.611     848.716         -37.391      52.032             169             122
  217       -1891.446     199.925        -629.838     -70.579             217             140
  230        -749.915    -263.097         -36.000     500.000             230             153
  230        -347.690    -566.513        -329.179     286.028             230             146
  232        1205.879     540.463         590.888     748.154             232             154
   96         -37.980      79.700         149.277    -229.509              96              79
  102         372.852      14.690         704.049     687.746             102              89
  148        1667.190   -1761.438         639.689   -1119.699             148             105
   45         327.075    1315.077        -503.127     213.906              45              60
  150         227.984     369.738         818.395    -223.565             150             106
  185         104.015    -410.063         -36.327    -771.859             185             130
   21       -1712.613     436.889        -761.453    -723.125              21              42
    7       -2562.225     443.826        -926.882    1116.698               7              41
  193         927.950    -378.775         968.922     212.262             193             128
  112       -2174.891    -212.138        -686.764     329.403             112              94
   42        2401.353   -1605.876        1704.071     853.222              42              52
   11        1171.763    -916.116          33.039   -1506.612              11              43
   77        -154.118     320.940          62.809    1110.904              77              70
  228        2449.623    -816.238        1420.756    -999.704             228             152
  113        -483.028    -499.437        -240.213    -423.025             113              88
  197        1322.408   -1001.979         860.195    -865.581             197             136
   29        -259.590   -1284.582        -560.807   -1020.524              29              46
   31         527.751    -386.013        -191.495    -808.544              31              53
  206       -1231.345     342.240       -1413.859    -201.307             206             134
    6        -384.677    1649.282         280.350     568.969               6              41
   56       -1546.815   -1387.315        -524.342    -521.314              56              59
   15        -180.037     634.242         -35.767     642.207              15              45
   41        -542.885   -1932.797         -10.218      17.945              41              52
   11        3671.840     488.651        1195.628     575.984              11              43
  160         691.048    -904.868         825.748   -2242.399             160             111
  255       -2233.686    -530.037       -1782.708   -1023.048             255             165
   67       -1903.456       1.343       -1148.604     627.501              67              65
  231         720.642    1190.879         325.482    1004.178             231             153
  152        -288.052   -1434.544         763.984    -641.485             152             107
  243         764.667   -1259.005        -382.393    -729.093             243             159
  224       -1017.717    -468.985        -672.899    -209.579             224             143
  150        1522.823     272.554         -22.708      76.476             150             113
   53       -2617.910     423.877        -963.112    -594.706              53              58
   99         -52.440    -303.881        -308.078    1639.995              99              87
  234        2070.972     -74.080        1442.681    -708.169             234             148
  239       -1416.687   -1303.881        -974.153    -817.671             239             157
  243        -416.010    -246.095        -556.432     308.705             243             153
  173         508.452     130.562          -8.592     804.403             173             124
  139        1437.739    -301.961        1007.782    -242.519             139             101
  211         331.480   -1377.252         121.236    -731.809             211             143
   77         784.220   -1635.986        -194.256   -1159.640              77              70
   57        -701.673    -112.473       -1345.835    -118.896              57              66
   94         700.690      12.407        -144.239     351.319              94              78
  177         735.329     331.248         -60.835     263.557             177             126
  172        2223.267   -1357.574         630.261    -982.718             172             117
   30        -341.348    1068.340       -1798.984    -821.499              30              53
  246        -779.506    1751.214        -458.144     905.710             246             154
  114        -510.977     836.646        -507.400     -72.069             114              95
   68        -173.409    -212.664         -37.226     593.474              68              65
    1        1684.303     654.657        -270.713    -514.059               1              38
   85       -1529.490    1678.713        -682.725     508.576              85              74
   37         690.562     319.902           0.526      -2.821              37              56
   88        -913.847    1310.034        -880.405     237.007              88              75
   53          18.330    2552.954         128.731    1162.078              53              64
  251        -412.422    -435.626        1019.272    -367.594             251             157
  209         406.292    -826.679        -744.788    -983.226             209             142
  154       -1570.308    1822.377        -835.736     454.115             154             108
  133        -629.309     808.352        -287.524     101.577             133             104
  182       -2443.771     723.170        -679.485     544.449             182             122
  151         528.084    -239.170         308.304     426.103             151             113
  168       -1643.204    -390.466        -656.725    -310.098             168             115
  172         944.870    -240.819        -436.412    1003.558             172             124
  199         710.346    1638.066         -89.104     -93.833             199             131
   87       -1427.481    2200.044       -1065.729    1317.876              87              81
  254         454.910    2059.428        1195.468    1355.140             254             158
   91         940.375     374.234         797.289     -41.454              91              83
  215        -381.482    1061.996         787.274    -500.460             215             139
   50       -2536.472   -1018.693       -1011.731    -836.678              50              63
  245       -1736.869    1219.477        -602.383    1504.518             245             154
  239         640.308    -638.976        1206.829     274.750             239             157
   37         -95.570   -1080.823        -243.258    -464.117              37              50
  215         624.522    1268.148         111.601     424.525             215             145
    9       -2556.881    -199.674        -347.457    -529.538               9              36
   15        -626.283    -412.002        -910.941    1376.078              15              45
  183         838.278    1823.238        1197.944     949.164             183             123
   78        -117.309   -1410.768         462.244     256.218              78              77
  246        2423.590     524.986        1399.825     132.911             246             154
   35        -589.959   -1324.952         351.856   -1270.447              35              55
   51        -416.774    -889.021        -698.905    -152.895              51              57
   16         960.950     672.614         330.784     584.067              16              46
  216         476.490     249.248         414.385    -977.203             216             139
   16       -3303.285     990.727       -1377.934     451.942              16              46
  145          73.930    -842.191        1243.355    1043.027             145             104
   43        1456.024   -1848.179         222.828    -905.527              43              59
  215        -184.580     798.767          28.883     129.339             215             139
   72        -743.008   -1124.911        -396.157    -187.364              72              74
  181         905.557    1054.090         501.943    1027.660             181             122
  123         601.402   -1384.112         821.710    -897.267             123              99
  158        -109.751     490.756        -612.016     186.135             158             110
  118         117.754       8.308        1217.805     371.881             118              97
  169        1654.471   -2534.827         406.239   -1681.962             169             116
   22       -2092.109    1459.958       -1491.452     -32.057              22              49
   92        -125.667    -677.216         828.850     861.391              92              77
  167         789.835   -1106.801         177.740   -1156.547             167             121
  218       -1291.020    -930.588        -465.230     203.067             218             140
  115        2002.878   -1161.517         259.414    -288.284             115              95
   26         346.821     877.990        -171.839    -167.927              26              44
  185        -252.480      99.540         119.270    -378.069             185             130
   17       -1305.711    -895.492        -495.556    -653.679              17              40
    2        -801.824    -611.940        -887.305     259.472               2              39
  163         496.132       8.522         210.237     125.264             163             113
  227       -1377.522    -806.181       -1185.867    -252.278             227             151
  169         950.136     948.119         -43.160    1566.040             169             116
   78         619.750     658.937         455.814    -101.012              78              77
  125         116.618     -27.739         269.599     795.221             125              94
  150        1646.187    -516.128         685.977    -711.716             150             113
  118        -384.753     666.518        -426.761     404.486             118              90
  101         709.892     -10.371         921.252    -394.379             101              88
  200        -824.246   -1389.174        -730.704    -340.959             200             131
  132        1667.372     827.463         464.960     156.429             132             104
   37       -1642.716    -685.048        -712.155    -809.499              37              50
  166        -341.394     804.843        -905.277    1128.300             166             121
  240         515.359     767.416         861.643     934.953             240             151
  152        1513.273    -467.407         581.584     -85.336             152             114
  241         825.695     397.668         658.397     132.427             241             152
  204        1511.987    -277.786         515.517    -600.395             204             140
  107        -383.580     995.097         334.009    -269.847             107              85
  143        -730.711   -1960.110         -87.526    -994.374             143             109
  136         809.496     273.428        -345.430     498.948             136              99
  193         921.793     506.885         765.757    -900.068             193             134
  152       -2533.525     103.805       -1140.180     164.370             152             107
  241        2119.983    -717.382        1847.164     244.533             241             158
   53         261.581   -2297.754        -329.693   -2423.449              53              58
   91        -765.865     499.030        -774.261     -89.508              91              83
   65        -970.487   -2198.347        -459.562   -1930.904              65              64
  219       -2739.000      -0.142       -3246.000       0.000             219              41
   27        -970.906    2198.308        -459.574    1930.904              27              35
   41        -765.320    -499.097        -774.261      89.506              41              41
  139         261.219    2297.965        -329.702    2423.448             139              35
   51        2119.701     717.879        1847.163    -244.529              51              41
   39       -2533.447    -104.830       -1140.182    -164.374              39              35
  219         922.313    -506.600         765.755     900.072             219              41
   81         809.621    -272.984        -345.428    -498.949              81              35
  224        -731.305    1959.794         -87.528     994.374             224              41
  223        -382.916    -995.406         334.008     269.847             223              35
  231        1512.150     278.269         515.516     600.396             231              41
  204         825.890    -397.412         658.397    -132.426             204              35
   17        1513.014     467.852         581.583      85.337              17              41
  212         515.330    -767.319         861.645    -934.951             212              35
  138        -341.384    -804.809        -905.274   -1128.301             138              41
   75       -1642.841     684.606        -712.157     809.497              75              35
  207        1667.736    -826.763         464.959    -156.429             207              41
  188        -824.743    1388.992        -730.705     340.957             188              35
   21         709.948      10.485         921.251     394.381              21              41
  133        -384.434    -666.616        -426.761    -404.489             133              35
  134        1646.027     516.735         685.974     711.718             134              41
   89         116.460      27.711         269.601    -795.220              89              35
  179         619.854    -658.736         455.813     101.015             179              41
  214         950.129    -947.572         -43.155   -1566.040             214              35
   62       -1378.016     805.955       -1185.867     252.276              62              41
  185         496.014      -8.213         210.237    -125.263             185              35
  107        -802.225     611.824        -887.306    -259.473             107              41
   71       -1305.958     895.052        -495.557     653.678              71              35
   69        -252.219     -99.687         119.268     378.069              69              41
   25         347.341    -877.680        -171.840     167.927              25              35
   52        2002.365    1162.443         259.413     288.285              52              41
  143       -1291.500     930.224        -465.229    -203.068             143              35
  228         789.426    1107.002         177.739    1156.547             228              41
   49        -126.119     676.956         828.853    -861.389              49              35
   94       -2091.482   -1460.571       -1491.451      32.055              94              41
   44        1653.824    2535.424         406.236    1681.961              44              35
  174         117.669      -8.546        1217.804    -371.879             174              41
   41        -109.581    -490.823        -612.017    -186.136              41              35
  219         600.945    1384.197         821.708     897.270             219              41
   49         905.718   -1053.880         501.947   -1027.659              49              35
   18        -743.558    1124.633        -396.156     187.363              18              41
   67        -184.274    -798.815          28.883    -129.339              67              35
    9        1455.245    1848.651         222.826     905.528               9              41
  241          73.153     841.836        1243.358   -1043.024             241              35
   90       -3302.989    -992.113       -1377.934    -451.944              90              41
  186         476.913    -249.171         414.382     977.205             186              35
  173         961.183    -672.231         330.785    -584.067             173              41
   81        -417.143     888.969        -698.905     152.894              81              35
  219        -590.210    1324.549         351.855    1270.448             219              41
   93        2423.734    -524.388        1399.825    -132.909              93              35
  215        -118.086    1410.408         462.244    -256.216             215              41
   81         838.540   -1823.219        1197.947    -949.161              81              35
   93        -626.898     411.753        -910.939   -1376.079              93              41
  228       -2557.009     198.589        -347.459     529.537             228              35
  181         625.058   -1267.998         111.601    -424.523             181              41
  113         -96.032    1080.765        -243.259     464.117             113              35
   14         639.787     638.842        1206.830    -274.748              14              41
  158       -1736.803   -1220.299        -602.379   -1504.520             158              35
   23       -2536.683    1017.568       -1011.733     836.676              23              41
   83        -380.728   -1062.531         787.274     500.462              83              35
  243         940.675    -374.299         797.290      41.456             243              41
  162         455.475   -2059.588        1195.472   -1355.136             162              35
   40       -1426.724   -2200.502       -1065.727   -1317.879              40              41
  208         711.017   -1637.514         -89.104      93.834             208              35
  224         944.552     241.442        -436.411   -1003.559             224              41
  135       -1643.515     389.986        -656.728     310.096             135              35
  101         527.835     239.227         308.306    -426.101             101              41
  142       -2443.628    -724.148        -679.484    -544.453             142              35
  230        -628.888    -808.662        -287.525    -101.578             230              41
  186       -1569.435   -1822.751        -835.736    -454.117             186              35
  176         406.296     826.966        -744.791     983.225             176              41
  233        -412.416     435.207        1019.271     367.597             233              35
  173          19.310   -2553.103         128.733   -1162.078             173              41
  222        -913.206   -1310.128        -880.405    -237.009             222              35
   13         690.822    -319.531           0.525       2.821              13              41
   41       -1528.664   -1679.035        -682.724    -508.578              41              35
  161        1684.765    -653.738        -270.715     514.059             161              41
  147        -173.511     212.811         -37.225    -593.473             147              35
  213        -510.617    -836.726        -507.400      72.070             213              41
   72        -778.668   -1751.164        -458.140    -905.710              72              35
   37        -340.508   -1067.831       -1798.986     821.496              37              41
   45        2223.096    1358.786         630.258     982.720              45              35
  137         735.407    -330.723         -60.835    -263.557             137              41
  237         700.595     -11.780        -144.238    -351.318             237              35
   51        -701.683     112.717       -1345.836     118.893              51              41
  121         783.796    1636.611        -194.259    1159.640             121              35
  241         331.089    1377.426         121.234     731.809             241              41
  225        1437.575     302.419        1007.781     242.522             225              35
  227         508.222    -130.296          -8.591    -804.403             227              41
  172        -416.335     246.166        -556.431    -308.706             172              35
  110       -1417.020    1303.479        -974.155     817.669             110              41
  201        2070.946      74.737        1442.679     708.174             201              35
   22         -52.945     303.856        -308.075   -1639.996              22              41
  131       -2617.730    -424.701        -963.115     594.704             131              35
  226        1523.048    -271.827         -22.707     -76.476             226              41
    5       -1017.888     468.923        -672.899     209.578               5              35
  177         764.279    1259.408        -382.394     729.092             177              41
   82        -288.596    1434.280         763.981     641.487              82              35
  249         720.837   -1190.732         325.485   -1004.176             249              41
   48       -1903.624      -1.793       -1148.602    -627.504              48              35
  187       -2233.464     529.455       -1782.711    1023.044             187              41
   45         691.395     905.121         825.742    2242.401              45              35
  182        3671.994    -487.313        1195.629    -575.981             182              41
  122        -543.932    1932.615         -10.218     -17.945             122              35
  111        -180.059    -634.388         -35.766    -642.206             111              41
   75       -1547.334    1386.664        -524.344     521.312              75              35
  130        -384.015   -1649.501         280.351    -568.967             130              41
  253       -1230.982    -342.386       -1413.859     201.304             253              35
  241         527.921     386.496        -191.496     808.545             241              41
   37        -259.745    1284.668        -560.808    1020.522              37              35
  238        1322.253    1002.412         860.193     865.584             238              41
   66        -482.985     499.233        -240.212     423.025              66              35
  116        2449.428     816.968        1420.756     999.705             116              41
  203        -154.106    -320.999          62.812   -1110.906             203              35
   66        1171.462     916.596          33.034    1506.613              66              41
   97        2400.348    1606.524        1704.074    -853.217              97              35
  238       -2175.379     211.131        -686.763    -329.405             238              41
  205         927.539     378.824         968.922    -212.260             205              35
  111       -2562.321    -444.903        -926.881   -1116.700             111              41
   42       -1712.191    -437.527        -761.455     723.124              42              35
   64         104.240     410.008         -36.329     771.859              64              41
   49         228.359    -369.811         818.394     223.568              49              35
  218         327.762   -1314.823        -503.126    -213.907             218              41
   22        1666.647    1762.077         639.687    1119.702              22              35
    7         372.701     -14.749         704.051    -687.745               7              41
   41         -38.016     -79.835         149.276     229.510              41              35
   54        1205.871    -540.065         590.890    -748.152              54              41
   48        -348.217     566.397        -329.176    -286.025              48              35
   43        -750.254     262.709         -36.000    -500.000              43              41
  223       -1891.356    -200.724        -629.841      70.574             223              35
  237        -233.130    -848.831         -37.391     -52.032             237              41
  221        -658.358      81.389        -522.533     462.699             221              35
   97        1115.605    -688.999         934.339     -82.330              97              41
   43        -902.705   -1353.546       -1347.821   -1313.605              43              35
   43       -1759.863    1986.788       -1558.207    1925.389              43              41
    4        1366.842     565.327        1027.506    1258.911               4              35
  200         782.595    1237.497         106.437     543.129             200              41
  132         440.254    1244.660        1165.824    1212.335             132              35
   18        2045.505    -639.514        1548.699    -302.061              18              41
  154         819.202    -267.395         834.859    -893.939             154              35
   17       -1447.717    -846.758        -492.140    -915.295              17              41
  255        -618.187    -549.942        -291.505     961.958             255              35
  115        2439.223      70.199        1248.786     306.997             115              41
   88         782.243    -560.166        1077.218    -222.330              88              35
   32        2783.169   -2148.231        1365.546   -1218.281              32              41
   52        1094.153   -1102.992         -95.955   -1632.166              52              35
   25        1187.281    -243.500        -140.456    -956.508              25              41
   57        -338.689     597.180        -560.143   -1380.815              57              35
   12       -2417.132     -64.205       -1271.646    -594.519              12              41
  220        -364.782    -442.078        -834.295      32.866             220              35
  134         238.417    1893.220        -546.597      66.868             134              41
  226       -2283.573     879.777        -264.448    -177.372             226              35
  186       -1470.414   -1544.638       -1109.764    -377.555             186              41
  115         -48.526    1836.139        -804.584    1149.458             115              35
  131        -445.159    1168.513         505.076      63.299             131              41
    4       -2025.243    -287.801       -1142.090      40.771               4              35
  165          24.942    1965.777         323.301    1628.464             165              41
  249         314.223    -841.973        1287.252    -626.635             249              35
  175       -1260.459    -727.110        -906.579    -761.102             175              41
  209       -1675.310     434.997        -434.389     918.224             209              35
  114         382.864    -340.302         796.758     440.631             114              41
    8         121.740   -2502.879         883.589    -831.771               8              35
    2        1024.045   -2590.772        -883.313   -1344.052               2              41
  129        -861.332    1397.934        -949.906     665.967             129              35
   45        1052.702   -1395.407         417.878    -307.511              45              41
  158        -381.021     316.673       -1146.298    -589.625             158              35
  159       -1258.203      29.632        -975.195     738.133             159              41
    6        1789.189    1065.572         -12.654     888.367               6              35
  118          63.625    1555.293         238.168      -3.129             118              41
  142        -766.790      -7.672        -253.999     262.128             142              35
  240         751.537    -342.550         116.044    -294.898             240              41
  124        -301.585     935.112       -1037.531     296.530             124              35
  182         475.026    2100.288         298.213     623.940             182              41
  234       -1278.174    1506.735        -448.385     239.201             234              35
  159        -762.639    1267.294         785.686     341.468             159              41
   75       -2911.166   -1227.296        -959.497    -665.631              75              35
  174        -653.934     188.627         268.449    1315.947             174              41
  243        -831.944   -2865.943         -98.627   -1260.280             243              35
   18        -162.099    -802.305       -1231.913    1282.337              18              41
  155        2739.914     308.988         552.998     112.765             155              35
   96        -725.725    2175.789        -819.110     841.694              96              41
    1         518.432     523.150         951.280     505.780               1              35
  155        -642.517    -692.070        -413.909    -243.762             155              41
  246        1039.715       7.253        -378.430     516.552             246              35
  222         -83.015    3193.473        -357.079    1090.801             222              41
  219        -792.550     994.144         743.852     999.974             219              35
  203          48.303      27.475         682.945     585.775             203              41
  232        1576.580   -1705.473        1031.488      -3.765             232              35
  142        1779.950    1139.080         271.141      36.181             142              41
  145         386.620    -417.948        1134.165    -217.812             145              35
  207        1276.434    -737.173        -246.002   -1170.172             207              41
   51       -1639.699    1400.829        -768.870     344.228              51              35
   92         417.234     227.134         242.411     494.442              92              41
   26        -274.388     635.400        -266.528     139.965              26              35
   45         664.822    2080.616         618.602    1648.694              45              41
  240        1965.791    -433.910        2283.649    -798.859             240              35
  144        -723.817    -602.632        -325.936   -1281.877             144              41
  201        -988.187   -1454.196          97.936    -506.528             201              35
   24        1133.412    -545.122        -775.725    -232.150              24              41
   15         304.505    2313.357         429.988     199.985              15              35
   94       -1131.458     406.843        -137.971    -275.906              94              41
  131        -532.017    -123.276         809.130    -711.876             131              35
  249       -3288.744   -1974.353       -1898.945   -1325.549             249              41
  171        -715.297     818.542        -465.223    1899.157             171              35
   47        1258.045    -858.968         898.608    -920.203              47              41
   86       -2578.479    -327.605       -1713.865    -459.940              86              35
  213       -1574.624     848.340        -945.447    1720.236             213              41
    0        1868.885    -150.125        1296.706    1054.779               0              35
   73        1322.744     267.902         189.130    -760.843              73              41
  199       -2026.101    1044.796        -375.688     486.035             199              35
  234        -333.856   -1053.824         -11.458     204.993             234              41
  144         245.359     168.879        -106.049     944.586             144              35
    7        2320.135    1013.523        1075.595     784.270               7              41
  110         642.837     610.657        1271.119    -312.210             110              35
  203         617.742   -1144.124         554.127    -872.693             203              41
   57        -630.697     -82.307          49.971    -874.718              57              35
  119       -1032.869   -1147.181        -446.509    -432.448             119              41
   98        -570.552    -111.695         -16.152    -430.281              98              35
   46       -2142.060   -2142.368       -1014.565    -460.767              46              41
    7         789.301    -370.597        -628.305    1002.107               7              35
   16        2365.643    1143.203        1105.075     943.814              16              41
  199        2217.240    -675.387        1521.027   -1766.242             199              35
  177       -2656.252    -976.095       -1942.257   -1619.626             177              41
  190        -915.476     727.641        -851.619     721.422             190              35
  255       -1240.678     191.316        -592.104     -39.916             255              41
   85        -203.720    -715.695        -255.969     156.712              85              35
  117        -108.845     357.604       -1239.246      14.090             117              41
  246         -90.596    2951.634         -97.666    1283.684             246              35
  248       -1397.211     797.011           8.043      80.861             248              41
  245        -837.301     962.962         111.986     454.411             245              35
   90       -2702.355    -542.865        -234.112     118.323              90              41
   43        1451.271   -1638.017         787.380     401.044              43              35
  209        -152.774      29.762          59.551   -1235.606             209              41
  252       -2592.064   -2084.155        -798.055    -855.060             252              35
  184       -1811.964   -1780.805       -1965.394    -105.412             184              41
  142         435.641      -9.049        -622.973     627.131             142              35
   38       -2349.338    1054.461       -2322.641     786.308              38              41
   26        1577.814    2258.859        1154.186    2533.385              26              35
  174       -1330.503    -976.493        -627.306   -1500.569             174              41
  207        -987.701    1738.757       -1070.772    2495.992             207              35
   52         242.705     484.806        1082.289      43.845              52              41
  183        -291.678   -1735.457        -520.958    -411.085             183              35
  209       -2856.792    1234.695       -2528.151     346.988             209              41
  144         245.674    2295.566         318.467    3027.717             144              35
  178       -2068.452     510.299        -461.647    -839.357             178              41
  103       -2124.416      42.542       -1048.729    2452.004             103              35
    9       -1775.781    1234.018        -916.639     364.607               9              41
  242       -2116.623     599.282        -274.163    3608.311             242              35
   47        -590.908    -923.782        -178.157    -251.842              47              41
   82       -1960.479     248.725       -1365.460    4304.809              82              35
  217        2065.933    1316.466         692.594    1455.972             217              41
    1        -766.846    2164.108         185.547    4615.052               1              35
  130       -1122.854      21.545         385.783     992.432             130              41
   74        1107.955      13.398         803.680    7540.051              74              35
   17        1335.910     363.329        1115.323     232.926              17              41
    0         403.210     255.841         649.365   20025.038               0              35
