SINAL     NFT                         FFT                         NFT INVERSA     FFT INVERSA
-----     -----------------------     -----------------------     -----------     -----------
   99       64502.000       0.000       32650.495       0.000              99              83
  222         725.349    1590.180        -252.190  -19349.213             222             142
   68       -3258.707    2012.703       -1450.485    1303.477              68              67
  205        2105.186    -416.398        2147.334   -5337.991             205             133
   41        -668.976   -1718.057        -916.559   -1463.945              41              54
  147         850.012     782.902         111.777   -1680.643             147             104
  137        3030.001    -585.020        1152.868    -813.378             137             102
  161         536.533    1457.341        -254.071   -1937.313             161             111
    4        2162.270     541.869        1305.584    -345.203               4              35
   13        -241.562    1032.750        -149.866   -2043.316              13              37
  200        1594.722     111.188        1449.242    -350.417             200             133
  237       -1070.502    -264.572        -383.511   -2898.885             237             149
   23        -727.493   -1435.447          30.717     -93.152              23              45
  248        1518.463    -632.139        -572.676   -1678.319             248             155
   69        1128.908    2489.909         985.608     670.385              69              68
  209        -212.628   -2558.382         533.119   -3236.936             209             135
  215          26.435    -906.780       -1580.382    -671.382             215             141
  101        -701.872    2468.074       -1187.095    -387.985             101              81
  227         313.571    1711.669         849.354    1375.931             227             147
  136        1160.983    -779.035         712.638   -2613.823             136              99
  166       -2558.375     794.410       -1497.768      87.795             166             116
   20         -58.634      89.123          39.067    -598.105              20              41
    9       -1061.240     569.586        -358.430     400.383               9              38
   50         608.721   -1526.100          87.741   -1248.533              50              56
   14        -284.107    1627.652       -1330.923     502.677              14              40
   70       -1076.113    1480.380        -232.913      13.921              70              66
  197        -715.873    1595.256        -573.358    1990.975             197             132
   22        2859.227    1217.195        2400.271     -34.315              22              42
  104       -1979.707    -308.063        -821.662    -750.418             104              85
   19         677.989     552.857         588.907    1314.899              19              40
    3        2512.715     402.972        1342.623     102.468               3              35
  166        1528.981     815.210        1163.755    -501.307             166             114
  233           3.323     396.769         646.075    -547.098             233             150
  163          44.599   -1207.640         670.157    -647.501             163             112
  142        1936.229    -697.714         471.985    -356.560             142             104
  195        1959.986     629.892         830.622    -929.048             195             128
   16        -413.205    1451.115        -140.721    -682.845              16              41
    8       -1411.027     161.142         571.809    -309.496               8              35
   51         495.222   -1814.495         414.421    -666.936              51              59
   76        1761.570    -917.139         752.713    -949.524              76              69
  142         952.583    -238.655        -344.085   -1606.276             142             104
  205       -1853.720    1364.816        -881.032    -225.700             205             133
  118         659.813    -111.410         294.821     -97.455             118              92
   91        -425.525    1156.093        -299.733    -942.597              91              76
  101       -1743.272     937.040        -509.059     385.382             101              84
    9         247.039     459.139         824.807    -507.591               9              35
  178       -3002.727    -630.376       -1002.011    -908.841             178             122
   66        -895.703    -692.545        -466.410     859.938              66              64
    8         989.746    1309.708         412.845     532.767               8              37
  176        -368.171    -299.318        1347.097     365.286             176             119
  232        3052.130   -2426.999        1235.436   -1528.878             232             149
   45       -1190.119     409.735        -337.538   -1470.157              45              53
  233       -1960.195   -2630.801        -934.023    -896.617             233             150
  124         424.222    -458.736        -811.062     344.111             124              93
  187        1427.234     159.012         122.963      52.936             187             127
   51         821.435     610.504         -22.273     -55.779              51              56
  166        1276.208     491.164         -78.250    -509.074             166             116
   56        -743.478    2347.958        -693.176     175.857              56              59
  189        -644.991    1698.795        -221.740     452.212             189             128
   76       -1026.583    2848.431         352.034    1264.599              76              69
   80         139.957    -361.190        1603.345    -295.687              80              73
  134        -973.786    -382.913         121.866    -173.399             134              98
  113        1378.852   -1265.221        1474.608    -396.678             113              90
  132         385.535    -650.716         293.843    -987.483             132              97
  119         716.996   -1377.834         941.644   -1424.478             119              93
    6       -1848.274   -1050.810       -1463.871   -1258.992               6              34
  239         583.895    -109.085         756.717      91.248             239             153
   19       -1155.765   -2472.889       -1192.408   -2334.036              19              40
  175        -834.113    2025.437       -1439.270    1168.265             175             121
  149       -1269.768      96.563         517.827    -495.031             149             105
   63        -527.020   -1634.352       -1186.169    -512.580              63              65
   95       -1589.579    2468.013        -929.018     576.651              95              78
   65       -1624.468    -724.654         -15.440     489.628              65              66
  249        -969.830    -334.082        -905.394      25.210             249             155
  220        -728.561     698.073        -333.129    1736.738             220             143
    9        1217.079     371.906        1005.663     805.981               9              35
  192        1277.509    -721.808         928.695     313.218             192             129
   70        1626.802     -45.529         728.420    -281.113              70              66
  179         428.135    -267.559         540.965    -302.964             179             123
   45        -347.783    -811.321        -203.568    -454.807              45              53
   33        1004.425    -227.328         324.779     683.164              33              50
  186        1351.654    -302.902         798.124    -477.515             186             124
  239        1037.790   -1117.589         243.984     -94.774             239             153
  232        2452.190      -8.360         664.707    -658.460             232             147
    9         329.705    -135.911        -212.991    -771.534               9              38
   70         348.868     296.703        -524.731    -326.133              70              66
  134         562.552    1179.955        -508.385     458.441             134             100
   82        1283.721    2971.008         492.143     758.959              82              72
  110        -196.353    1222.300        1034.539    -384.632             110              88
   16       -1011.142    -642.377        -310.641    -730.623              16              39
   43          -3.308    1265.671        -173.069     450.385              43              55
   69        -810.922    1119.192         594.147     318.891              69              65
   93         807.127   -1564.032         793.197    -580.056              93              80
  231          12.988     974.151        -545.447    -281.788             231             146
  195         -95.069     963.303         954.820     436.818             195             131
   50        -242.487   -1437.847         -26.891   -1258.664              50              56
  167          18.228    1367.937        -501.577     608.079             167             117
   72        -904.807    1699.510         608.330     264.259              72              67
   27        -244.470   -1018.859         688.628     -34.961              27              47
   62        -156.566     564.289         219.369     -64.778              62              62
  105         487.147    -759.958        1641.210     218.807             105              86
  159         874.909   -2446.826         676.622   -2001.311             159             110
   31         -54.266   -1673.013        -259.430    -819.536              31              49
  226        -335.191    -106.899       -1294.379    -870.625             226             144
  168        -253.822    2503.942         475.149    2192.377             168             117
  123        2389.629   -1920.170        2232.381   -2079.041             123              92
   36       -1774.744    -548.767       -1245.498    -692.677              36              51
  242        1119.871    -807.746        1029.422    -832.187             242             152
  146       -1497.390    -799.464       -1236.300   -1262.117             146             106
    1       -1305.476     345.681        -491.355     -47.279               1              31
  122       -1705.160    -167.574        -788.411     318.202             122              94
  177          45.267    -116.876         801.514     458.623             177             119
  204         340.199   -2486.239         333.565    -723.797             204             135
  242        1191.960    -521.293         -12.451    -452.430             242             152
   54         220.037    -579.774         362.523    -149.905              54              60
  233        1767.294   -1827.431         430.383   -1681.250             233             147
  131       -1849.298     296.277       -1639.059    -606.006             131              99
  216        -390.042    -614.512         -74.614     195.222             216             139
   48         677.581    -424.809        -464.063      18.666              48              57
  183        1536.516     -99.676         923.558    -575.250             183             122
   14        -494.302   -1319.393       -1428.727   -1482.139              14              40
  115        -439.244    1932.372        -669.092     407.276             115              88
  134       -1887.483    -639.973       -1417.987    -494.536             134             100
   82          56.747    2777.217        -488.259    1960.510              82              72
   26         350.075    -467.212        1011.142    -395.700              26              46
   62         513.102     316.475        -650.033      26.792              62              62
    1         100.764    1236.136         378.036     -87.040               1              34
   36       -1116.371     114.960        -635.751    -449.141              36              49
   64       -1070.035     233.931        -540.000     194.000              64              65
   63        -109.161    1004.894        -503.876     286.606              63              62
  129       -2185.867    1227.871        -490.990     338.679             129              98
   15       -1132.131    -279.839        -608.665    1254.362              15              38
  160        2318.356    1581.900        1377.833    1207.520             160             113
  189        -163.155    -234.611         756.327    -829.842             189             125
  159        -377.732    -677.037          25.575     219.050             159             113
  191        1494.826   -1366.626         717.949    -907.874             191             126
  179        -524.138     490.936       -1582.083    -418.733             179             123
  162        -876.053    3292.544         196.205    1684.599             162             112
  210         -85.596   -1334.917        1088.770    -578.256             210             138
  140        -657.871    -563.091        -504.585    -318.321             140             101
   80         195.166   -1107.152         -70.474    -114.490              80              73
  252        -242.218    1589.257       -1157.007     329.865             252             157
   79       -1187.716    1963.507         488.367    1927.945              79              73
  151        2190.382   -1299.316        1607.474    -349.498             151             106
  137          66.023      65.105        -318.335    -400.764             137             102
   47         -54.101    1334.766         428.612     465.941              47              54
  187       -1158.875   -1486.607         256.893    -148.169             187             127
  254        2595.086    -439.503         456.946     439.052             254             158
  182         679.805    1382.846         937.189    -285.527             182             124
  114         -10.262   -1657.257         512.613    -831.666             114              88
   30          95.100   -1347.910        -598.353    -961.039              30              48
  160         628.999    1067.024        -749.469     537.212             160             111
  145        -407.448    2166.967         164.572     366.224             145             106
  162        -742.559      58.994          43.355     581.328             162             112
   54        1030.746     902.806         735.557     433.107              54              60
   92         218.644     232.816         935.614      21.763              92              77
  175        -212.078   -1321.733         351.901    -950.999             175             121
  244        -111.724    -576.308        -418.302     660.210             244             153
   42        3289.401     132.525        1646.092    -150.968              42              54
  176        -246.346     230.135        -465.762    -984.896             176             119
   13         192.533    1255.920         418.273     655.016              13              40
   67         646.699    -365.425         644.129    -602.048              67              64
  236         415.565     859.675          62.590    -142.156             236             151
  221        -281.261    1483.304         604.311     416.075             221             141
    0        1198.524    -261.422        1934.342    -881.831              -0              33
  248       -2655.807   -1742.624        -625.104   -2178.315             248             155
   71       -1821.612   -1279.129        -502.261     646.133              71              69
   85        1857.812   -2313.911        1300.216    -872.547              85              73
  217         730.645   -2300.076        -370.209   -1700.880             217             142
  166        -443.552    -266.889        -964.059    -689.720             166             114
  255         -38.385    -702.720        -511.017    -341.117             255             161
  233        -105.373     201.691        -863.583    -576.904             233             147
  243       -1103.569     432.111       -1212.394     322.103             243             155
  172         443.205    2224.867        -236.685    1011.800             172             117
   59        -647.314     550.795         306.059      55.929              59              63
  241         -20.704    1177.800        -375.362     651.326             241             151
   60        -261.324     965.624        1185.970     352.270              60              63
   88          71.835   -1293.095         143.431    -382.949              88              75
  218        1138.290    -276.362        1237.779    -435.660             218             142
  201        -692.956   -2160.355       -1083.290   -1694.932             201             131
   51         102.956    1993.909        -222.637    1302.782              51              59
  108         939.474   -1148.127         929.454   -1442.748             108              85
  160       -1945.151     333.569       -1461.566    -539.008             160             113
   68       -1204.506    -602.452        -305.204     154.300              68              65
  170        -133.503    -724.831       -1140.262    -200.370             170             118
  183        -234.260    2850.641        -807.276    1955.964             183             122
  184        2046.743    1208.249        2272.392     553.733             184             125
  207        -662.775   -1334.141        -650.656   -1660.462             207             134
    3        -145.720    2196.226        -225.730    1380.485               3              35
   92          22.505     206.975         761.581    -777.378              92              77
  236       -1644.029     -18.851        -544.963     -44.918             236             151
  224       -1034.048    -477.424        -657.695     -98.607             224             143
   95          40.907    1488.152        -141.644    1687.521              95              81
  250        1535.601     812.561        1270.987    -194.927             250             156
  177       -1994.827     690.281        -453.682     164.069             177             122
  146         237.027     252.512         451.795     950.207             146             104
  163         982.266    1075.613        1659.478     620.486             163             115
   53         467.715   -2621.378         866.161   -1563.215              53              57
  223        -101.655     816.252        -380.084     466.918             223             145
   15         703.315   -1098.394        1185.218    -528.161              15              38
  101         304.278     500.679        -317.750     150.544             101              84
  245         700.263      31.431        1550.263     130.416             245             153
  106        1837.847    -982.879         864.800    -714.304             106              86
   20         853.220     -10.880        1188.778   -1210.284              20              41
  182        -271.261   -1425.922         127.109   -1434.458             182             124
  133        -518.430    -995.662         -31.826   -1804.735             133              97
  229       -3066.096    -705.722       -1760.924    -737.888             229             148
  214       -1267.542    -302.720        -303.627     501.411             214             138
   87         112.242    -594.351          -9.270     333.837              87              77
  197        1296.236    -273.227        1314.578    -237.029             197             129
  131         214.457   -2099.713         343.137   -1493.985             131              99
  125         495.673   -1817.518          22.218   -1712.760             125              93
  101       -2327.565    -991.357       -2102.181   -1538.673             101              84
   12       -2526.805     387.495       -1312.469    1060.833              12              37
   34        1036.637   -1537.448         133.439      -6.413              34              50
  238          40.779     222.678        -764.066    -228.356             238             150
  177         210.715     577.154        -498.067     700.365             177             122
   42         624.694    1923.104         588.853     245.608              42              52
   74       -1581.600   -1374.753          -4.802    -531.858              74              70
   69        1125.705   -1008.355         -42.104    -136.395              69              65
  124         516.294    -339.033        -170.205    -739.963             124              95
  100        -592.013     782.203       -1134.906    -137.763             100              81
    5        -660.840    1690.052        -236.438     976.364               5              36
  173         376.945     735.795         658.447    -103.257             173             117
  162       -1718.459    -167.574        -310.771    -328.162             162             114
  103        -387.191    -614.509         185.365     -19.634             103              82
   10        -996.978   -1684.509        -635.876    -739.504              10              38
  133        -307.323     967.186        -861.874    1191.113             133              97
   32         937.143    -607.306        1439.715     435.711              32              49
  112        2658.661   -1797.565         -37.969   -1065.655             112              87
   99         301.935    2778.474        -228.232     -12.182              99              83
   84       -2196.202     403.450        -578.274    -148.093              84              73
   56        -287.486      -8.619         359.826    1006.807              56              61
   50        2097.085   -1051.986         640.308    -787.227              50              56
   30        -671.502    1698.575        -350.950     336.076              30              48
    8         951.772    -338.517         892.625     -39.945               8              35
   61         161.524     910.929         575.724    -381.617              61              64
    4        -563.649   -2189.070         480.634   -1133.438               4              33
    3         788.128    -925.290        -223.786    -525.984               3              35
  119         868.518    -682.947         133.283   -1063.458             119              90
  235        -301.856     923.357        -565.172    -248.383             235             151
   41         316.096    -900.086         584.447   -1223.575              41              51
   68       -1423.204    -150.350       -1706.019   -1236.479              68              67
   10       -1849.250    1221.347        -848.783     361.800              10              36
  156       -1270.659     345.007        -600.708     198.041             156             111
  197        -105.753      32.733         361.340      46.848             197             129
   96        -746.667    -926.424        -632.923    -943.180              96              81
  221        -486.796     982.003        -847.907     516.058             221             141
  140        -264.013    1652.565         598.128     215.212             140             103
  242       -1008.247   -1787.280         172.300   -1215.020             242             152
  213        -718.100    -330.404        -888.296    -841.159             213             140
    8       -2152.125    -684.351       -1015.851    -851.621               8              35
   45       -2378.060     416.317       -2091.844      53.894              45              56
  136       -2968.485    1172.462       -1135.267    1561.537             136              99
   46        1645.428     -33.554         652.266    1438.723              46              56
  148        1247.365    1336.407         862.817    -796.835             148             105
   29       -3926.000      -0.830       -1170.000       0.000              29              36
  159        1248.132   -1336.131         862.808     796.838             159              34
  213        1644.987      34.069         652.270   -1438.720             213              36
   93       -2968.574   -1173.431       -1135.264   -1561.539              93              34
   32       -2377.911    -416.884       -2091.844     -53.898              32              36
   29       -2152.076     683.796       -1015.854     851.620              29              34
  127        -717.880     330.236        -888.298     841.158             127              36
   64       -1008.555    1786.708         172.296    1215.022              64              34
  181        -263.207   -1652.922         598.128    -215.210             181              36
   69        -486.312    -982.010        -847.906    -516.060              69              34
  235        -746.808     926.268        -632.926     943.179             235              36
   70        -105.656     -32.867         361.339     -46.846              70              34
  164       -1270.504    -345.515        -600.706    -198.041             164              36
  176       -1848.579   -1221.853        -848.781    -361.800             176              34
   44       -1422.715     150.131       -1706.021    1236.474              44              36
  165         316.318     900.245         584.444    1223.577             165              34
  165        -301.101    -923.354        -565.172     248.382             165              36
  146         868.670     683.483         133.279    1063.459             146              34
   35         787.956     925.684        -223.787     525.983              35              36
  160        -564.223    2188.650         480.630    1133.440             160              34
   83         162.118    -911.194         575.724     381.620              83              36
   24         951.798     338.636         892.625      39.948              24              34
  190        -670.732   -1698.809        -350.948    -336.076             190              36
  170        2096.788    1052.755         640.306     787.228             170              34
   15        -287.742       8.349         359.827   -1006.807              15              36
   55       -2195.892    -404.392        -578.275     148.092              55              34
  126         303.401   -2778.123        -228.232      12.182             126              36
   98        2658.197    1798.823         -37.972    1065.655              98              34
  154         936.628     607.559        1439.716    -435.708             154              36
   56        -307.326    -967.171        -861.869   -1191.116              56              34
  179        -997.693    1684.279        -635.877     739.501             179              36
  179        -387.476     614.182         185.366      19.634             179              34
   23       -1718.406     166.729        -310.772     328.162              23              36
  110         377.370    -735.912         658.445     103.259             110              34
  118        -660.188   -1690.248        -236.435    -976.365             118              36
    6        -591.515    -782.093       -1134.906     137.760               6              34
   78         516.412     339.535        -170.207     739.962              78              36
   96        1125.294    1008.892         -42.104     136.396              96              34
  169       -1582.051    1374.023          -4.802     531.858             169              36
  183         625.505   -1923.000         588.854    -245.607             183              34
   45         210.905    -576.804        -498.067    -700.365              45              36
  144          40.827    -222.268        -764.067     228.355             144              34
   81        1035.822    1538.031         133.438       6.414              81              36
  219       -2526.926    -388.145       -1312.466   -1060.835             219              34
   68       -2327.543     990.924       -2102.183    1538.670              68              36
   87         495.518    1817.860          22.215    1712.761              87              34
  103         214.018    2099.637         343.134    1493.985             103              36
   63        1296.175     273.431        1314.579     237.033              63              34
   42         111.794     594.266          -9.269    -333.837              42              36
   40       -1267.872     302.222        -303.625    -501.412              40              34
   23       -3066.090     704.666       -1760.926     737.884              23              36
  248        -518.178     995.410         -31.830    1804.736             248              34
  153        -271.163    1425.575         127.107    1434.458             153              36
  203         853.754      10.890        1188.775    1210.288             203              34
   32        1837.760     983.221         864.799     714.305              32              36
   54         700.290     -31.534        1550.264    -130.412              54              34
   43         304.488    -500.724        -317.751    -150.543              43              36
  151         702.952    1098.436        1185.217     528.165             151              34
   30        -101.368    -816.408        -380.082    -466.919              30              36
  146         466.907    2621.205         866.158    1563.218             146              34
  189         982.539   -1075.838        1659.480    -620.485             189              36
  222         236.838    -252.771         451.797    -950.206             222              34
  221       -1994.552    -691.265        -453.681    -164.072             221              36
  209        1535.972    -812.289        1270.986     194.931             209              34
  228          41.163   -1488.157        -141.643   -1687.522             228              36
  234       -1034.376     477.093        -657.698      98.606             234              34
  105       -1643.901      18.117        -544.962      44.917             105              36
  175          22.827    -207.253         761.577     777.379             175              34
   43        -144.830   -2196.279        -225.727   -1380.486              43              36
  218        -662.921    1333.886        -650.662    1660.459             218              34
   37        2047.242   -1207.866        2272.393    -553.728              37              36
  110        -233.494   -2850.510        -807.272   -1955.967             110              34
  113        -133.895     725.193       -1140.263     200.369             113              36
  210       -1204.789     602.136        -305.204    -154.300             210              34
  199       -1944.735    -334.140       -1461.567     539.005             199              36
  165         939.439    1148.380         929.450    1442.751             165              34
   13         103.717   -1993.747        -222.635   -1302.781              13              36
    0        -693.460    2160.302       -1083.294    1694.929              -0              34
   74        1138.361     276.605        1237.780     435.663              74              36
   66          71.375    1292.813         143.429     382.948              66              34
   35        -260.977    -966.100        1185.971    -352.268              35              36
  152         -20.279   -1177.946        -375.361    -651.328             152              34
  182        -647.032    -551.099         306.060     -55.929             182              36
  100         444.005   -2224.578        -236.684   -1011.801             100              34
  220       -1103.340    -432.078       -1212.393    -322.104             220              36
  154        -105.084    -201.314        -863.583     576.902             154              34
  162         -38.448     703.078        -511.018     341.116             162              36
    4        -443.393     267.141        -964.060     689.718               4              34
   50         730.133    2300.615        -370.212    1700.880              50              36
  247        1856.860    2314.435        1300.214     872.551             247              34
  103       -1822.308    1278.240        -502.259    -646.134             103              36
  187       -2656.005    1741.273        -625.109    2178.312             187              34
   35        1198.922     261.176        1934.341     881.836              35              36
  211        -280.488   -1483.820         604.313    -416.074             211              34
   30         416.179    -859.638          62.591     142.155              30              36
  217         646.805     365.483         644.127     602.049             217              34
  253         193.150   -1255.974         418.274    -655.015             253              36
  252        -245.856    -230.163        -465.765     984.894             252              34
   22        3289.551    -131.353        1646.093     150.972              22              36
   62        -112.155     576.313        -418.300    -660.213              62              34
  225        -212.523    1321.444         351.899     950.999             225              36
  247         218.816    -233.122         935.614     -21.762             247              34
  222        1030.988    -902.685         735.557    -433.106             222              36
  235        -742.608     -59.469          43.355    -581.328             235              34
  215        -406.556   -2167.156         164.573    -366.224             215              36
   81         629.507   -1066.444        -749.468    -537.215              81              34
  227          94.732    1348.230        -598.356     961.037             227              36
  155         -10.639    1657.061         512.611     831.666             155              34
    8         680.510   -1382.772         937.188     285.530               8              36
  240        2594.782     440.460         456.948    -439.051             240              34
  103       -1159.633    1485.982         256.893     148.169             103              36
  115         -53.604   -1335.030         428.613    -465.940             115              34
   49          66.177     -65.072        -318.336     400.764              49              36
  254        2189.772    1299.760        1607.473     349.503             254              34
   34       -1187.350   -1964.202         488.371   -1927.944              34              36
    8        -241.708   -1589.130       -1157.007    -329.869               8              34
   51         194.715    1107.417         -70.474     114.490              51              36
  193        -658.120     562.796        -504.585     318.319             193              34
   12         -86.060    1334.456        1088.768     578.259              12              36
   14        -874.903   -3293.036         196.210   -1684.597              14              34
  211        -523.716    -490.756       -1582.084     418.730             211              36
  155        1494.453    1367.257         717.946     907.877             155              34
   48        -378.032     676.726          25.576    -219.049              48              36
  248        -163.110     234.217         756.326     829.844             248              34
  220        2318.667   -1581.298        1377.835   -1207.517             220              36
  241       -1132.710     279.359        -608.661   -1254.362             241              34
   68       -2185.500   -1228.745        -490.990    -338.681              68              36
  212        -108.718   -1004.872        -503.873    -286.604             212              34
  123       -1069.896    -234.206        -540.000    -194.000             123              36
   34       -1116.069    -115.369        -635.755     449.136              34              34
   10         101.498   -1236.066         378.036      87.042              10              36
  215         513.377    -316.148        -650.033     -26.795             215              34
   58         349.935     467.248        1011.141     395.702              58              36
  190          57.555   -2777.061        -488.253   -1960.512             190              34
   93       -1887.625     639.640       -1417.989     494.533              93              36
  197        -438.268   -1932.147        -669.091    -407.276             197              34
  183        -494.327    1319.673       -1428.729    1482.136             183              36
  223        1536.755     100.414         923.557     575.253             223              34
  148         677.388     425.283        -464.062     -18.668             148              36
  241        -390.333     614.557         -74.613    -195.223             241              34
  244       -1848.892    -296.608       -1639.061     606.004             244              36
   84        1767.019    1828.249         430.380    1681.253              84              34
  254         219.925     579.890         362.525     149.905             254              36
   87        1191.773     521.854         -12.451     452.430              87              34
  122         339.176    2486.274         333.564     723.798             122              36
   24          44.948     116.606         801.515    -458.621              24              34
   97       -1705.362     166.853        -788.410    -318.203              97              36
  115       -1305.227    -346.117        -491.354      47.278             115              34
   65       -1497.255     799.020       -1236.303    1262.114              65              36
  247        1119.897     808.063        1029.420     832.190             247              34
  153       -1774.551     548.096       -1245.500     692.674             153              36
  222        2389.299    1920.588        2232.376    2079.047             222              34
  148        -253.007   -2504.235         475.153   -2192.377             148              36
  205        -335.081     107.094       -1294.382     870.621             205              34
  119         -54.578    1673.162        -259.430     819.536             119              36
  183         874.253    2446.860         676.618    2001.311             183              34
  140         486.885     759.572        1641.210    -218.804             140              36
   60        -156.405    -564.739         219.369      64.780              60              34
  131        -244.804    1018.318         688.629      34.961             131              36
   17        -904.102   -1700.248         608.331    -264.257              17              34
   51          18.899   -1367.920        -501.576    -608.080              51              36
  184        -242.779    1437.639         -26.895    1258.662             184              34
  192         -94.524    -963.642         954.821    -436.816             192              36
   52          13.558    -974.154        -545.447     281.786              52              34
  125         806.706    1564.101         793.195     580.056             125              36
  255        -810.452   -1119.857         594.147    -318.890             255              34
  222          -2.695   -1265.767        -173.068    -450.387             222              36
  118       -1011.059     641.842        -310.644     730.621             118              34
  254        -195.427   -1222.754        1034.538     384.634             254              36
   87        1285.120   -2970.573         492.145    -758.958              87              34
  229         563.184   -1179.391        -508.383    -458.442             229              36
  225         349.244    -296.212        -524.732     326.131             225              34
   58         330.077     136.313        -212.993     771.534              58              36
  252        2452.434       9.459         664.707     658.463             252              34
   98        1037.417    1118.094         243.985      94.774              98              36
  249        1351.502     303.371         798.123     477.518             249              34
   73        1004.159     227.719         324.780    -683.164              73              36
  110        -348.140     811.192        -203.570     454.806             110              34
   43         428.157     267.604         540.964     302.965              43              36
  181        1626.772      46.018         728.419     281.114             181              34
  197        1277.011     722.100         928.696    -313.217             197              36
  170        1216.706    -371.687        1005.664    -805.978             170              34
  238        -728.870    -698.327        -333.125   -1736.739             238              36
  175        -970.320     333.793        -905.395     -25.212             175              34
  237       -1624.913     723.897         -15.439    -489.627             237              36
   90       -1588.710   -2468.478        -929.016    -576.652              90              34
   49        -527.479    1634.359       -1186.169     512.578              49              36
  144       -1269.631     -97.140         517.825     495.032             144              34
  116        -833.233   -2025.441       -1439.268   -1168.268             116              36
  154       -1156.264    2472.774       -1192.414    2334.034             154              34
  206         584.089     109.257         756.719     -91.246             206              36
  221       -1848.305    1050.227       -1463.873    1258.990             221              34
  231         717.003    1377.927         941.643    1424.479             231              36
  157         385.611     650.602         293.840     987.478             157              34
  124        1378.474    1265.319        1474.607     396.682             124              36
  227        -973.913     382.062         121.866     173.396             227              34
  156         139.938     360.531        1603.343     295.690             156              36
    6       -1025.491   -2849.288         352.038   -1264.599               6              34
  167        -644.110   -1699.120        -221.739    -452.213             167              36
    1        -742.195   -2348.037        -693.175    -175.859               1              34
   97        1276.824    -490.404         -78.250     509.074              97              36
  137         821.876    -609.921         -22.273      55.779             137              34
  248        1427.318    -158.157         122.964     -52.935             248              36
    5         423.852     459.300        -811.060    -344.115               5              34
    0       -1961.052    2630.210        -934.026     896.616               0              36
   94       -1189.416    -410.181        -337.541    1470.156              94              34
    6        3051.580    2427.884        1235.432    1528.881               6              36
  224        -368.368     298.725        1347.099    -365.283             224              34
  188         990.051   -1309.567         412.845    -532.767             188              36
   62        -896.223     692.194        -466.408    -859.940              62              34
   61       -3002.758     629.086       -1002.013     908.838              61              36
  191         247.553    -459.402         824.805     507.592             191              34
   18       -1742.609    -937.841        -509.059    -385.382              18              36
    4        -424.568   -1156.247        -299.735     942.597               4              34
   98         660.150     111.625         294.821      97.456              98              36
   50       -1852.733   -1365.348        -881.032     225.698              50              34
  105         953.242     239.232        -344.088    1606.275             105              36
  234        1761.632     917.856         752.712     949.525             234              34
  233         494.711    1814.439         414.421     666.937             233              36
   61       -1410.646    -162.059         571.810     309.497              61              34
  209        -411.990   -1451.444        -140.724     682.844             209              36
   41        1960.832    -629.138         830.621     929.051              41              34
   21        1936.214     698.428         471.985     356.559              21              36
   83          44.348    1207.416         670.155     647.504              83              34
   13           3.868    -397.142         646.075     547.099              13              36
  209        1529.697    -814.923        1163.754     501.306             209              34
  245        2512.913    -402.278        1342.622    -102.466             245              36
  133         677.933    -552.747         588.912   -1314.898             133              34
   97       -1979.605     307.162        -821.664     750.414              97              36
   98        2859.795   -1216.544        2400.269      34.321              98              34
  198        -715.519   -1595.603        -573.353   -1990.977             198              36
   98       -1075.467   -1480.659        -232.914     -13.921              98              34
   96        -283.233   -1627.381       -1330.921    -502.680              96              36
    5         608.406    1526.517          87.736    1248.532               5              34
   19       -1060.847    -569.990        -358.428    -400.383              19              36
   90         -58.349     -89.146          39.065     598.105              90              34
  131       -2557.535    -795.212       -1497.768     -87.798             131              36
  180        1161.462     779.337         712.630    2613.825             180              34
  220         314.581   -1711.708         849.357   -1375.930             220              36
  221        -700.511   -2467.912       -1187.096     387.985             221              34
    3          26.803     907.362       -1580.383     671.380               3              36
   23        -212.709    2558.238         533.109    3236.933              23              34
  160        1130.519   -2489.571         985.610    -670.381             160              36
  240        1518.740     632.994        -572.681    1678.316             240              34
  179        -727.481    1435.226          30.716      93.152             179              36
  134       -1069.641     264.022        -383.519    2898.882             134              34
   20        1595.760    -110.865        1449.240     350.422              20              36
  190        -240.179   -1032.936        -149.871    2043.317             190              34
   74        2163.538    -541.143        1305.584     345.205              74              36
  229         538.127   -1456.969        -254.076    1937.307             229              34
  151        3030.857     586.256        1152.865     813.382             151              36
  193         851.194    -782.389         111.775    1680.643             193              34
  187        -668.050    1717.939        -916.562    1463.943             187              36
  196        2106.929     416.810        2147.321    5337.992             196              34
  134       -3254.821   -2013.906       -1450.481   -1303.481             134              36
  225         732.936   -1589.582        -252.240   19349.202             225              34
