SINAL     NFT                         FFT                         NFT INVERSA     FFT INVERSA
-----     -----------------------     -----------------------     -----------     -----------
   24       65421.000       0.000       32861.495       0.000              24              43
  130         552.604    1552.823          78.816  -19090.063             130              98
  128        -595.730     125.979        -644.411    -139.778             128              95
  217         -35.670    1173.561        -482.222   -5279.400             217             142
  171        2569.615    1835.017        1418.827    1066.094             171             117
  208         974.112     -81.743        1233.990   -5662.688             208             137
  218       -3084.636    -409.378       -1932.889    -730.493             218             140
  145        -233.709     829.285        -251.886   -1497.722             145             106
    2         447.360    1305.543         259.045     331.457               2              32
   18        -728.741      54.722         496.314   -2151.935              18              42
  197        -417.715    -543.942        -580.632    -239.748             197             130
   14        -690.247     993.830          39.866    -866.763              14              40
    0         694.061    -675.281         318.796     127.765               0              31
    1         528.220    1258.628         376.375   -1127.567               1              34
   91        -984.670    -578.741         226.439    -279.615              91              77
  109           1.087    -931.407        -180.740    -913.941             109              88
  190        1511.844     221.883         455.828     386.256             190             126
   63         700.338     504.410         454.428   -1105.965              63              65
  198          67.929    -398.663         175.174    -200.465             198             130
  242         520.671      56.641        -359.589    -674.988             242             154
   39         967.077    2135.757         677.922    1167.443              39              51
  187        1374.517    -848.103        1430.051   -1161.838             187             127
  198        1770.466     586.585         215.386    -364.844             198             130
  130         -55.061    1237.047         770.993    -638.138             130              98
   86        1568.767    -361.256         900.894    -536.829              86              74
  245        -403.602     859.710         271.918   -1385.319             245             156
   31          28.136    -363.756         459.878     -31.760              31              47
   33         964.198      90.077         785.465   -1529.407              33              50
   94       -1006.579     113.824         -98.255    -469.509              94              78
  207         127.894    -531.325         668.000    -942.811             207             137
   34        1007.010    -200.453         436.168    -584.043              34              48
   97        -172.777     691.421         857.895   -1632.422              97              82
  223       -2359.725   -1789.603        -424.717   -1295.435             223             143
  230        -144.359    -972.676         343.654    -878.993             230             148
   76        -615.508   -2964.104          25.865   -1990.229              76              69
   39        -393.715   -1109.941       -1632.205   -1041.105              39              53
  196        -173.995    1855.604         156.478     202.702             196             129
   36       -1912.814   -1658.850        -344.708   -1358.354              36              51
  141         691.549    -554.292         308.839      81.683             141             102
   99         243.302   -2620.361         320.948   -2876.026              99              83
  105       -2155.504    -835.997       -2527.284   -1056.299             105              84
  128       -1698.592     540.032       -1229.284    -186.500             128              97
  150       -1999.553    1318.392       -1601.911     834.794             150             106
  229        -817.566     582.493         811.692     767.208             229             148
   60         249.127   -2346.231        -158.008   -1142.728              60              61
  143       -1281.971     424.240        -858.705     144.768             143             105
    2         200.990   -1324.826          81.651     -65.716               2              32
  206         210.569    -579.520        -466.487    -119.303             206             136
  212        2136.087    -124.667         324.376     -79.528             212             137
  149        -493.773    1379.948        -524.946    -509.144             149             108
   23         370.828    -131.795         618.709      62.160              23              43
   18        -505.769   -1211.533        -666.920   -1967.687              18              42
  253       -1348.811    1035.435       -1679.269     766.921             253             158
    2        -266.518    2022.411         482.438     304.699               2              34
   93       -1576.337   -1648.460        -143.297    -517.964              93              78
  205         424.145    -712.563        -707.567    -375.815             205             136
  207         -81.381    1447.295        -250.795     389.344             207             135
   93       -1321.968      61.097        -290.209    -603.163              93              80
   60       -1344.585    -286.152        -750.179     511.409              60              61
   86         688.002      86.589         173.217     108.551              86              76
   40        -238.308     614.975          83.797    -147.586              40              51
   34       -2296.993   -1432.234        -860.512    -945.433              34              50
  136        -983.736     -91.137       -1583.292    1460.087             136              99
  111        1561.783    1867.005         964.171    1755.568             111              89
  124        3040.433    -277.982        2133.268     327.142             124              93
   56        2181.402   -1094.469        1255.395   -2253.150              56              61
  251       -1092.447    -989.238        -988.105   -1330.856             251             157
    1        -966.126     -29.642       -1101.181    -900.561               1              34
  162       -1780.368     829.545       -1260.885    1065.691             162             112
  160        2017.082     360.074         960.104     -96.212             160             113
   89       -1801.931     984.916        -975.433    -354.843              89              76
  162        -248.401    -456.468         553.586     186.337             162             114
  152        -480.296   -1385.584        -949.052   -1105.905             152             107
   46        -365.320    1277.188        -928.283    1054.103              46              56
  209         539.373    1504.925         466.998     329.799             209             136
   18        -978.735     -49.856          34.847     155.369              18              42
   44        1867.027    -495.106         931.332    -457.046              44              53
   47       -1751.939    -769.989       -1096.391   -1615.952              47              57
    1        -833.131     414.732       -1280.831     946.302               1              32
  214         126.942    1493.617        -150.107      58.193             214             140
  196       -1434.241    1439.361        -522.820     991.340             196             129
  179         -63.270      80.901         552.291    -149.342             179             123
   30       -1382.263      -3.803        -784.632     406.786              30              46
  137         616.613      92.362         338.942     438.272             137             102
  234         375.070    1209.273          15.986     723.463             234             148
    1         708.157     187.049        1204.779    -409.093               1              34
   20       -1314.541    -602.441        -800.706    -491.707              20              41
  114         305.864      85.215         202.151     254.156             114              90
  239        -577.255     803.237        -438.672      -1.846             239             151
   58        -961.872    -320.079         263.268     113.057              58              62
   67        -124.702    -510.352        -679.869     180.550              67              65
   51         674.931     768.593         520.090     645.351              51              59
   16         489.702     605.100          10.008      44.165              16              39
  166        -499.516     287.214         567.204     -75.021             166             116
  170        -729.409    -417.604        -947.666      67.879             170             116
  243         504.371    1428.424         992.934    1387.577             243             155
  238        1619.880   -1040.904         811.114    -723.052             238             150
  243        -603.067     832.630         196.572      21.848             243             155
   21         606.975   -1358.285         408.042     -78.319              21              42
   43        1637.909    -104.473         947.145    -483.051              43              55
   17         546.135   -1073.871        -383.539   -1189.449              17              40
   51        -544.582    1568.992        -382.822    -170.428              51              59
  200       -1698.843    -339.250       -1031.183     -14.876             200             131
  155         703.053    2033.125         399.485    1384.554             155             111
  161         661.414     -25.683         949.358    -396.522             161             112
  220        -155.977     276.617         247.861    -611.692             220             143
  121       -2245.030    -139.659       -1140.995    -103.105             121              92
   72         814.144    1117.698        1066.551    1856.712              72              69
   71        2499.854   -1056.086        1452.721   -1356.920              71              67
  252       -1064.954    1427.695          23.899      76.433             252             159
  167         981.470   -1574.985        1235.888    -968.057             167             115
   84       -1037.892     497.569         209.338    -927.919              84              75
  164       -1482.433   -4562.952         207.848   -1749.794             164             113
   89        1770.039   -1531.590       -1068.845    -850.397              89              78
  228        -520.849     508.165        -844.534   -1170.979             228             145
   78       -2378.108    2150.703       -2167.915    1136.462              78              72
  131         773.546    2193.368        1974.097    1189.323             131              97
   75       -1197.927   -2445.904          92.176   -2229.807              75              71
  252       -1880.919    -256.306       -1070.640     -82.807             252             157
  239       -1903.031   -1582.386        -411.869    -512.610             239             153
  163         159.674   -1778.343        -866.090     315.754             163             113
  225        1463.391     984.614          80.675       9.198             225             146
  209        -890.465     805.165        -394.284     135.655             209             136
  190          61.224    -114.259         711.066    -494.111             190             128
  238       -2536.599   -1981.987       -1487.912   -1415.169             238             150
   29       -1418.647    -292.295       -1435.575    1230.458              29              48
  143        2315.044     753.514         167.430     849.175             143             103
  184        -167.787    2524.327         573.572     318.088             184             125
  194        -757.832   -2107.089         -45.000    -638.000             194             128
  232         883.843    1768.275        -121.342     473.897             232             149
  139        -687.194   -1084.668         747.359    -886.948             139             101
   49          42.956    -777.194       -1044.425   -1265.097              49              58
   97       -3373.069    1457.326       -1583.201      55.526              97              80
  234       -1784.926    -126.003        -576.029     607.434             234             150
  243       -2190.368    -214.006       -1235.625     -12.448             243             153
   50       -1988.664     885.587        -559.366    1715.629              50              58
  215        -805.248   -2526.761        -133.338    -137.664             215             139
   75         677.896     791.189       -1078.832    2028.552              75              71
  144        1433.004    1050.755        1238.937     676.821             144             103
   86        -328.307     485.299        -629.600    1466.306              86              76
   70        3946.040    1228.909        2724.583    1133.680              70              66
   42         637.054    -240.262         521.863   -1233.527              42              54
  229         -34.355     -95.349         709.582      -3.840             229             146
   41         323.488    -836.365        -101.447    -843.668              41              54
  231       -1346.005     642.709          -5.770      10.639             231             147
  125       -1328.378   -1767.977        -744.309     256.237             125              96
  164        2595.817    1359.320        1540.376    1453.405             164             113
   65         761.550   -2625.092        1331.518   -2036.459              65              66
   63         -98.144   -1042.386       -1044.958    -433.557              63              63
   40         648.803    -556.254         739.163    -241.500              40              53
  186         759.896   -2036.033        -654.584   -1599.641             186             124
  176       -1625.654    1179.787       -1390.115     289.820             176             121
    5         254.504   -1063.354        -213.000    -127.998               5              34
  228       -1075.336    1347.062       -1692.963     475.005             228             147
  238         312.357    1556.269         351.313    1490.846             238             150
   66       -1002.686     694.000        -415.372      -0.869              66              66
   93        -510.979     195.690           5.889    1771.575              93              78
  140        2299.723     423.951         989.675     565.245             140             103
   77        1312.210     611.410         950.156     746.117              77              70
   39        2125.532     381.179        1244.693    -375.134              39              53
   35          11.548      -5.497         587.865    -280.396              35              49
    5         732.879    -886.722         564.362    -790.641               5              36
  194        -285.732   -1114.846        -384.360    -518.643             194             128
  119        1062.464    1028.247        -452.645     531.518             119              93
    9         799.091    2321.659        1281.663     951.780               9              36
   87         488.074   -1221.077        1125.081   -1314.345              87              77
  138        -531.949    -384.656        -112.247    -148.962             138             100
   19         970.091   -1105.057        1089.266   -1166.458              19              43
  198       -2407.868   -1979.384       -1563.107   -1070.202             198             130
   16        1494.084     560.330         129.914    1593.301              16              41
   68        2269.025    -302.496        1872.713    -922.902              68              65
  194         -10.063   -2322.397        -531.239   -1877.698             194             130
  216        -439.043     695.276       -1112.972      61.209             216             139
   96         790.325     370.216         733.076     303.436              96              81
   30         931.586   -1861.325         225.191   -1939.292              30              46
  207       -1135.152     318.195       -2038.928    -337.809             207             137
   70         579.427    2409.258         164.278     722.466              70              66
   70       -2053.977     758.787        -520.162    -782.900              70              68
  143       -2179.543    -575.924        -559.507     462.084             143             103
   29         447.406    -792.298        -325.673    -150.820              29              48
   16        -606.268    1068.671        -179.642     598.582              16              39
  249         375.782   -1336.297         322.336    -538.960             249             158
  100        -434.726     -84.785        -922.834    -434.726             100              81
  100       -1285.645     415.440       -1051.076     482.728             100              83
   87         400.727     889.828        -130.192    1088.786              87              75
   67         381.926    1103.640         -59.566     346.364              67              67
  230        -390.603    1874.414         358.526    1448.108             230             146
   92        1853.700   -1027.257        1763.389    -432.218              92              79
    8        -165.384    -427.735        -434.014    -937.311               8              35
  225        -315.658    -128.285          85.843     253.643             225             146
   50        1216.396    -875.117          32.916    -696.467              50              56
   47        -772.995    1594.250        -950.792     151.095              47              57
   91        -366.516     799.847         328.731     855.141              91              77
  226        1074.570      93.943         211.631    -394.011             226             146
   49       -1276.197    2426.667        -266.742     776.221              49              56
  206        -275.865    -475.391        1458.542     128.587             206             136
   37         166.111   -2820.243          67.120   -1468.367              37              50
  199         100.553     339.631        -993.998     172.832             199             133
    3         156.857    1250.569         582.949     294.413               3              33
  214       -1128.531    -732.880        -469.180    -560.160             214             140
  200        -346.220     572.320         104.867     885.523             200             131
  107         538.459   -1106.126         514.984    -488.128             107              87
  215         234.829    -186.723         236.312     324.622             215             139
  141        2008.639   -2099.362         721.519   -1300.701             141             104
   80        -191.073    1125.555       -1268.505    -449.524              80              71
   23       -1362.174    1051.764        -350.277     177.701              23              45
   57       -1164.933     633.487        -539.428     981.397              57              60
   25        1848.982    -132.654        1641.376     219.591              25              46
  148        -607.673   -1463.329        -303.090   -1416.677             148             105
  155         511.983    -940.709        -549.822     327.146             155             111
  121        2107.768    1898.871         307.308     -46.381             121              92
   86       -1552.086     652.322         -96.426    -744.325              86              76
  246       -1685.350    -263.704       -1176.073    -110.207             246             154
  154        -901.637     991.251        -583.180     964.444             154             110
  103         223.310    1523.183         270.924    1327.165             103              83
  254        1280.415     358.114        1563.757     390.337             254             160
  246        1067.223     -57.818         892.098    -579.433             246             154
   30        -151.533   -1077.960         779.236   -1192.929              30              48
   43        -633.927    -978.450        -953.519    -905.677              43              53
    6        -954.088     874.974         136.992     170.816               6              36
  242        -956.879   -1799.397        -292.056    -546.194             242             152
    3         892.072    -848.286         406.919    -356.473               3              35
  192        -798.376   -1448.541       -1514.861   -1169.588             192             127
  176         106.908    2881.034        -460.747    1574.547             176             121
  245       -1747.670     -90.315        -122.260    -572.778             245             154
  137        -445.386    1009.589        -270.635    2152.296             137             102
   72        2401.002    -538.103        2334.870    -727.574              72              67
  214        -990.132    -927.074        -554.447    -249.963             214             140
   60        2224.682   -1397.724        2011.508    -712.495              60              61
  240         -22.890   -3357.287       -1170.398   -2113.205             240             153
  188        2048.989    1801.808        -252.086     296.474             188             125
   46       -1420.262     645.534        -231.265   -1184.935              46              56
   32       -1244.955    -871.751        -826.322    -523.227              32              47
  158       -1317.377     275.105       -1101.415     -18.254             158             112
  154         681.385     -67.684         410.594     128.843             154             108
   86       -1232.840    -627.048       -1256.907   -1632.895              86              76
  165       -2667.101    1004.238       -1849.830    1113.022             165             114
  105         208.657     835.354        -289.787     804.038             105              86
  241        -697.146    2019.358          15.479     994.556             241             152
    3        -656.777   -1329.709         337.690    -333.230               3              35
   36          10.949     223.486        -904.651     454.416              36              49
  121         -14.811    1044.446         546.280     811.727             121              94
  178        1065.938   -1335.399         281.924    -535.369             178             120
  135        -248.026    1068.694        -806.603     157.160             135             101
    3         921.355     463.500         478.382     526.364               3              33
  204         309.682    1219.731        -765.475    -624.836             204             135
   55       -1766.806    3705.432        -298.145    1796.547              55              59
  200        -643.618     -11.049        1072.096    -229.333             200             133
  110       -1132.174     213.552        -136.407     907.388             110              86
  134        2187.091    -684.057        2174.579    -630.103             134             100
   17       -2135.409   -1689.547       -1094.653   -1775.719              17              40
   59        -737.060     -61.089        -613.905     794.142              59              63
  227         448.782     109.496         496.005    -129.612             227             145
  198        -567.259   -1237.823        -318.173    -811.501             198             132
   57       -1023.814     729.832       -1209.802     347.774              57              60
   63        -393.359    1079.082         273.377    1121.465              63              65
   94        1027.000       0.033         945.000       0.000              94              34
  188        -393.188   -1079.334         273.373   -1121.465             188              36
  218       -1023.616    -730.014       -1209.802    -347.776             218              34
   69        -567.574    1237.694        -318.177     811.501              69              36
  108         448.798    -109.433         496.005     129.613             108              34
  187        -737.218      60.890        -613.903    -794.143             187              36
  126       -2135.723    1688.706       -1094.657    1775.717             126              34
  156        2186.977     684.363        2174.577     630.109             156              36
   43       -1132.293    -214.395        -136.406    -907.388              43              34
   76        -643.639      10.232        1072.094     229.337              76              36
  167       -1765.345   -3706.295        -298.140   -1796.547             167              34
  203         310.461   -1219.400        -765.477     624.835             203              36
  130         921.628    -463.019         478.382    -526.364             130              34
  115        -247.607   -1068.516        -806.604    -157.161             115              36
  172        1065.476    1335.853         281.924     535.369             172              34
   67         -14.629   -1044.487         546.281    -811.725              67              36
   57          10.841    -223.326        -904.650    -454.417              57              34
  209        -657.389    1329.348         337.688     333.231             209              36
   81        -696.537   -2019.745          15.481    -994.556              81              34
   16         208.721    -835.119        -289.786    -804.037              16              36
  162       -2666.836   -1004.825       -1849.827   -1113.025             162              34
  220       -1232.708     626.913       -1256.912    1632.892             220              36
  190         681.524      68.033         410.595    -128.842             190              34
   65       -1317.241    -275.362       -1101.416      18.251              65              36
  239       -1244.973     871.422        -826.323     523.226             239              34
  127       -1419.449    -645.988        -231.268    1184.935             127              36
  154        2050.054   -1800.595        -252.085    -296.473             154              34
  154         -23.774    3357.702       -1170.403    2113.201             154              36
  122        2224.251    1398.327        2011.506     712.500             122              34
   66        -990.431     926.501        -554.447     249.960              66              36
   32        2400.739     538.560        2334.868     727.580              32              34
   16        -445.456   -1009.967        -270.628   -2152.297              16              36
   58       -1747.758      89.553        -122.261     572.778              58              34
  178         107.966   -2880.796        -460.743   -1574.549             178              36
  220        -798.753    1448.707       -1514.865    1169.585             220              34
   71         891.799     848.713         406.918     356.475              71              36
   73        -957.571    1798.925        -292.058     546.194              73              34
   30        -953.678    -875.433         136.993    -170.815              30              36
  243        -633.997     978.239        -953.521     905.673             243              34
   32        -151.549    1077.661         779.231    1192.932              32              36
  160        1067.448      57.804         892.097     579.436             160              34
  189        1280.476    -358.047        1563.758    -390.333             189              36
  234         223.561   -1523.294         270.927   -1327.164             234              34
  111        -901.512    -991.477        -583.177    -964.445             111              36
  154       -1685.374     263.164       -1176.074     110.205             154              34
  115       -1551.372    -652.925         -96.427     744.325             115              36
   43        2108.767   -1897.918         307.307      46.380              43              34
  215         511.623     941.257        -549.820    -327.146             215              36
  187        -608.058    1463.118        -303.092    1416.676             187              34
  230        1848.872     133.052        1641.375    -219.585             230              36
   53       -1164.937    -634.026        -539.425    -981.398              53              34
  169       -1361.650   -1052.180        -350.276    -177.700             169              36
  181        -190.282   -1125.248       -1268.504     449.522             181              34
  230        2008.092    2100.264         721.516    1300.703             230              36
   60         234.659     186.757         236.313    -324.622              60              34
   62         537.951    1106.179         514.982     488.129              62              36
  209        -346.206    -572.569         104.868    -885.522             209              34
  144       -1128.745     732.365        -469.183     560.158             144              36
   83         157.412   -1250.584         582.949    -294.409              83              34
   28         100.716    -339.323        -993.996    -172.835              28              36
  119         165.151    2820.230          67.116    1468.367             119              34
  173        -276.080     474.704        1458.543    -128.582             173              36
  203       -1275.218   -2427.372        -266.740    -776.220             203              34
    4        1074.755     -93.588         211.633     394.012               4              36
   85        -366.261    -800.048         328.732    -855.142              85              34
  251        -772.257   -1594.315        -950.794    -151.099             251              36
  227        1216.241     875.747          32.913     696.468             227              34
   55        -315.687     128.207          85.843    -253.643              55              36
  216        -165.324     427.662        -434.016     937.310             216              34
  136        1853.354    1027.580        1763.387     432.222             136              36
  252        -390.132   -1874.805         358.529   -1448.106             252              34
   55         382.226   -1103.445         -59.566    -346.365              55              36
   47         400.802    -889.507        -130.191   -1088.786              47              34
  239       -1285.636    -415.605       -1051.075    -482.730             239              36
   33        -434.669      84.919        -922.835     434.726              33              34
   33         375.322    1336.452         322.336     538.962              33              36
   50        -605.963   -1068.856        -179.641    -598.584              50              34
   37         446.966     792.556        -325.675     150.820              37              36
   12       -2179.856     575.043        -559.505    -462.084              12              34
   19       -2053.351    -759.693        -520.164     782.899              19              36
  160         580.617   -2408.887         164.280    -722.465             160              34
  227       -1134.680    -318.032       -2038.929     337.803             227              36
   15         931.376    1861.873         225.188    1939.294              15              34
   81         790.600    -369.924         733.077    -303.433              81              36
  191        -438.633    -695.075       -1112.969     -61.211             191              34
  190         -10.440    2322.594        -531.244    1877.694             190              36
   56        2269.120     303.152        1872.711     922.907              56              34
  191        1493.957    -559.670         129.918   -1593.301             191              36
   67       -2408.572    1978.700       -1563.109    1070.200              67              34
  159         969.949    1105.185        1089.264    1166.461             159              36
  139        -531.923     384.250        -112.248     148.962             139              34
   41         487.928    1220.806        1125.078    1314.348              41              36
  225         800.046   -2321.681        1281.665    -951.778             225              34
  179        1062.825   -1027.662        -452.643    -531.519             179              36
   79        -286.052    1114.922        -384.361     518.643              79              34
  233         732.719     886.835         564.361     790.642             233              36
   61          11.766       5.268         587.865     280.397              61              34
  137        2125.801    -380.653        1244.691     375.136             137              36
  211        1312.312    -611.069         950.157    -746.116             211              34
  203        2299.454    -423.214         989.675    -565.243             203              36
  153        -511.457    -195.924           5.892   -1771.575             153              34
   34       -1002.668    -694.426        -415.373       0.867              34              36
  251         312.719   -1556.080         351.317   -1490.845             251              34
   82       -1074.988   -1347.008       -1692.962    -475.010              82              36
   15         254.088    1063.775        -213.000     127.998              15              34
  138       -1625.159   -1179.951       -1390.114    -289.824             138              36
  112         759.457    2036.659        -654.588    1599.641             112              34
  241         648.647     556.596         739.164     241.503             241              36
  219         -98.436    1042.518       -1044.958     433.554             219              34
  149         760.802    2625.127        1331.512    2036.462             149              36
  129        2595.967   -1358.647        1540.380   -1453.401             129              34
   59       -1329.419    1767.436        -744.309    -256.239              59              36
   16       -1345.763    -643.348          -5.770     -10.639              16              34
  127         323.365     836.359        -101.450     843.667             127              36
   42         -34.233      95.112         709.581       3.842              42              34
  164         637.263     240.188         521.859    1233.529             164              36
  248        3946.237   -1227.784        2724.586   -1133.675             248              34
  167        -328.661    -485.446        -629.597   -1466.310             167              36
  222        1432.919   -1050.205        1238.937    -676.817             222              34
   58         677.436    -790.614       -1078.827   -2028.554              58              36
  227        -806.877    2526.540        -133.338     137.665             227              34
  138       -1988.953    -886.438        -559.362   -1715.631             138              36
  249       -2190.743     213.258       -1235.626      12.447             249              34
   50       -1785.130     125.278        -576.027    -607.434              50              36
  176       -3372.345   -1458.382       -1583.202     -55.528             176              34
  165          43.112     777.400       -1044.428    1265.096             165              36
  252        -687.277    1084.282         747.357     886.951             252              34
  218         884.565   -1767.974        -121.336    -473.894             218              36
  143        -758.503    2106.733         -45.000     638.000             143              34
  250        -166.733   -2524.530         573.571    -318.090             250              36
   65        2315.097    -752.395         167.431    -849.175              65              34
   66       -1419.215     292.214       -1435.573   -1230.461              66              36
   25       -2537.220    1981.219       -1487.914    1415.167              25              34
  237          61.403     114.092         711.064     494.112             237              36
  195        -889.992    -805.484        -394.286    -135.654             195              34
   34        1463.763    -983.789          80.676      -9.196              34              36
  236         158.725    1778.717        -866.089    -315.754             236              34
  226       -1903.810    1581.689        -411.870     512.610             226              36
  254       -1880.908     255.581       -1070.641      82.805             254              34
  219       -1198.420    2445.088          92.171    2229.808             219              36
   19         774.386   -2193.586        1974.100   -1189.320              19              34
   29       -2377.236   -2151.321       -2167.912   -1136.469              29              36
  176        -520.162    -507.777        -844.538    1170.977             176              34
  186        1769.681    1532.752       -1068.846     850.395             186              36
   56       -1483.954    4562.298         207.846    1749.795              56              34
  133       -1037.344    -498.393         209.337     927.918             133              36
   31         981.242    1574.907        1235.885     968.059              31              34
  112       -1064.122   -1428.383          23.899     -76.433             112              36
   49        2499.724    1056.682        1452.719    1356.925              49              34
   94         814.211   -1117.695        1066.558   -1856.711              94              36
  124       -2245.118     138.768       -1140.998     103.102             124              34
  196        -155.561    -276.864         247.860     611.693             196              36
  148         661.594      25.630         949.357     396.524             148              34
  215         703.656   -2032.960         399.489   -1384.553             215              36
   97       -1698.909     338.731       -1031.183      14.874              97              34
  135        -543.667   -1569.036        -382.821     170.428             135              36
   94         546.186    1074.249        -383.542    1189.447              94              34
  109        1638.031     105.054         947.144     483.054             109              36
  198         606.440    1358.348         408.041      78.320             198              34
  117        -602.700    -832.994         196.574     -21.846             117              36
   56        1619.579    1041.256         811.113     723.053              56              34
   26         504.615   -1428.417         992.937   -1387.576              26              36
  235        -729.692     417.324        -947.668     -67.881             235              34
  115        -499.348    -287.534         567.203      75.024             115              36
    0         489.981    -605.024          10.009     -44.166              -0              34
  230         675.083    -768.301         520.091    -645.350             230              36
  240        -125.083     510.365        -679.869    -180.551             240              34
  123        -962.068     319.621         263.268    -113.056             123              36
  203        -576.906    -803.514        -438.673       1.847             203              34
   22         305.895     -85.075         202.152    -254.154              22              36
  209       -1314.640     601.905        -800.708     491.705             209              34
  253         708.397    -187.046        1204.779     409.097             253              36
   22         375.460   -1209.227          15.988    -723.463              22              34
   43         616.443     -92.124         338.943    -438.270              43              36
   27       -1382.400       3.273        -784.632    -406.788              27              34
  219         -63.276     -81.114         552.291     149.346             219              36
   76       -1433.713   -1439.964        -522.818    -991.342              76              34
    8         127.541   -1493.408        -150.108     -58.193               8              36
  211        -832.976    -414.684       -1280.829    -946.305             211              34
   35       -1751.849     769.594       -1096.396    1615.949              35              36
  255        1867.086     495.694         931.331     457.048             255              34
   22        -978.726      49.351          34.847    -155.369              22              36
  117         539.965   -1504.791         466.998    -329.797             117              34
  203        -364.907   -1276.984        -928.279   -1054.103             203              36
  189        -480.709    1385.662        -949.054    1105.904             189              34
  158        -248.521     456.271         553.586    -186.334             158              36
   20       -1801.311    -985.567        -975.433     354.842              20              34
   62        2017.339    -359.306         960.105      96.216              62              36
  113       -1780.126    -829.942       -1260.883   -1065.695             113              34
  226        -965.809      29.636       -1101.184     900.559             226              36
   50       -1092.146     989.073        -988.108    1330.854              50              34
  147        2181.635    1095.144        1255.391    2253.158             147              36
  100        3040.332     278.749        2133.269    -327.141             100              34
  241        1561.886   -1866.472         964.174   -1755.569             241              36
  125        -984.307      91.109       -1583.289   -1460.091             125              34
   60       -2297.545    1431.486        -860.516     945.430              60              36
   42        -237.905    -615.145          83.797     147.587              42              34
  177         687.968     -86.302         173.217    -108.551             177              36
   50       -1344.799     285.705        -750.178    -511.410              50              34
   87       -1321.780     -61.627        -290.211     603.163              87              36
  207         -80.664   -1447.185        -250.795    -389.344             207              34
  225         423.907     712.971        -707.568     375.814             225              36
  163       -1576.845    1647.757        -143.297     517.965             163              34
  144        -265.675   -2022.655         482.439    -304.698             144              36
   82       -1348.235   -1035.563       -1679.268    -766.924              82              34
  239        -505.771    1211.585        -666.926    1967.686             239              36
   11         371.111     131.866         618.710     -62.158              11              34
   94        -492.932   -1379.962        -524.947     509.143              94              36
  185        2136.231     125.744         324.376      79.528             185              34
  114         210.243     579.892        -466.487     119.301             114              36
   54         200.375    1324.991          81.651      65.716              54              34
  187       -1281.883    -424.530        -858.705    -144.770             187              36
  191         248.317    2346.284        -158.009    1142.729             191              34
    3        -817.549    -583.033         811.695    -767.206               3              36
  209       -1999.123   -1318.973       -1601.909    -834.797             209              34
  237       -1698.190    -540.193       -1229.283     186.499             237              36
  209       -2155.269     835.762       -2527.286    1056.294             209              34
   30         243.007    2620.579         320.941    2876.027              30              36
  143         691.566     554.439         308.840     -81.680             143              34
   59       -1913.114    1657.993        -344.710    1358.353              59              36
  183        -172.930   -1855.653         156.479    -202.702             183              34
   17        -393.740    1110.208       -1632.207    1041.101              17              36
  100        -616.136    2963.892          25.860    1990.230             100              34
  215        -144.399     972.339         343.655     878.997             215              36
  231       -2359.811    1788.377        -424.719    1295.433             231              34
  103        -171.733    -691.900         857.890    1632.420             103              36
  239        1007.533     200.589         436.166     584.043             239              34
  160         128.102     531.102         667.998     942.812             160              36
  118       -1005.967    -114.449         -98.255     469.508             118              34
  182         964.838     -89.974         785.461    1529.408             182              36
  130          28.495     363.479         459.878      31.762             130              34
  233        -402.644    -860.080         271.915    1385.320             233              36
  194        1569.259     361.548         900.893     536.830             194              34
  162         -54.073   -1237.271         770.991     638.139             162              36
  237        1771.241    -585.983         215.385     364.845             237              34
  203        1374.578     848.371        1430.048    1161.842             203              36
  194         968.046   -2135.537         677.925   -1167.441             194              34
   48         520.938     -56.297        -359.591     674.986              48              36
   89          68.154     398.686         175.173     200.465              89              34
  131         700.947    -504.200         454.425    1105.968             131              36
   97        1512.169    -221.274         455.828    -386.255              97              34
  128           0.907     931.411        -180.743     913.936             128              36
   75        -984.459     578.164         226.437     279.616              75              34
  125         529.191   -1258.572         376.372    1127.568             125              36
   61         694.219     675.439         318.797    -127.764              61              34
  149        -689.488    -994.144          39.864     866.761             149              36
  170        -417.279     543.753        -580.634     239.747             170              34
  191        -727.916     -55.204         496.309    2151.938             191              36
  101         448.663   -1305.521         259.046    -331.456             101              34
  230        -232.632    -829.263        -251.890    1497.717             230              36
  201       -3083.348     408.383       -1932.891     730.489             201              34
  103         976.091      81.867        1233.975    5662.690             103              36
   75        2572.033   -1834.244        1418.830   -1066.091              75              34
  230         -33.186   -1173.359        -482.235    5279.393             230              36
  114        -592.207    -125.986        -644.411     139.776             114              34
  115         560.138   -1552.321          78.766   19090.052             115              36
