SINAL     NFT                         FFT                         NFT INVERSA     FFT INVERSA
-----     -----------------------     -----------------------     -----------     -----------
   46       63164.000       0.000       31739.000       0.000              46              53
  236        2092.719    -336.167        1591.533  -20173.493             236             150
   58          81.922    -844.208         -46.741   -1388.898              58              59
   98        -215.073     -43.964        -104.370   -6280.648              98              81
  237        1657.344    -153.593        1049.073    -395.384             237             148
   29          59.923   -1343.842         133.169   -5498.377              29              47
  216       -1876.697    -369.485       -1457.151    -467.351             216             138
  240         461.971    -670.830        -125.063   -1754.688             240             152
   93        3054.950    1513.538         837.437    -281.514              93              76
  196       -2667.818    -439.927        -530.819   -3237.661             196             130
  197        -493.442    -215.745       -1567.462     931.307             197             128
   44        1040.183    2358.568        1063.668      27.010              44              54
   87        2298.580    -505.488        1295.038    -107.529              87              73
   63        1775.080     599.461        1338.569   -1843.381              63              64
  104         771.757    -701.693         247.187   -1460.277             104              82
  217        -680.909     632.133         147.143   -1617.851             217             141
  107        -180.711   -1584.462        -490.883   -1583.765             107              83
   76       -2285.632    2401.497       -1236.224    -289.007              76              70
   66        -928.035   -1237.024         631.912    -100.053              66              63
  216        -565.549    -407.618        -774.348    -708.570             216             140
   86         466.943     -98.935         809.822     707.163              86              73
  198        2103.441   -1289.160         829.902   -1107.268             198             131
   48        1287.087      78.021         433.357   -1062.359              48              54
  248       -1106.404     -76.999        -609.081    -718.648             248             156
   80        1518.797     122.953        1036.697    -189.478              80              70
  119        -775.903   -1490.077        -142.750   -1645.097             119              92
  224        1242.671    -915.328        -105.687    -646.968             224             142
  122        -869.433     730.957        -691.564    -371.723             122              93
  198        2078.291    -746.649        1438.573    -451.825             198             129
    6        -798.563   -1737.623       -1305.491   -2210.592               6              35
  123        1473.766    1847.218        -151.121     753.920             123              91
  176       -1665.360     247.956        -263.720   -1619.229             176             120
   90        -191.075    -519.519        -541.295     358.190              90              75
  119        -140.293     -78.144        -258.684   -1275.689             119              92
  185        -689.705     541.953       -1300.901     574.757             185             122
  239         376.528    2248.194         607.428     624.570             239             152
   66         766.448   -1195.008         814.430    -946.238              66              63
   84       -1094.658     701.312       -1183.086    -660.807              84              74
  163         168.559     606.408         877.861     474.603             163             111
  118        -697.972   -1851.548        -637.497   -1901.717             118              91
  250        -304.802    1243.514        -778.927     665.922             250             155
  168       -1704.861    -202.997        -494.084    -765.974             168             116
  184          96.065     366.379        -565.287    1251.325             184             122
   70         513.547     611.272         643.909    -560.553              70              67
  240        -765.189     -95.735        -830.148     472.754             240             150
  248        1040.195    1687.730        1029.906     560.361             248             156
  187         -54.780   -1743.951         771.961   -1148.995             187             123
  206        -851.653   -1483.579       -1290.407    -917.070             206             135
   87         715.306    1182.287        -293.345    1291.872              87              73
   72        1416.191     443.762        1065.111    -208.739              72              68
  104         958.438    -759.322         174.150   -1077.353             104              82
  235       -1677.679     776.439       -1259.560    -440.537             235             150
   63         348.294      47.505         250.324     623.793              63              61
   19        -562.471     269.723        -966.529    -835.636              19              42
  251        -787.606    1811.316        -284.877    1842.593             251             155
   99        1018.620     -32.130         739.070    -499.186              99              82
  199       -1217.815    1392.628        -416.333    1057.733             199             129
   35         727.763   -1001.461        1425.493     102.714              35              50
  171        1804.788   -1852.580         462.763    -497.010             171             115
   16        1285.624    -350.947        -133.898    -854.450              16              40
   44         458.036    1167.765        -370.556     752.981              44              52
  159        1498.772     406.142         829.433    -457.002             159             112
   12        -674.980     927.371        -699.756     300.444              12              36
   44        1333.080     339.301        1255.431     525.820              44              54
  172        1517.007    -888.892         421.114    -935.369             172             116
  105         317.858     172.830        -256.238    -166.844             105              85
   21        1950.608     690.927         336.074     507.404              21              40
   54        2623.713    1189.518        1332.765    -459.366              54              59
  231         418.371      79.742          39.375   -1549.970             231             145
   26        -776.084     471.572       -1018.622    -538.274              26              45
   90        -146.245    2557.370        -830.911     497.253              90              75
  244       -1083.845    2832.708         296.788    1453.874             244             154
  239        2544.332     477.295        2205.085    -187.940             239             149
  204       -1382.638    -847.622        -190.811   -2005.318             204             134
   73         196.199     430.413        -833.861     418.965              73              66
   76        -182.123    3143.093         445.938      29.096              76              70
  120       -1895.624     357.703          47.432     184.732             120              90
  178         182.619     703.670         982.532     155.231             178             121
  166        -187.775   -1405.042         824.571    -986.528             166             113
  161          49.665    -732.994        -204.786    -623.691             161             113
  103        1297.414     710.311         858.020    -321.469             103              81
  161       -1611.628    -209.367         -53.278   -1883.022             161             113
  198       -2692.205   -1185.259       -1117.756    -298.382             198             129
  117        -100.851    -478.145          20.493    -374.477             117              91
  153       -1837.791   -1014.185        -938.949    -547.749             153             106
  218         252.247    -410.902        -275.816     515.202             218             141
  100         715.849     121.571        -140.535    -720.231             100              80
   78       -2053.208    1631.491       -1160.419     848.758              78              71
   69        1303.844     -20.225        1460.709     249.318              69              64
  129       -1427.946    -645.434       -1174.456   -1368.244             129              97
  121       -1834.345    1764.484        -651.924    1678.018             121              90
   64         252.755    -848.034         999.885     392.166              64              64
  217        1861.359    -840.683         936.461     -89.868             217             138
   76         454.837   -1379.292         381.115   -1228.175              76              70
  200         769.575   -1202.667        -631.131    -626.343             200             130
   46         -75.297    1123.745        -768.400     -64.491              46              55
   41         367.525     539.134        -186.286     344.594              41              50
   96         -31.274    1701.291        -636.275     148.249              96              80
   51        -344.757    2066.211         177.319    1097.216              51              55
  178        -133.702     974.647         299.742     228.948             178             121
  129         556.694    1212.191         856.214     817.384             129              94
  166         211.571     338.072         808.443    -611.727             166             115
   84        -697.384    -168.798         402.528     200.785              84              72
   33        1375.791    -917.549         811.590    -588.735              33              49
   83         434.942     471.567         469.252    -519.152              83              71
  115        -906.474    -996.479        -267.900   -1037.092             115              90
  175          78.785    1150.118          -9.085     721.122             175             117
  179         226.057   -1357.732        1231.812   -1340.656             179             122
   63        -681.312   -1710.758       -1571.395    -983.484              63              61
   84         322.754    2634.123        -167.841    1070.014              84              74
   81        -366.081     102.424         589.772    -518.954              81              70
   73       -1122.166     323.596        -810.699     169.980              73              69
  119         747.794    1459.450        1121.371     798.579             119              89
  204        -777.765    -924.114         520.598    -983.324             204             134
  119         376.950   -1135.144         455.214     -73.654             119              89
  240         989.160   -1021.467         311.393   -1232.718             240             152
  163        -300.265      98.432        -151.317    -596.519             163             111
   87       -1567.311   -1193.144        -912.142   -1086.201              87              76
  138         -67.423     809.686        -633.730    1077.373             138              99
    3         689.808     152.552         695.073    -450.722               3              34
  169         467.736      58.234        -202.735     130.711             169             114
  177        1261.926    1245.895         741.766    -780.044             177             121
  176       -2116.314     535.423        -455.238    -734.015             176             118
  211       -1646.550   -1304.462        -305.475   -1116.900             211             138
  220       -2111.253    -701.830       -1923.746    -201.779             220             140
   16        -767.298    2087.333        -509.755    1196.090              16              40
  247       -1413.012     -87.300         170.636     279.881             247             153
  169          -2.732    -802.092        -437.447     152.012             169             117
  202         303.873    1608.026          75.000     786.000             202             131
  220        -845.898     512.515         117.843     -54.770             220             142
  229       -1495.122     100.211         -58.435     725.824             229             144
   64         782.634   -1707.116         390.611      98.222              64              64
  130        1704.737    1158.028         224.014     769.636             130              95
  143         978.782     580.507         980.540    -114.969             143             104
  255         769.204     825.842         377.881     176.463             255             157
  187         394.701     601.398         974.657    -662.463             187             126
  164       -1509.072     -30.732        -282.424    -204.749             164             112
   84         782.203    -687.451        1031.741    -189.184              84              74
   95          74.217    -486.894         -80.219   -1217.178              95              77
  163       -1849.997     355.902        -597.996    -203.690             163             114
   35        -786.124     -87.348          18.556     182.342              35              47
   72       -1208.087    -518.933        -111.927    -359.143              72              68
  150        -784.917    -522.765          10.911     763.502             150             105
  113        1534.133   -1862.581        1138.171    -835.619             113              89
  207        -690.022    -852.552       -1015.020    -357.091             207             133
  247        1916.076    -523.184         991.554     184.174             247             156
  232         516.806    -587.055        -813.400   -1587.616             232             146
   73       -2079.265    1959.429       -1322.317     946.983              73              69
  236         205.716     629.082          12.388    1016.880             236             148
   15         994.914    2474.834         694.353    1164.965              15              40
  189         126.411     623.369        1359.830     232.221             189             124
   45        1179.540    -459.645        1315.821    -225.078              45              55
   97         868.688    -968.744        1071.918   -1311.788              97              78
    5        -564.517    -674.092        -140.299   -1173.646               5              35
   43       -1372.063   -1167.349        -291.942    -846.003              43              51
  104         118.951    -715.009        -752.713    -357.141             104              84
   37       -1442.679    1829.305        -513.918      56.614              37              48
   38       -2172.788    -530.871        -515.424     792.684              38              51
  177        1801.886     450.268         960.977     804.096             177             118
  134         139.600     295.298         734.202    -262.291             134              99
   36         -16.761    -464.788         609.365    -197.328              36              48
   99         -62.608    -474.421         327.206    -137.048              99              82
   22        1081.436    -474.450        1219.945    -113.758              22              41
   92         653.643   -1287.140         610.802   -1381.991              92              78
  143        -943.364    -721.954        -237.613    -837.574             143             101
    1        -633.183    -258.205        -311.507      31.524               1              33
   44         283.158    -447.557        1351.034    -203.083              44              52
  195        -205.360   -3247.901        -358.107   -1839.270             195             130
  143        -304.405    1016.471        -294.764     673.580             143             101
  245         600.653   -2328.482        1231.307   -1088.271             245             155
  130         175.663   -2167.309        -477.491   -1240.857             130              95
    9         823.162   -1067.162        -479.890    -612.504               9              37
  235        -262.364    1246.393        -383.928     -79.182             235             147
   41        -361.877   -1075.418         172.888     -72.280              41              53
   86        1649.980     -85.157         667.592    -440.239              86              73
   36        -105.624   -1306.685          72.212   -1332.172              36              50
  122        -438.936     -12.104        -496.925    -739.047             122              91
  178       -1419.545   -1086.627        -552.230    -313.219             178             121
  110        1380.523    -194.054         641.218    -246.445             110              85
  238       -1537.776   -2251.701        -686.549   -1738.491             238             151
   41         513.803    -405.132        -761.837     581.443              41              50
   11        1484.703     -50.975         400.665    -785.710              11              38
   34        -225.902    1109.960        -120.105    -168.861              34              47
   97        -690.338   -1962.239         321.806   -1702.706              97              81
   34        -915.471   -1219.273       -1416.323    -604.573              34              47
  152         880.547    -423.214        -122.746    -783.760             152             108
  208       -2027.663    1174.141       -1644.691    -482.688             208             134
  206       -1135.016     -16.604          -5.820     430.653             206             135
  135        -710.494   -1124.688        -324.775   -1365.299             135              97
    8       -2622.351   -1906.112       -2065.398    -336.211               8              36
  100         662.528    1842.599        -482.659    1430.774             100              80
  246        -192.455   -1447.870         653.631    -648.775             246             155
   81         165.109    -974.786       -1273.113    -849.369              81              70
  146       -1661.650     154.700       -1365.516     612.353             146             105
   17        2436.088    1126.207         218.056     987.178              17              38
    5        -225.230     706.250         -61.178    -709.875               5              35
   92        -244.983     947.257        -529.854     526.468              92              76
  163          99.998    -722.804          70.343    -895.734             163             114
  220        -945.469    2153.583       -1814.116     418.006             220             140
   78       -2159.768    1331.737         320.550    1160.862              78              71
  151        1911.440   -1275.078         146.221      31.151             151             105
  162         498.051    2136.281         257.643     216.725             162             113
  136         630.490     226.456         478.988    -436.772             136              98
  145       -1418.695     789.908        -449.396    -757.995             145             105
  244        -847.574      20.937        -181.812    -119.636             244             152
  133       -1941.797    -103.168        -955.042    -770.406             133              99
  106        -898.022     944.288        -326.406     926.266             106              83
    8       -1500.632   -1017.063        -229.505   -1194.615               8              36
   96       -1343.735     367.251       -1206.407    1093.077              96              78
   14         -43.962    -385.560         451.680    -737.425              14              39
   67       -2034.650     634.118       -1745.006     814.619              67              63
   67          -8.318     429.253        1050.625     424.910              67              66
   52        -234.045   -1373.154        -589.207    -397.158              52              56
  100        -762.669     325.617        -335.835    -759.740             100              82
   44       -3339.797    -169.526       -2161.147     899.288              44              52
  222         536.116     228.821         425.531     745.219             222             143
  244       -2135.386      90.091       -2048.689    1393.686             244             152
   32        4412.945    2642.643        2337.671    2800.350              32              48
   97        1328.217    1081.487        1314.903    -876.228              97              78
  181         187.388     -64.653        1134.810     -96.620             181             123
   73        -138.492    -508.110         -43.601    -935.794              73              66
  156          75.184     166.238        1013.889      11.840             156             110
   10        -946.245   -1926.564        -228.420   -1703.896              10              35
   39        -478.684   -1247.068         -66.044    -206.028              39              52
  176        -371.534   -1651.189        -961.784   -1591.732             176             118
   94       -1388.059     446.278       -1159.122     726.856              94              79
  171         182.097     148.303        -293.915    -402.096             171             115
  138       -2272.402     213.139        -960.903     644.129             138             101
  153        1656.353    -368.494         224.558     385.907             153             106
  172         -14.655    1089.794         143.474    -308.415             172             118
   64       -1728.523    -454.410       -1016.015    -632.899              64              62
   81       -1807.085     470.579        -751.605    1088.770              81              73
   82        1526.031    -551.825         342.145     -21.351              82              71
  226       -1954.245    1019.571        -725.742    -118.826             226             145
  171        -805.613   -1519.521        -858.326     539.419             171             115
  124        1135.954    2349.192         109.683    1237.525             124              94
  230        -224.194   -1010.185         419.493    -506.972             230             145
   74        -529.004    1399.614       -1539.707     569.928              74              69
  194        -858.853    2355.105         556.701    1968.341             194             127
   69        1854.088    -113.462        1194.460      92.179              69              67
  142       -1219.641    1354.649         411.188     -16.651             142             101
  103        -677.222   -2627.069         433.675    -376.562             103              84
   20         630.253      88.141        -530.944     -34.620              20              40
  222        -985.632     331.788         373.987     792.797             222             143
   24        1835.301   -1811.468         586.148    -176.064              24              42
  108        1406.220    1110.508         304.520     133.250             108              86
   49         329.186     181.822         676.275    -407.031              49              54
   62        -691.061    -411.873        -131.858    -440.424              62              63
    0         404.538    -895.369         398.728     118.334              -0              30
   16        2367.970    -669.282         649.141   -1067.711              16              40
  250       -1828.298     844.185       -1004.200   -1150.494             250             155
   39       -2129.300    -126.084        -960.930     458.257              39              52
  173        -424.511     473.939         170.756     261.958             173             116
  113        -867.325   -2158.240        -194.413    -463.204             113              89
  146         372.230     195.655        -943.024     121.318             146             103
  230        -644.628     864.579         -56.024    1176.897             230             147
  234        2456.000       0.374        1207.000       0.000             234              30
  114        -644.588    -864.719         -56.027   -1176.898             114              32
  240         372.114    -195.227        -943.024    -121.320             240              30
  219        -868.241    2157.976        -194.416     463.203             219              32
   27        -424.508    -474.256         170.756    -261.957              27              30
  227       -2129.316     125.312        -960.930    -458.259             227              32
  127       -1827.468    -844.719       -1004.202    1150.493             127              30
   68        2368.130     670.235         649.139    1067.712              68              32
  200         404.170     895.477         398.727    -118.334             200              30
   41        -691.117     411.484        -131.860     440.424              41              32
   92         329.495    -181.869         676.274     407.033              92              30
  133        1406.702   -1109.923         304.521    -133.250             133              32
   58        1834.413    1812.117         586.147     176.065              58              30
  143        -985.807    -332.275         373.989    -792.796             143              32
  176         630.103     -87.862        -530.945      34.617             176              30
  146        -678.333    2626.549         433.674     376.563             146              32
  206       -1219.106   -1355.532         411.188      16.652             206              30
   14        1853.980     113.733        1194.459     -92.175              14              32
  234        -858.347   -2355.598         556.706   -1968.339             234              30
    1        -528.608   -1399.568       -1539.706    -569.932               1              32
  125        -224.525    1010.150         419.492     506.973             125              30
   90        1136.534   -2348.675         109.686   -1237.524              90              32
  125        -806.492    1519.441        -858.325    -539.420             125              30
  171       -1953.900   -1020.196        -725.742     118.824             171              32
    8        1525.736     552.427         342.144      21.350               8              30
    2       -1807.216    -471.141        -751.603   -1088.772               2              32
   22       -1728.543     453.837       -1016.017     632.898              22              30
   84         -14.024   -1089.730         143.474     308.416              84              32
    1        1656.062     369.204         224.558    -385.906               1              30
  167       -2272.505    -213.808        -960.901    -644.130             167              32
   23         182.167    -148.090        -293.916     402.095              23              30
   14       -1387.905    -446.421       -1159.119    -726.859              14              32
  149        -371.961    1651.337        -961.785    1591.732             149              30
    8        -479.022    1246.934         -66.044     206.029               8              32
  203        -946.703    1925.995        -228.423    1703.895             203              30
  137          75.478    -166.560        1013.890     -11.837             137              32
  180        -138.446     507.774         -43.604     935.794             180              30
   34         187.659      64.301        1134.810      96.624              34              32
  248        1328.857   -1081.442        1314.901     876.230             248              30
  102        4413.340   -2641.148        2337.679   -2800.343             102              32
  169       -2136.077     -90.548       -2048.686   -1393.690             169              30
   26         535.683    -228.489         425.532    -745.216              26              32
  246       -3340.161     168.513       -2161.145    -899.293             246              30
   88        -762.446    -325.728        -335.838     759.741              88              32
  197        -234.506    1373.065        -589.209     397.157             197              30
   23          -8.382    -429.424        1050.626    -424.905              23              32
  170       -2034.534    -634.778       -1745.004    -814.624             170              30
    1         -44.113     385.571         451.677     737.428               1              32
  195       -1343.733    -367.680       -1206.405   -1093.078             195              30
  227       -1500.934    1016.462        -229.510    1194.616             227              32
   71        -897.639    -944.725        -326.403    -926.267              71              30
  224       -1941.646     102.488        -955.044     770.405             224              32
  108        -847.245     -21.362        -181.812     119.636             108              30
  116       -1417.973    -790.494        -449.399     757.995             116              32
   59         631.035    -226.365         478.987     436.774              59              30
  116         499.040   -2136.000         257.644    -216.723             116              32
   71        1910.874    1275.789         146.222     -31.150              71              30
  130       -2159.485   -1332.620         320.552   -1160.860             130              32
  109        -944.488   -2153.647       -1814.114    -418.009             109              30
  203         100.005     723.107          70.341     895.735             203              32
   39        -244.473    -947.232        -529.853    -526.469              39              30
  220        -224.689    -706.098         -61.179     709.876             220              32
  214        2436.402   -1125.010         218.060    -987.177             214              30
  250       -1661.785    -154.725       -1365.513    -612.356             250              32
  220         164.835     975.268       -1273.114     849.369             220              30
  165        -192.972    1447.879         653.628     648.778             165              32
  139         662.881   -1842.108        -482.655   -1430.775             139              30
   87       -2623.134    1905.640       -2065.400     336.205              87              32
   51        -710.728    1124.460        -324.778    1365.298              51              30
   60       -1134.918      16.161          -5.819    -430.651              60              32
  245       -2026.884   -1174.611       -1644.691     482.685             245              30
  117         880.761     423.931        -122.747     783.761             117              32
  235        -915.698    1219.270       -1416.324     604.570             235              30
   70        -690.644    1961.949         321.801    1702.708              70              32
   67        -225.072   -1110.075        -120.104     168.862              67              30
   10        1484.948      51.751         400.664     785.711              10              32
    2         513.604     405.666        -761.836    -581.445               2              30
  249       -1538.380    2251.320        -686.554    1738.490             249              32
   76        1380.585     194.498         641.219     246.447              76              30
    3       -1419.861    1086.169        -552.230     313.218               3              32
    4        -438.623      12.006        -496.925     739.046               4              30
   96        -105.667    1306.682          72.208    1332.172              96              32
  158        1650.119      85.701         667.592     440.242             158              30
   73        -362.229    1075.249         172.888      72.279              73              32
  106        -261.750   -1246.342        -383.929      79.181             106              30
   48         822.957    1067.848        -479.891     612.504              48              32
   12         174.994    2167.545        -477.493    1240.856              12              30
  164         599.865    2328.453        1231.305    1088.276             164              32
  178        -304.097   -1016.611        -294.762    -673.581             178              30
   48        -206.384    3247.776        -358.112    1839.269              48              32
   61         283.020     447.261        1351.035     203.086              61              30
  162        -633.260     257.789        -311.507     -31.526             162              32
   44        -943.364     721.510        -237.615     837.573              44              30
    1         653.509    1287.114         610.799    1381.991               1              32
   40        1081.325     474.483        1219.944     113.761              40              30
  252         -62.815     474.092         327.207     137.049             252              32
   35         -16.888     464.425         609.365     197.329              35              30
  184         139.771    -295.586         734.200     262.292             184              32
   82        1801.763    -449.852         960.979    -804.093              82              30
   83       -2173.272     529.891        -515.422    -792.685              83              32
  237       -1441.901   -1829.845        -513.917     -56.616             237              30
  213         118.868     715.218        -752.714     357.139             213              32
    3       -1372.264    1166.821        -291.944     846.002               3              30
  183        -564.304     673.694        -140.301    1173.646             183              32
  193         868.752     968.705        1071.917    1311.790             193              30
   46        1179.510     459.534        1315.820     225.081              46              32
  118         126.666    -623.887        1359.831    -232.217             118              30
   70         995.715   -2474.725         694.356   -1164.964              70              32
  234         205.705    -628.989          12.390   -1016.880             234              30
   35       -2078.515   -1959.891       -1322.314    -946.986              35              32
   95         516.992     587.600        -813.403    1587.614              95              30
   94        1915.897     524.033         991.555    -184.170              94              32
  230        -690.396     852.477       -1015.019     357.090             230              30
   59        1533.350    1863.011        1138.168     835.622              59              32
  177        -785.431     522.237          10.913    -763.501             177              30
  166       -1208.376     518.266        -111.927     359.143             166              32
  183        -786.162      86.814          18.556    -182.342             183              30
  165       -1849.658    -356.679        -597.996     203.688             165              32
  226          74.427     486.801         -80.222    1217.178             226              30
  167         782.073     687.445        1031.741     189.188             167              32
  101       -1508.900      29.859        -282.424     204.749             101              30
  173         395.288    -601.584         974.654     662.464             173              32
   15         769.734    -825.771         377.881    -176.462              15              30
  177         979.115    -580.276         980.540     114.973             177              32
  251        1705.007   -1157.339         224.016    -769.634             251              30
   18         781.633    1707.366         390.613     -98.220              18              32
  192       -1495.393    -101.026         -58.433    -725.824             192              30
   98        -845.714    -513.064         117.846      54.774              98              32
  207         304.382   -1607.922          75.000    -786.000             207              30
  128          -3.233     802.132        -437.451    -152.017             128              32
   48       -1413.223      86.587         170.636    -279.880              48              30
  193        -766.704   -2087.556        -509.752   -1196.092             193              32
  150       -2111.473     701.357       -1923.746     201.775             150              30
  237       -1646.725    1303.768        -305.478    1116.900             237              32
  125       -2115.535    -536.424        -455.240     734.013             125              30
  109        1262.922   -1245.518         741.763     780.046             109              32
  145         468.004     -58.003        -202.734    -130.712             145              30
  214         689.952    -152.308         695.070     450.722             214              32
   19         -67.200    -809.546        -633.728   -1077.374              19              30
  182       -1567.553    1192.739        -912.145    1086.199             182              32
  174        -299.823     -98.513        -151.318     596.519             174              30
   87         989.074    1021.821         311.390    1232.718              87              32
   42         376.595    1135.081         455.214      73.654              42              30
  101        -777.959     923.409         520.595     983.325             101              32
   12         748.359   -1459.541        1121.372    -798.578              12              30
  155       -1121.995    -324.080        -810.700    -169.984             155              32
   33        -365.791    -102.760         589.770     518.957              33              30
   93         323.811   -2633.857        -167.837   -1070.013              93              32
  107        -681.697    1710.827       -1571.395     983.480             107              30
   98         225.838    1357.582        1231.809    1340.658              98              32
   28          79.303   -1150.255          -9.083    -721.123              28              30
  187        -906.546     996.085        -267.903    1037.091             187              32
  155         435.475    -471.575         469.251     519.152             155              30
  211        1375.587     917.827         811.587     588.736             211              32
   93        -697.386     168.190         402.528    -200.784              93              30
   36         211.888    -338.420         808.441     611.730              36              32
   25         557.196   -1212.338         856.216    -817.382              25              30
  139        -133.329    -974.941         299.742    -228.948             139              32
   28        -343.926   -2066.415         177.321   -1097.216              28              30
  246         -30.493   -1701.091        -636.275    -148.250             246              32
  140         367.881    -538.722        -186.286    -344.594             140              30
   97         -74.727   -1123.351        -768.402      64.487              97              32
  193         769.351    1203.335        -631.134     626.341             193              30
   91         454.502    1379.523         381.112    1228.177              91              32
  108        1860.965     841.182         936.461      89.870             108              30
   54         252.046     847.793         999.885    -392.164              54              32
  134       -1833.971   -1765.240        -651.920   -1678.020             134              30
  199       -1427.947     644.975       -1174.461    1368.241             199              32
   83        1303.882      20.461        1460.710    -249.315              83              30
   20       -2052.614   -1632.180       -1160.418    -848.762              20              32
  119         716.083    -121.097        -140.537     720.232             119              30
  238         251.971     411.172        -275.814    -515.202             238              32
  162       -1838.154    1013.609        -938.950     547.747             162              30
   41        -100.979     478.053          20.493     374.477              41              32
  113       -2692.433    1184.172       -1117.756     298.379             113              30
   68       -1611.042     208.501         -53.283    1883.022              68              32
  101        1298.175    -710.036         858.020     321.471             101              30
   35          49.635     732.922        -204.787     623.689              35              32
  249        -188.025    1404.559         824.568     986.530             249              30
  222         182.971    -704.158         982.532    -155.228             222              32
  219       -1895.226    -358.875          47.433    -184.732             219              30
   84        -180.562   -3143.364         445.937     -29.096              84              32
  163         196.718    -430.199        -833.860    -418.967             163              30
  121       -1382.340     846.987        -190.817    2005.317             121              32
  147        2544.894    -476.942        2205.085     187.944             147              30
  245       -1082.724   -2833.360         296.792   -1453.874             245              32
  204        -144.972   -2557.206        -830.910    -497.254             204              30
  177        -775.340    -471.494       -1018.623     538.272             177              32
   83         419.199     -79.478          39.372    1549.971              83              30
   34        2624.677   -1188.521        1332.764     459.371              34              32
  166        1950.985    -690.015         336.076    -507.402             166              30
   49         318.072    -172.439        -256.235     166.846              49              32
  123        1516.903     889.488         421.113     935.369             123              30
   87        1333.163    -338.935        1255.431    -525.819              87              32
   26        -674.544    -927.555        -699.755    -300.445              26              30
  192        1499.129    -405.522         829.432     457.004             192              32
  131         458.556   -1167.340        -370.553    -752.982             131              30
  145        1285.648     351.785        -133.903     854.449             145              32
    8        1804.067    1853.289         462.762     497.012               8              30
   55         727.104    1001.396        1425.494    -102.710              55              32
  110       -1217.444   -1393.254        -416.331   -1057.734             110              30
    3        1018.583      32.368         739.066     499.187               3              32
  242        -787.096   -1811.562        -284.873   -1842.593             242              30
  173        -562.265    -269.696        -966.531     835.634             173              32
  171         348.377     -47.275         250.326    -623.793             171              30
   56       -1677.157    -776.820       -1259.561     440.533              56              32
  188         958.620     759.769         174.148    1077.353             188              30
   68        1416.466    -443.284        1065.110     208.742              68              32
  246         715.587   -1181.764        -293.344   -1291.872             246              30
   84        -852.158    1483.579       -1290.411     917.065              84              32
  121         -55.166    1743.704         771.958    1148.997             121              30
  133        1040.795   -1687.576        1029.908    -560.358             133              32
  122        -765.204      95.517        -830.145    -472.755             122              30
  235         513.826    -611.086         643.907     560.554             235              32
  254          96.078    -366.239        -565.284   -1251.326             254              30
    4       -1704.867     202.471        -494.087     765.973               4              32
   91        -304.130   -1243.414        -778.926    -665.923              91              30
  219        -698.311    1851.401        -637.502    1901.713             219              32
  185         169.018    -606.505         877.861    -474.600             185              30
   41       -1094.075    -701.598       -1183.088     660.805              41              32
   90         766.431    1195.153         814.429     946.240              90              30
  127         377.440   -2248.131         607.429    -624.569             127              32
  115        -689.322    -541.889       -1300.900    -574.759             115              30
   86        -140.024      78.355        -258.687    1275.692              86              32
  140        -190.999     519.564        -541.295    -358.190             140              30
  232       -1664.755    -248.513        -263.725    1619.224             232              32
   13        1474.912   -1846.377        -151.119    -753.920              13              30
   68        -798.667    1737.746       -1305.496    2210.588              68              32
   50        2078.415     747.357        1438.574     451.827              50              30
   66        -868.899    -731.104        -691.566     371.719              66              32
   81        1242.712     916.001        -105.688     646.969              81              30
   15        -776.028    1489.797        -142.754    1645.096              15              32
  182        1519.189    -122.552        1036.697     189.479             182              30
  186       -1106.027      76.640        -609.083     718.643             186              32
  119        1287.695     -77.479         433.354    1062.361             119              30
  216        2103.214    1289.879         829.901    1107.270             216              32
   18         466.861      98.991         809.824    -707.162              18              30
   46        -565.654     407.382        -774.349     708.568              46              32
  203        -928.277    1236.417         631.913     100.054             203              30
  210       -2284.282   -2402.324       -1236.224     289.005             210              32
  254        -180.438    1584.479        -490.885    1583.764             254              30
  157        -679.806    -632.460         147.140    1617.846             157              32
  126         772.528     701.863         247.182    1460.277             126              30
    1        1776.128    -598.993        1338.564    1843.383               1              32
   10        2298.927     506.057        1295.038     107.531              10              30
  187        1041.235   -2358.228        1063.667     -27.009             187              32
  139        -493.181     215.834       -1567.460    -931.310             139              30
  198       -2666.944     439.044        -530.827    3237.661             198              32
  211        3056.558   -1512.361         837.437     281.515             211              30
   44         462.396     671.285        -125.068    1754.682              44              32
  160       -1875.688     369.044       -1457.153     467.348             160              30
   79          61.192    1343.889         133.155    5498.376              79              32
   45        1659.112     154.047        1049.072     395.386              45              30
  168        -212.818      43.889        -104.386    6280.643             168              32
  252          85.263     844.178         -46.744    1388.899             252              30
  241        2099.421     336.686        1591.481   20173.486             241              32
