SINAL     NFT                         FFT                         NFT INVERSA     FFT INVERSA
-----     -----------------------     -----------------------     -----------     -----------
  210       64843.000       0.000       36059.495       0.000             210             141
  216        1392.909   -2165.982         637.696  -20686.352             216             143
   11          60.904    -631.638         538.587   -1189.093              11              41
  224       -1315.156   -1737.544       -1562.417   -7537.267             224             147
   79        -865.158    2069.376        -582.616    1400.119              79              75
   97        -107.222    -166.656         413.293   -3326.671              97              83
  111         723.595     370.856         931.927     764.633             111              91
  222        1419.508   -1968.987         905.135   -3347.705             222             146
  121        1838.150     732.486         374.853     181.150             121              96
   22         693.810     -43.075        1191.268   -2830.353              22              46
  194        -158.550   -1801.703        -188.278   -1053.310             194             133
  106         867.349     309.329        -283.552   -1755.320             106              88
  213        -230.509     991.287         386.207      40.300             213             142
  251         544.369   -1072.009         576.180   -1811.689             251             160
   17         677.288    -475.327         531.759   -1206.044              17              44
  233       -1981.009   -1798.674       -1185.327   -2363.955             233             151
  161         312.784    -450.902        -459.724     233.301             161             116
   56        -337.427    -507.881       -1154.014   -1707.061              56              63
  139        -455.692    2411.678        -728.177    1732.253             139             105
  119         745.714    -207.234         728.764   -1190.925             119              94
  116       -1107.244    1210.665       -1164.670     821.136             116              94
  223        1316.138     860.274        1024.414     339.629             223             146
   64         635.249    1600.222         375.997     391.175              64              68
  180         539.795    -224.017        1737.668    -212.781             180             125
  237        2451.654   -2327.125         783.017   -1743.150             237             154
  137        -522.053    1146.446        -946.045    -882.407             137             103
  142        -130.533     956.367         365.188     353.924             142             107
   22        -215.481    -536.112          77.023    -699.416              22              46
  111        1652.698     414.640         599.044     186.950             111              91
   61         497.704     532.783         534.423   -1107.645              61              65
   41        -166.649    -705.127         186.087   -1160.359              41              56
   28       -2070.628    -145.733       -2113.679    -817.360              28              49
  152         603.586    3832.888         646.681    2548.512             152             112
   57          39.381   -1257.807        1592.228   -1925.855              57              63
   41       -1353.538    -553.389       -1035.521     -66.970              41              56
  182         109.789    -607.345         297.563    -537.090             182             126
  107        -326.600    1062.619        -823.802     497.930             107              89
    7        -672.954     677.667         767.396     392.124               7              38
  241        1185.107   -1006.713         364.228     -17.001             241             156
   55         350.001     713.098         438.244    -327.499              55              62
  196         145.005    -282.884         -50.136    -151.686             196             134
  195       -1396.025    1536.651        -349.160     498.768             195             132
  143        1010.690    -832.773        1479.707    1266.510             143             107
   38        3177.545    -999.758        1276.394   -1083.240              38              54
   88        1348.708     651.666         857.881     147.853              88              80
  223        2276.734    -424.233        1141.009   -1655.895             223             146
  203       -1175.776    1226.768          13.741    -573.561             203             137
  205        -929.591   -2535.459          26.311   -1631.750             205             137
  218         114.721    1152.393        -780.224     621.829             218             145
  252          16.502    -263.929        1221.336   -1040.054             252             161
   42       -1601.464   -1284.997       -1112.447    -521.697              42              57
  155         358.587    -626.508         142.064    -118.730             155             112
  152         294.294     834.186        -263.446     613.492             152             112
   15        1026.609    -787.473        1317.942    -820.532              15              42
  116        -556.418     -67.854        -996.888    -116.543             116              94
  208        1186.276    -552.329        1628.740    -456.525             208             139
  115        -777.761   -1775.522       -1675.570   -1310.179             115              93
   91         848.825    1697.685         581.311    1052.304              91              80
  217        -490.458   -1151.082        -539.425   -1217.634             217             144
  222         291.058     921.324         174.736    1100.517             222             146
   30         713.821   -1666.110         142.124   -1659.217              30              51
   74       -1257.178     420.831       -1964.114     870.436              74              72
  146        2407.569    3033.186         547.760    1700.955             146             109
  100         388.002    1968.893        1261.080     644.454             100              85
  218        1716.638     195.537        1158.245    -148.679             218             145
  201         443.055     386.308        1247.520    -562.846             201             135
   61         511.254   -1445.450          56.172   -1496.700              61              66
  216       -1450.214    1088.599        -313.167       1.517             216             143
   62         -11.161   -2361.910          89.971    -869.373              62              67
  239         338.908     762.013        -989.928     248.242             239             154
  167         328.460    1483.333         241.393     547.483             167             119
  244         236.075     822.194         342.411     570.855             244             157
  215        1855.220     417.039        1150.244    -367.808             215             143
  217       -1005.271     526.021        -312.654    -657.669             217             143
  165        -504.147     477.636         -32.990      93.518             165             118
  171       -1422.223     391.456        -337.581     349.613             171             120
  146        1028.617      18.865         873.322     841.884             146             109
   40        1500.849    -847.563         784.137    -495.739              40              55
  227        1976.217    1773.230         149.347     237.171             227             149
  219        -796.473    2343.259        1492.285      39.455             219             144
  236        -460.642   -3741.705         422.745   -1845.647             236             154
  213        -318.859     767.575       -1188.159     133.874             213             141
   15         201.809     558.396         864.350     325.352              15              43
  186        -314.202    -216.038        -220.259    -341.148             186             128
   42          38.916     123.020         764.179     429.794              42              57
  242        1431.976   -1996.245         262.734    -711.291             242             156
  132        1861.721    2433.811         169.128     112.777             132             102
  150       -2335.287    1100.077          10.351     -40.223             150             110
  255        1127.701      79.168        1115.161     826.370             255             163
   21         465.020   -1129.818        1406.836   -1462.448              21              45
  121        -473.124   -1987.401        -554.560    -706.115             121              96
  218        1578.319    -361.505         718.872     -38.576             218             144
  221        1788.796    -640.215         443.936   -1455.628             221             146
   99       -2035.988     -43.669       -1211.721    -946.860              99              84
  179         333.458     731.339        -779.351     871.637             179             125
  198         231.452    2640.059         840.479     550.897             198             134
  177        -401.414   -1037.835         520.286    -582.365             177             124
  149         129.543     100.575         195.631    -121.498             149             109
  110         622.138    -876.006         446.967    -983.161             110              91
   16       -1808.029     316.857       -1235.322    -198.524              16              43
   33        1259.147     673.275         648.712     925.716              33              52
   90        -210.336     996.315         285.553    -672.814              90              80
   14        -675.757     -23.457         282.007     388.283              14              43
  117         270.446    -244.091         723.003    -683.483             117              93
   93        -761.243   -1429.919          10.324    -586.850              93              82
  187         157.062    -808.292        -272.435    -316.549             187             128
  204        1411.061     170.510         677.137       3.400             204             138
  245        -906.797    -697.687        -343.125   -1574.324             245             157
  114        -758.418    -391.981        -838.998     635.671             114              93
  145        1262.838     561.719         269.608    -734.168             145             107
  195       -2570.114    1290.921       -1189.991     797.435             195             133
  228        1803.911    -450.901        1443.163     189.389             228             149
  143        -528.703     668.927        -758.995    -695.532             143             107
  113        -978.797     769.077         795.333     506.218             113              91
  246        -704.916   -2492.906        -416.730   -1503.280             246             159
  114       -1324.186     416.424        -972.609     828.698             114              92
   59        1185.290    -783.459         548.921     177.259              59              65
  214         600.531     -47.572          66.233    -460.685             214             142
   30        -901.745    -595.974        -969.599    -504.673              30              51
   80        -439.121     857.005        -731.808    1128.681              80              75
  128        1354.694     620.481          56.275     377.004             128             100
  122        -361.973    2650.688        -150.144    1278.052             122              96
  210         829.374      31.425        1080.079     190.421             210             141
  169        -181.613     509.679        -263.748     486.935             169             119
  161        2701.286     539.874        1300.814     451.472             161             116
   60        -169.874    1766.678         -38.640    -518.489              60              65
  108        -768.804     323.055         155.272     450.357             108              90
  110          59.044    1345.649         -71.776     584.637             110              90
  152        1172.910     964.017        1467.000     938.000             152             112
  222        1264.255     255.718         762.163    -950.791             222             146
    5        -778.480    1803.120         154.623     539.402               5              38
  161          92.783     673.356        1575.381    -318.175             161             115
    5       -1897.411   -2508.799          37.840   -1539.153               5              38
  158        -524.387    -698.389       -1123.846     343.785             158             114
   25        1174.612    1970.927        1065.262    1077.697              25              48
  210         138.194    -645.073        1162.584    -988.283             210             140
   90       -1392.362   -1236.531        -569.766   -1004.825              90              81
  130       -1431.241     452.671        -754.673     934.906             130             100
  168        1132.296    -133.751        1482.140     422.885             168             120
   84        -289.884   -1580.913        -265.746    -804.028              84              77
   87        1028.992    1377.102         643.139     958.985              87              79
  238        -866.227   -1726.760         871.348   -1124.663             238             154
   34         911.813   -2322.876        -401.576    -258.300              34              53
   16         157.613     501.795        -299.613    -268.222              16              43
  152         248.823    -641.021        -403.514    1095.832             152             112
  229        3970.467    1581.917        1340.477     414.683             229             149
   36         -68.847    1328.988           4.178    -552.670              36              54
   12        -513.434    2103.342          36.526    1257.607              12              41
  179        2303.416     737.221        2219.663     389.339             179             125
  130         313.032     266.466         883.680   -1385.011             130             100
   11       -1150.850    -909.094         422.159    -493.174              11              41
   88         421.195    -998.496         189.097    -918.300              88              79
   95        -328.464    -180.418         319.734    -286.055              95              83
   90          45.918   -1667.242          -8.749   -1590.847              90              80
   39       -2045.498    -143.881       -1847.011    -258.463              39              55
  221        -484.777    1996.537        -774.501    1494.475             221             145
  248        -165.086    2401.836         724.919    1312.882             248             160
  190        -715.592     391.951         799.187     583.287             190             130
  174         960.306    -265.133        1487.018     751.318             174             123
   83        1705.818   -1244.392        1559.434    -886.119              83              76
  222         393.533    -771.291         309.870    -688.729             222             147
   33        -129.456     377.865         290.665    -259.170              33              51
  151        -642.805    -464.845         781.155     238.585             151             111
  143        1479.995   -2269.781        1411.150    -983.490             143             106
   88         -23.576   -2585.384        -259.907   -1547.333              88              80
   46         731.606    -496.764        -864.279     246.472              46              58
    9        2017.308    1717.275         998.805     563.250               9              40
  201         292.802     -41.861         507.609    -727.689             201             135
  241         665.438     466.138         768.598      52.640             241             156
   43          15.082   -1038.787         489.268   -1398.902              43              56
  175        -694.711    -134.514        -248.522     214.284             175             123
   45        1584.376   -1330.933        1234.201   -1034.708              45              57
  225        -859.122    -657.184       -1196.729    -950.973             225             148
  124         260.299    1683.906         244.045    1023.706             124              97
  191         192.085    -146.715        1048.560    -455.976             191             131
  189         262.758    -990.776         581.797    -339.941             189             129
   45        1420.442   -1469.529        1118.341   -1132.045              45              58
  148         260.693   -1255.134        -398.970   -1431.816             148             109
   25         -79.786     586.467         180.113    -272.658              25              48
  219        -186.338   -1910.363         230.771   -1599.207             219             144
  155        -568.188    -731.675        -836.995   -1006.100             155             113
   81       -1213.986    -717.855        -721.459   -1005.160              81              75
   10       -2046.452    -695.098       -1596.431    -245.706              10              41
  133         392.441     125.551        -448.203     670.651             133             101
   16         -65.806     971.526        -281.972    -399.556              16              44
  163       -2009.431     -89.119        -926.604     424.587             163             116
   38        1050.929     -96.614          79.828       3.623              38              55
  167       -1957.446     818.099       -1534.135     311.842             167             118
  206         983.484    1537.633         469.155    1752.691             206             139
  201         400.455     759.155         202.239    -185.287             201             135
  227        -117.606    1912.253         197.936    1264.464             227             149
   42         251.432     516.502         924.337       8.916              42              56
  106         189.249     463.385         671.755     451.321             106              89
  125         483.249    -520.588         967.960    -866.616             125              97
  252       -1563.440   -1031.894        -419.187    -615.248             252             162
  157        -172.498   -1165.095        -912.290     146.159             157             113
   80        1037.801    3457.118         265.138    1791.775              80              76
  108        -467.024    -235.969        1359.000     -71.670             108              89
  237        1250.544     105.602         459.607     680.710             237             154
   30        1390.861      -9.962        1937.126    -467.699              30              50
   63         422.966   -1034.503         -21.759    -939.198              63              67
  109        -479.978     936.158         527.715     238.043             109              89
    1        1018.972   -1546.141        1030.098    -411.825               1              36
   80         922.899    -485.735         394.941    -851.217              80              75
  253         972.632     356.357         534.512       0.467             253             162
   15         791.867     164.448        1091.259   -1276.468              15              42
  194       -1950.991    -288.484        -513.443   -1036.584             194             133
  219       -2120.873   -1129.883          66.824     -84.875             219             144
  105        2183.106   -2701.663         713.674    -575.815             105              88
   31         -19.358     588.465        -272.493   -1444.503              31              50
   10       -1511.786   -1091.400        -470.180     461.534              10              41
   63        3146.758    -113.874        1406.063   -1220.453              63              66
  156       -3695.684   -1228.802       -1751.279   -1946.274             156             114
  148       -1336.984     704.471       -1638.095    1204.402             148             109
  134        -522.874    2012.689         695.518    1253.874             134             103
  196         397.976   -1324.337        1083.043    -179.436             196             133
  155         526.056    -811.490         690.206    -567.973             155             113
   52          65.797   -1860.894         230.514    -960.599              52              61
  253         714.675    -569.292          87.594    -495.205             253             162
  213        -559.285    -813.084        -169.744   -1057.335             213             141
  205        -753.331    -464.069        -410.075      65.303             205             138
  251         234.327   -1612.099         256.126    -800.883             251             160
  227         705.730    -665.189        -603.721     137.307             227             149
  184        2332.991     686.786        1278.684    -488.923             184             127
  112        -147.839   -1592.558        -404.837   -2113.852             112              92
  133       -1626.237    1392.783       -1912.250    -859.915             133             101
  177       -4012.631    1666.747       -1328.512    1123.886             177             124
   44         357.092    -296.680         371.577     471.965              44              57
   13       -1448.344     844.684        -190.079     298.461              13              42
   30         470.051    -942.450         814.023     -19.504              30              50
  172        -947.653    -494.073         -55.759    -756.437             172             122
  219        -392.269   -1714.999         -73.833    -480.314             219             144
  182       -1009.934    -581.541        -539.621    -662.592             182             127
   72        -985.185   -1873.824       -1018.952    -179.794              72              71
  182         357.316    1614.785        -420.733    1079.865             182             127
  141         909.716   -1213.271         973.337    -449.150             141             105
  145        -433.890     761.391       -1318.646    -695.340             145             108
   75       -2465.819    1114.263        -433.579    1205.730              75              72
   38        1180.544    -269.404         585.756     374.644              38              55
  168        -439.199     219.985         249.495    -104.666             168             119
  252         390.004     320.564         443.700     185.417             252             162
  170       -1381.667   -1086.339         378.923   -1090.011             170             120
  212       -1215.254   -1033.113       -1146.056     355.974             212             142
  143         931.050     644.046        1487.751     483.911             143             106
  174        -885.241   -2559.780         -25.687   -1669.994             174             123
   93       -1796.787   -1055.848        -656.376      72.023              93              81
   14         683.385   -2603.347         475.247    -273.420              14              43
   40         235.015   -2338.432        -152.089   -1441.965              40              55
  191       -1074.673   -2869.722       -1761.582    -439.630             191             131
  182        2067.227     385.503        -524.849     744.915             182             126
  228           7.827     509.525        -402.156     189.913             228             150
  182        1252.100    -452.409          86.805     294.468             182             126
  186         650.341     255.074        -670.550    -146.499             186             129
  148        1102.179    1600.614         211.867    1204.683             148             109
   25        1790.379     154.342        1016.811    -848.086              25              48
  162       -1259.645     294.697        -872.783    -710.183             162             116
  155       -1465.000      -0.223        -613.000       0.000             155              39
  220       -1259.147    -295.045        -872.791     710.180             220              38
  144        1790.782    -153.685        1016.809     848.087             144              39
   20        1102.731   -1600.000         211.868   -1204.682              20              38
   23         650.395    -254.379        -670.550     146.498              23              39
  114        1251.812     453.214          86.805    -294.468             114              38
  142           7.872    -509.100        -402.156    -189.915             142              39
   44        2067.038    -384.057        -524.850    -744.915              44              38
  173       -1076.021    2870.015       -1761.583     439.628             173              39
   31         234.056    2338.756        -152.093    1441.965              31              38
   56         682.114    2603.536         475.245     273.420              56              39
  154       -1797.453    1055.121        -656.376     -72.024             154              38
    8        -886.064    2559.164         -25.690    1669.994               8              39
  157         931.128    -644.055        1487.752    -483.907             157              38
    7       -1215.851    1032.592       -1146.056    -355.976               7              39
  185       -1381.971    1085.561         378.919    1090.013             185              38
   98         390.188    -320.754         443.701    -185.416              98              39
  214        -439.123    -220.297         249.494     104.667             214              38
  158        1180.224     269.600         585.757    -374.642             158              39
  108       -2465.592   -1115.201        -433.576   -1205.731             108              38
    3        -433.392    -761.357       -1318.648     695.337               3              39
  146         909.365    1213.628         973.336     449.153             146              38
  146         357.628   -1614.489        -420.731   -1079.866             146              39
  103        -986.031    1873.762       -1018.952     179.793             103              38
   13       -1010.166     581.243        -539.622     662.591              13              39
   90        -392.847    1714.779         -73.833     480.314              90              38
  242        -947.771     493.521         -55.760     756.436             242              39
    2         469.677     942.283         814.023      19.507               2              38
  254       -1448.146    -845.444        -190.078    -298.462             254              39
   34         356.790     296.576         371.577    -471.963              34              38
  239       -4012.039   -1668.211       -1328.509   -1123.889             239              39
   14       -1625.113   -1393.002       -1912.251     859.912              14              38
   79        -147.617    1592.739        -404.839    2113.852              79              39
  184        2333.610    -685.884        1278.683     488.926             184              38
   43         705.491     665.716        -603.720    -137.309              43              39
   58         233.706    1612.262         256.123     800.885              58              38
   24        -753.480     463.787        -410.074     -65.304              24              39
   39        -559.348     812.901        -169.747    1057.334              39              38
   30         714.650     569.566          87.594     495.206              30              39
  157          65.232    1860.816         230.512     960.600             157              38
  246         525.791     811.384         690.205     567.974             246              39
  181         397.377    1323.988        1083.043     179.438             181              38
  195        -522.429   -2013.181         695.521   -1253.873             195              39
    3       -1336.899    -704.746       -1638.092   -1204.406               3              38
  113       -3695.581    1227.663       -1751.282    1946.270             113              39
   56        3147.145     114.916        1406.059    1220.456              56              38
  108       -1512.104    1090.838        -470.179    -461.534             108              39
  149         -18.787    -588.388        -272.496    1444.503             149              38
   34        2182.152    2702.388         713.673     575.817              34              39
  142       -2121.402    1128.772          66.823      84.875             142              38
   36       -1950.626     287.424        -513.445    1036.583              36              39
   24         792.504    -164.490        1091.257    1276.471              24              38
  202         973.089    -356.173         534.513      -0.466             202              39
   30         922.927     485.984         394.938     851.218              30              38
  225        1018.478    1546.168        1030.098     411.828             225              39
  148        -479.584    -936.618         527.717    -238.042             148              38
    7         422.874    1034.420         -21.760     939.198               7              39
  114        1390.980      10.055        1937.126     467.703             114              38
  135        1250.434    -105.523         459.609    -680.710             135              39
  161        -467.206     235.326        1359.000      71.674             161              38
   38        1038.858   -3456.832         265.142   -1791.775              38              39
   40        -173.140    1165.290        -912.290    -146.161              40              38
  197       -1563.754    1031.216        -419.187     615.247             197              39
  118         483.252     520.379         967.960     866.618             118              38
  225         189.450    -463.723         671.755    -451.321             225              39
  254         251.607    -516.800         924.335      -8.916             254              38
  188        -116.949   -1912.495         197.938   -1264.465             188              39
  203         400.726    -759.056         202.236     185.288             203              38
   14         983.762   -1537.241         469.159   -1752.690              14              39
  173       -1957.269    -818.508       -1534.136    -311.847             173              38
    7        1050.840      97.177          79.828      -3.623               7              39
  225       -2009.516      88.518        -926.603    -424.589             225              38
  252         -65.307    -971.387        -281.973     399.556             252              39
  142         392.394    -125.085        -448.201    -670.652             142              38
   39       -2046.701     694.698       -1596.432     245.703              39              39
   19       -1213.913     717.634        -721.461    1005.159              19              38
  227        -568.039     731.651        -836.996    1006.098             227              39
  240        -186.587    1910.234         230.766    1599.207             240              38
   74         -79.196    -586.548         180.114     272.659              74              39
   43         260.692    1255.311        -398.973    1431.813              43              38
   23        1420.188    1469.866        1118.338    1132.047              23              39
   39         262.502     990.536         581.797     339.942              39              38
   63         192.149     146.378        1048.559     455.978              63              39
  249         260.947   -1683.895         244.049   -1023.706             249              38
   27        -859.085     657.061       -1196.730     950.971              27              39
   55        1584.116    1331.379        1234.199    1034.711              55              38
  180        -694.670     134.114        -248.521    -214.285             180              39
  165          15.034    1038.558         489.264    1398.903             165              38
   59         665.871    -466.174         768.599     -52.639              59              39
   36         293.093      41.773         507.607     727.689              36              38
   50        2018.029   -1716.507         998.807    -563.248              50              39
  246         731.347     497.425        -864.278    -246.474             246              38
   18         -24.415    2585.510        -259.909    1547.332              18              39
  112        1479.164    2269.922        1411.148     983.493             112              38
  223        -643.072     464.117         781.156    -238.582             223              39
   27        -129.207    -378.212         290.666     259.170              27              38
   99         393.471     771.216         309.870     688.729              99              39
   69        1705.408    1244.544        1559.430     886.122              69              38
  138         959.916     264.861        1487.019    -751.315             138              39
  166        -715.716    -392.828         799.188    -583.285             166              38
   62        -164.411   -2402.264         724.923   -1312.881              62              39
   94        -484.272   -1996.555        -774.498   -1494.478              94              38
   31       -2045.433     143.519       -1847.012     258.459              31              39
   11          45.661    1667.271          -8.753    1590.847              11              38
  181        -328.280     180.137         319.733     286.056             181              39
  158         421.035     998.430         189.094     918.300             158              38
  205       -1150.866     908.272         422.158     493.175             205              39
  142         313.643    -266.892         883.677    1385.012             142              38
  217        2303.855    -736.942        2219.665    -389.335             217              39
  103        -512.661   -2103.773          36.529   -1257.609             103              38
  250         -67.934   -1328.993           4.177     552.671             250              39
  216        3971.081   -1580.325        1340.479    -414.681             216              38
  132         248.270     641.386        -403.513   -1095.832             132              39
  100         157.655    -501.451        -299.615     268.221             100              38
  181         910.851    2323.343        -401.576     258.298             181              39
  159        -866.895    1726.113         871.344    1124.665             159              38
  114        1029.409   -1376.963         643.141    -958.983             114              39
  123        -290.522    1580.715        -265.748     804.027             123              38
   95        1132.016     133.809        1482.142    -422.882              95              39
  102       -1431.350    -453.295        -754.670    -934.908             102              38
   31       -1392.646    1235.877        -569.767    1004.824              31              39
   25         138.235     644.635        1162.583     988.285              25              38
   74        1175.251   -1970.753        1065.263   -1077.695              74              39
  200        -524.822     698.280       -1123.844    -343.787             200              38
  163       -1898.129    2507.721          37.837    1539.153             163              39
  250          93.305    -674.073        1575.380     318.180             250              38
   49        -777.516   -1803.782         154.625    -539.401              49              39
   93        1264.688    -255.561         762.164     950.795              93              38
  246        1173.269    -963.948        1467.000    -938.000             246              39
  179          59.427   -1345.806         -71.779    -584.642             179              38
  224        -768.572    -323.495         155.272    -450.357             224              39
  160        -168.883   -1766.844         -38.644     518.487             160              38
   74        2701.574    -538.941        1300.814    -451.469              74              39
   66        -181.573    -509.772        -263.747    -486.937              66              38
    1         829.322     -31.350        1080.080    -190.418               1              39
   54        -361.104   -2650.826        -150.141   -1278.054              54              38
  219        1354.806    -619.756          56.276    -377.004             219              39
  230        -439.058    -856.841        -731.804   -1128.684             230              38
  212        -901.909     595.939        -969.601     504.670             212              39
   10         600.618      47.931          66.232     460.685              10              38
  119        1184.811     783.926         548.921    -177.259             119              39
  161       -1324.280    -416.736        -972.608    -828.701             161              38
   30        -705.751    2492.554        -416.733    1503.279              30              39
  109        -978.419    -769.759         795.335    -506.215             109              38
   50        -528.185    -669.178        -758.996     695.531              50              39
   83        1803.730     451.382        1443.163    -189.385              83              38
   34       -2569.628   -1291.859       -1189.990    -797.439              34              39
    5        1263.249    -561.124         269.606     734.170               5              38
  184        -758.521     391.899        -838.997    -635.673             184              39
  225        -906.721     697.402        -343.130    1574.322             225              38
  156        1411.334    -170.010         677.137      -3.399             156              39
   81         156.740     808.408        -272.435     316.548              81              38
    0        -761.650    1429.489          10.323     586.850              -0              39
  238         270.475     243.847         723.001     683.483             238              38
   38        -675.641      22.893         282.008    -388.282              38              39
  129        -209.736    -996.612         285.551     672.815             129              38
   99        1259.410    -672.886         648.715    -925.715              99              39
  169       -1807.813    -317.390       -1235.323     198.520             169              38
    8         622.145     876.171         446.964     983.162               8              39
   33         129.706    -100.682         195.632     121.500              33              38
  190        -401.576    1037.340         520.286     582.365             190              39
  122         232.554   -2640.193         840.479    -550.897             122              38
   42         333.782    -730.996        -779.349    -871.638              42              39
  196       -2035.609      43.229       -1211.724     946.856             196              38
  195        1789.107     640.962         443.932    1455.630             195              39
   65        1578.255     362.160         718.873      38.577              65              38
  139        -473.747    1987.178        -554.560     706.114             139              39
  111         464.829    1129.561        1406.833    1462.451             111              38
   87        1127.678     -79.291        1115.162    -826.368              87              39
  196       -2334.679   -1101.235          10.351      40.222             196              38
   38        1862.978   -2433.052         169.129    -112.777              38              39
  124        1431.305    1996.858         262.732     711.290             124              38
  167          38.860    -123.210         764.180    -429.792             167              39
  240        -314.233     215.751        -220.259     341.146             240              38
   17         202.074    -558.473         864.350    -325.350              17              39
  206        -318.518    -767.529       -1188.158    -133.878             206              38
  144        -461.700    3741.206         422.741    1845.647             144              39
   57        -795.230   -2344.155        1492.285     -39.452              57              38
  213        1977.208   -1772.545         149.348    -237.170             213              39
   26        1500.575     848.098         784.135     495.740              26              38
   29        1028.375     -18.727         873.323    -841.882              29              39
   14       -1422.211    -392.133        -337.580    -349.615              14              38
  155        -503.818    -477.967         -32.991     -93.518             155              39
  207       -1004.689    -526.486        -312.654     657.667             207              38
  110        1855.671    -416.551        1150.243     367.810             110              39
  211         236.406    -822.236         342.413    -570.855             211              38
   39         329.052   -1483.146         241.393    -547.483              39              39
   49         339.219    -761.537        -989.927    -248.244              49              38
  228         -11.942    2361.945          89.969     869.372             228              39
  194       -1449.589   -1089.211        -313.166      -1.517             194              38
  224         511.218    1445.492          56.169    1496.700             224              39
   97         443.582    -386.507        1247.522     562.851              97              38
   59        1716.940    -195.336        1158.245     148.679              59              39
   42         388.816   -1969.062        1261.079    -644.456              42              38
   78        2408.494   -3032.150         547.763   -1700.953              78              39
  209       -1257.146    -420.679       -1964.112    -870.443             209              38
  224         713.385    1666.560         142.120    1659.217             224              39
  146         291.364    -921.137         174.740   -1100.517             146              38
  147        -490.731    1150.976        -539.428    1217.632             147              39
  234         849.489   -1697.221         581.314   -1052.302             234              38
  170        -778.207    1775.512       -1675.572    1310.176             170              39
  102        1186.238     552.664        1628.739     456.530             102              38
   38        -556.321      67.646        -996.888     116.540              38              39
  236        1026.491     787.727        1317.941     820.536             236              38
   78         294.570    -834.095        -263.445    -613.493              78              39
  127         358.286     626.763         142.064     118.730             127              38
  132       -1601.805    1284.375       -1112.448     521.693             132              39
  199          16.717     263.685        1221.334    1040.059             199              38
   56         115.301   -1152.317        -780.224    -621.832              56              39
  133        -930.163    2535.018          26.304    1631.749             133              38
  158       -1174.685   -1227.455          13.741     573.562             158              39
   12        2277.241     424.892        1141.005    1655.896              12              38
  142        1349.292    -651.265         857.881    -147.851             142              39
  195        3177.225    1000.770        1276.391    1083.242             195              38
   51        1010.016     832.756        1479.710   -1266.507              51              39
  114       -1395.637   -1537.347        -349.158    -498.769             114              38
    5         145.081     282.866         -50.136     151.685               5              39
  253         350.392    -713.027         438.242     327.498             253              38
   36        1184.734    1006.980         364.227      17.002              36              39
  239        -672.807    -678.143         767.398    -392.122             239              38
   31        -326.149   -1062.719        -823.802    -497.932              31              39
  230         109.635     607.433         297.561     537.092             230              38
   72       -1353.542     552.800       -1035.521      66.967              72              39
  198          39.301    1257.302        1592.222    1925.863             198              38
   29         604.985   -3832.889         646.683   -2548.512              29              39
   57       -2070.395     145.329       -2113.683     817.349              57              38
   36        -166.271     705.053         186.084    1160.360              36              39
  100         498.460    -532.724         534.419    1107.644             100              38
  192        1653.152    -414.071         599.044    -186.949             192              39
   31        -215.466     535.953          77.021     699.415              31              38
  122        -129.858    -956.519         365.190    -353.924             122              39
  251        -521.067   -1146.385        -946.047     882.404             251              38
  129        2451.335    2327.974         783.014    1743.151             129              39
   48         539.900     223.763        1737.668     212.784              48              38
  177         636.032   -1600.273         375.999    -391.175             177              39
  191        1316.501    -859.869        1024.414    -339.627             191              38
   37       -1106.675   -1210.937       -1164.669    -821.138              37              39
   16         745.936     207.520         728.760    1190.927              16              38
  229        -454.642   -2411.592        -728.173   -1732.255             229              39
  130        -337.206     508.251       -1154.018    1707.060             130              38
  122         312.966     451.355        -459.724    -233.302             122              39
    8       -1981.029    1798.135       -1185.334    2363.946               8              38
  164         677.942     475.487         531.756    1206.046             164              39
    5         544.649    1072.008         576.175    1811.688               5              38
  149        -229.455    -991.488         386.206     -40.299             149              39
   37         868.216    -308.848        -283.556    1755.318              37              38
  170        -158.321    1801.660        -188.281    1053.309             170              39
  131         694.821      43.093        1191.262    2830.357             131              38
  215        1839.338    -731.824         374.853    -181.150             215              39
   62        1419.639    1969.385         905.125    3347.702              62              38
  209         724.537    -370.892         931.928    -764.632             209              39
   60        -106.235     166.395         413.283    3326.672              60              38
  145        -862.939   -2069.562        -582.613   -1400.120             145              39
   96       -1313.332    1737.318       -1562.437    7537.257              96              38
  193          64.445     631.611         538.585    1189.093             193              39
  204        1399.187    2166.118         637.642   20686.341             204              38
