SINAL     NFT                         FFT                         NFT INVERSA     FFT INVERSA
-----     -----------------------     -----------------------     -----------     -----------
  190       66772.000       0.000       33658.495       0.000             190             128
   69        -855.697     932.256        -261.634  -19607.681              69              67
  197        1195.548     337.856        -466.039     760.687             197             132
  247         872.518    2930.970         982.517   -6313.222             247             156
  113       -1936.862    -882.282        -380.270    -717.698             113              90
   76        -935.920     149.797        -707.197   -3595.731              76              71
  142        -255.918     790.053        -493.754    1255.437             142             104
  138        2027.931    2008.465        1487.819   -1694.433             138             102
  100         386.972      15.001         877.293    -903.527             100              83
  158       -1649.041     424.784        -229.347   -2443.306             158             112
  111        -866.495   -1407.727          81.279    -120.129             111              89
   22        -281.955    -418.108        -746.991   -2058.774              22              44
   25        -927.593    1357.449        -776.547    1562.237              25              46
  111        1668.828    1921.339        1356.259     -49.165             111              88
  238        1304.771     311.081        1719.842    -141.894             238             152
   41        -763.622    -447.057         259.399   -2649.571              41              53
   43       -2398.810    -676.554        -757.775     727.264              43              55
    8        2185.223     -54.964        1151.689    -761.846               8              37
  239        -998.297     541.173         153.075      81.783             239             153
    9         665.546    -775.485        1072.639    -803.350               9              37
   69         323.727    -717.922         618.184    -223.909              69              68
  214         817.763   -1039.814         810.440   -1497.751             214             140
  156        -849.053    -582.850          -3.626     -45.880             156             111
   68        1256.715   -2243.566        1227.862   -1263.214              68              67
  232        1348.428   -1935.701          27.823    -775.367             232             149
  105        1812.670   -1042.912         510.325   -1930.062             105              85
   95       -1250.599    -294.218       -1940.529    -196.044              95              81
  151        2656.825    2549.213        1344.297     978.790             151             108
   49         342.267    -789.961         820.776   -1613.397              49              58
  200         218.693     201.810        -272.146    -844.151             200             133
  160       -1181.242     203.984           3.643    -604.051             160             113
  118        -366.918   -1291.240        -270.443    -795.741             118              92
   77        -317.896     257.149        -540.333     164.230              77              72
  252        1694.573     233.518         867.017      69.316             252             159
  185         156.477     620.030         118.747   -1066.220             185             126
   69       -1510.548    -195.166         -79.137      93.193              69              67
   30        1848.970   -1436.794         790.718    -929.800              30              48
   17        -995.471     102.466        -907.772    -648.235              17              41
   47        1423.981     122.603         612.551     261.663              47              57
  198        -188.841     238.712        -274.143   -1175.537             198             132
  193        -187.489     838.327        -187.917     616.199             193             130
  130         300.667     569.378         801.420    -680.744             130              98
  130        -719.926   -1336.058        -252.545    -706.222             130              98
  151        -335.782     567.765        -491.725    -179.678             151             108
  104         264.823    -577.740         475.694     386.478             104              85
    4        1952.178      18.043         199.439   -1048.208               4              35
   47       -1395.579    1133.513        -558.287      89.166              47              57
  171         589.597     699.286        -151.130     256.134             171             118
  131         491.847    2690.774        1162.066    1040.944             131              99
  213         756.700   -1653.153        1404.584   -1845.323             213             139
  105       -1330.986     446.129        -885.730    -480.904             105              86
  204        -737.573    -377.260         499.367    -463.660             204             135
   70        -453.478    -474.791        -441.465     -51.840              70              68
   36        1144.142     634.099        1113.891    -125.425              36              51
  120        -185.812    -664.008         576.358   -1205.113             120              93
   88       -1087.484   -1590.716        -174.183   -1943.385              88              77
  121       -2919.018    -983.765       -1773.462    -517.626             121              94
  205        -580.057    -885.895        -409.139    -168.262             205             135
  214       -1815.087      10.867       -1733.430     318.046             214             140
   61         768.700    1224.128         511.391    1371.199              61              63
   58        -841.465      35.069        -279.998    -563.499              58              62
   75       -1862.079     282.567        -725.093    1728.935              75              70
  226        4042.726     268.669        2127.805    1484.516             226             146
  116        2662.475      84.434        2041.416   -1433.214             116              91
   42        -628.457   -1463.145        -203.415   -1225.110              42              54
  110         990.548    -379.722         238.390    -675.133             110              88
  200        -572.300     100.535        -735.228    -412.624             200             133
  215        1298.129    1379.671         935.731     324.919             215             140
  188        -997.360    -926.779         -59.364   -2095.149             188             127
   52       -3321.522     659.352       -2095.985     351.928              52              59
  102        -837.165     999.491         515.576    1642.260             102              84
  150        1368.621   -1615.738        1272.155    -306.287             150             108
  152         831.608    -746.631         109.843    -644.892             152             109
  254         275.159     304.557          71.701    -117.242             254             160
  224          11.885     235.276         270.979    -112.896             224             145
  130        -160.867     275.748         196.567    -190.961             130              98
  223       -1033.306     124.616         639.592     378.442             223             145
  194        1929.288   -3465.688        1663.062   -1246.920             194             130
    8         363.277   -1720.173        -887.407   -1923.534               8              37
  239        -273.977    -193.204        -672.638     228.986             239             152
   88        1155.208     957.288         172.765    -359.525              88              77
  120       -1620.530    -521.410          60.836    -440.734             120              93
    5         772.063   -2144.666        -386.701    -859.018               5              36
  231         290.474    1167.038        -667.908     357.095             231             148
    1        1051.711    1160.519         977.030     -23.173               1              34
  131       -1340.320   -1880.895         -60.869   -1694.834             131              98
  219        -305.159   -1009.129       -1422.171    -404.002             219             143
   82        -810.153    1098.491        -536.681     334.520              82              74
  120         600.776    -118.846        -292.034     332.450             120              93
   96         191.944    1613.329         167.680     -25.078              96              81
   49       -1086.555     -45.879        -488.780     257.635              49              58
   54        1534.318     864.778        1182.278     521.398              54              60
  180         791.126   -1397.880         511.682   -1726.265             180             123
   94       -1099.822     492.033        -965.330    -721.603              94              80
   52       -1500.597    -172.421        -624.407    -409.151              52              59
   44       -1013.813     -18.208        -839.327      -8.143              44              55
  189        -216.400     669.654        -341.922      67.828             189             128
   18       -1731.637     661.979        -664.859    -272.611              18              42
   50       -2301.223     375.639       -1013.381     500.534              50              58
   38       -1619.338    -596.504        -122.582     699.558              38              52
   19        1317.612   -1425.159        -209.017     553.657              19              43
   52        1817.916    1400.035         852.724      95.232              52              59
  124       -1195.906   -1249.592       -1258.103   -1229.582             124              95
   38       -1484.373    3409.184       -1359.010    2037.525              38              52
   28         -79.910      66.328         980.383     814.688              28              47
  120         605.132     763.250        -231.015     657.327             120              93
  251         714.531    1654.580         848.770    1172.571             251             159
  232        1278.325    1286.056        1587.156     356.126             232             149
   98          -9.132   -1831.242        1157.716   -1412.809              98              82
  141        -203.918    -735.598        -805.805    -723.889             141             103
  126        -942.091     958.782          19.330     143.622             126              96
   59        -931.861    -941.469         -82.199    -293.085              59              62
   55        -688.207    -466.696        -490.742    -220.114              55              61
  220       -1371.708     299.668        -466.041     828.807             220             143
  213         787.456   -1724.214         537.021      39.259             213             140
  233         961.816     243.796        -845.929     664.766             233             149
  217        2831.740    2802.044        1523.249    1369.395             217             142
    6         183.971     832.070        1223.398    -910.642               6              36
  150        -776.173   -1427.795         328.507   -1007.539             150             108
    2       -1689.080    -610.886       -1304.437    -525.964               2              34
   59         330.878    1248.799         342.975    1820.657              59              63
   71        1568.085     -75.979        1819.835    -771.459              71              68
  166        -993.266   -2312.459        -160.687   -1120.236             166             116
  226         998.715    -394.459        -276.416    -318.457             226             146
  145         -77.920     722.797         294.580     -82.684             145             106
   32        -380.192   -1042.909         184.779   -1130.110              32              49
   24       -1289.057   -1103.546        -752.253    -708.487              24              45
  238       -1208.687    -905.183        -961.259    -623.801             238             152
  172       -1341.922    -126.045       -1295.000     777.000             172             119
  192        1161.989     624.590         541.046     427.123             192             129
    4       -1392.380   -1025.028        -781.730    -601.635               4              35
  191         464.225     129.786        -633.017     822.249             191             128
  162         650.058    1149.173         -22.000     175.257             162             114
    6        -959.953    1040.059        -320.893     297.830               6              36
  162        -826.637    -447.043        -267.255     -26.447             162             114
   83        -843.127     360.609        -891.863     438.613              83              74
  163        -410.927     516.405        -257.748     864.108             163             115
    1        -160.408     493.344        -297.081     480.543               1              33
  219        -831.509     300.659        -747.019     955.922             219             143
  220        1225.835    2081.355          87.799    2105.184             220             143
  191        2100.719    1799.030        1736.137     969.389             191             129
   35         429.599     844.066         639.584     -91.404              35              50
   98        -149.940     549.078         727.554     328.415              98              82
   30        -245.029    -381.956         242.786     -49.180              30              48
  179        1291.416     115.042         782.243     624.690             179             123
  176         630.979     665.153         688.951    -818.410             176             121
  194       -2351.185    -951.226        -624.086      23.697             194             130
  246        1345.070      -9.625         -15.682     681.254             246             156
  203         416.782    1870.891         458.240     966.055             203             135
  232         970.916     834.195        1263.290     277.495             232             149
   41        -316.075    -521.059         713.025    -418.435              41              54
  241         305.004    -299.337         138.769    -336.927             241             153
  246       -1111.005     616.542         174.464     328.024             246             156
  208         -57.108    -792.996         526.054    -137.452             208             137
  221        -933.061    -176.620         126.637     579.212             221             144
    2        2127.315   -1406.141        1910.510     -80.128               2              34
   77          99.851   -2572.350         219.878   -1933.715              77              72
  218        -325.215   -1643.374        -865.955    -607.890             218             142
  151        -731.378    -565.479       -1102.900      60.430             151             109
  150        1346.269     950.901          88.394    1314.417             150             108
   82         593.194      19.218         675.843    -382.283              82              74
   98         469.429    -501.042        -186.278     352.033              98              82
  221        1414.538    -331.457         567.580    -685.852             221             144
   65        -750.892     572.992       -1518.333      75.752              65              65
   98        -221.630    2185.578         278.924    1082.661              98              82
   43       -1229.400      67.196        -806.101     390.754              43              54
  201          58.694    2583.681         708.774    2360.194             201             134
   77        1431.165   -1588.650        1757.619      18.101              77              71
  142        2023.898      62.111         657.905     179.287             142             104
  122         551.393      26.010         943.998    -245.624             122              94
    5         612.931   -1041.695         327.289       4.180               5              36
  219        1417.888    -113.836         589.527       1.397             219             142
  180        1024.621    -348.470         502.381     458.933             180             123
  126        4120.510     109.387        1714.858      -5.485             126              96
  207        1691.887     560.238         900.136   -1543.541             207             137
   85        -948.704     520.261        -517.655    -772.448              85              75
   31        -527.055     422.222         314.221      23.499              31              49
   82         242.373    -636.516          46.024    -993.765              82              74
   11       -2220.981     859.654        -753.831     191.027              11              39
  124         303.714   -1313.389         569.021     329.648             124              95
   85        1108.175    -628.563         211.068    -478.402              85              76
  247         891.490      71.308         -60.176    -100.839             247             156
  121          31.954    1248.990         246.408    -104.646             121              94
  212        -239.196   -1378.237          79.528    -717.641             212             139
   38        -559.023     614.921       -1235.408    -383.098              38              52
  131       -1620.962    1775.266        -648.895    1601.331             131              98
  134        1465.711     631.188        1265.071     547.593             134             100
  204        -774.635     -19.177        -151.741    -119.002             204             135
  240        1012.006     592.913         859.516     728.139             240             153
  131        -446.871    -496.380         133.914    -682.828             131              98
  229         257.968     284.910         266.471    1161.045             229             148
  161        2305.711    -566.931        1430.767    -805.789             161             113
   48        -973.691     526.729        -538.584    -329.110              48              57
   26        -339.289    -369.569         417.234     -12.917              26              46
   50        -569.320     -32.847        -465.007     242.343              50              58
   75         303.951     290.612        1004.061     787.242              75              70
   72         872.380   -2010.159         767.360    -454.938              72              69
  150        1802.289   -1360.989         614.546    -267.886             150             108
  147        2348.715   -1047.766         166.243    -604.455             147             107
  250        1925.934    2371.606         441.724      82.110             250             158
   21        -901.539    -943.199         601.099   -1254.208              21              44
  237         520.776   -1002.345       -1274.529    -415.228             237             151
  105         519.215    2898.843         459.685     899.237             105              86
  237         535.797   -1083.266         576.786    -896.751             237             151
   41         209.785     607.073        -309.444    -668.011              41              54
  152       -1717.087     640.369       -1353.664    -427.805             152             109
  195       -1733.788    2743.613        -180.653    1883.946             195             131
  183         669.329   -2432.401        1019.978    -868.763             183             124
  124        -359.033    1762.871       -1447.362     974.619             124              95
  115        1609.066    1473.573        2107.740     852.259             115              90
   36        -668.183    -697.310        -166.074   -1369.796              36              51
  123        -932.568      64.635        -215.216     435.009             123              94
  225        -322.105     562.795         -83.610     199.250             225             146
  239        -139.384    -567.557         690.362     363.160             239             152
   25         770.116    -629.652         -87.452    -392.291              25              46
  213          84.594     625.763         328.481     519.724             213             139
   24         497.012    -589.848         253.209    -391.956              24              45
   86         307.271     -35.508         -72.376     187.442              86              76
  217         602.939    1123.359          85.789     239.777             217             142
   58        -485.565    -114.761         467.394      87.751              58              62
  134         765.227    -383.455        -474.392     206.928             134             100
  143        1760.807    2658.268        1291.457    1244.442             143             104
   94         271.280   -1084.570        1039.993   -1413.600              94              80
  152         168.380    -302.811        -431.424    -128.213             152             109
   96        -151.231    1006.625          14.413    -601.881              96              81
  178       -2194.614     288.554       -1120.376     876.653             178             122
  126        2209.890    1971.883        1394.144    1222.321             126              96
   87        -885.553    -483.778         719.530    -820.570              87              76
  177          47.166     -19.835        -254.121     430.341             177             122
   73         122.526     684.492        1218.760     635.691              73              69
  116        2028.691   -1938.949        1192.242    -701.056             116              91
  194         600.823     177.543         360.374    -900.734             194             130
    7        -857.057   -1141.197        -294.012    -514.496               7              37
  169         963.441      88.044          99.573     593.876             169             117
  134        2904.400     429.822        1795.303    -145.970             134             100
   27         686.215   -1721.314         514.123   -2690.193              27              46
   17       -1978.275     300.023       -2398.836    -633.572              17              42
   83        -716.084    2625.851         169.948    1141.836              83              74
  165       -1288.303    -756.188        -210.222    -745.317             165             116
    9       -1001.309     521.091        -382.772     905.457               9              37
  167        1618.202    -391.772         888.583     -77.278             167             117
  151         -76.814     455.593         269.473    -731.379             151             108
  247       -1054.213   -1541.917        -702.654   -1007.234             247             157
  188       -1078.455    1126.114       -1206.929     280.230             188             127
  155       -1222.282     116.621        -729.354     734.029             155             111
  120        1431.371    2266.054          95.612    1252.058             120              93
  138       -1151.467    1678.440         419.267     375.169             138             102
  139         465.765    -205.048         598.347     615.439             139             102
  116         542.336     679.081         143.589    -455.930             116              91
   46        -957.498    1933.695          64.031    1145.813              46              56
  175         287.787    -516.047         909.090    -634.187             175             121
   98       -1246.944    1523.116        -814.240    1064.053              98              82
  201        1390.014     967.275        2279.697     447.142             201             134
   66       -1321.877   -1361.779        -224.765   -1358.118              66              66
   54        -583.212     320.804          79.771     716.028              54              60
   37         309.177    -454.234         624.109    -370.597              37              51
   24        -652.000      -0.208        -168.000       0.000              24              36
   72         309.008     454.060         624.102     370.598              72              36
  202        -583.190    -321.259          79.773    -716.027             202              36
   19       -1322.164    1360.899        -224.770    1358.116              19              36
   41        1390.396    -967.395        2279.697    -447.138              41              36
  239       -1246.474   -1523.804        -814.238   -1064.056             239              36
  158         287.676     515.823         909.089     634.190             158              36
  193        -956.749   -1934.329          64.034   -1145.814             193              36
   84         542.710    -678.974         143.587     455.930              84              36
  182         465.624     204.941         598.348    -615.437             182              36
   59       -1150.857   -1679.130         419.268    -375.168              59              36
  221        1432.080   -2265.495          95.616   -1252.058             221              36
  240       -1222.444    -116.837        -729.353    -734.031             240              36
  159       -1078.028   -1126.235       -1206.928    -280.233             159              36
  197       -1054.491    1541.668        -702.656    1007.231             197              36
  109         -76.319    -455.719         269.471     731.380             109              36
  210        1618.087     392.226         888.583      77.279             210              36
  178       -1001.301    -521.521        -382.770    -905.458             178              36
  208       -1288.456     755.516        -210.222     745.318             208              36
  218        -714.987   -2626.147         169.953   -1141.836             218              36
   73       -1977.649    -300.312       -2398.837     633.567              73              36
   37         686.410    1721.617         514.116    2690.194              37              36
  195        2904.853    -428.959        1795.303     145.974             195              36
    5         963.338     -87.646          99.574    -593.876               5              36
  164        -857.373    1140.876        -294.013     514.496             164              36
  200         601.177    -177.405         360.371     900.734             200              36
  203        2028.053    1939.385        1192.240     701.059             203              36
  235         122.570    -684.834        1218.762    -635.689             235              36
  124          47.057      19.626        -254.121    -430.342             124              36
  113        -885.593     483.082         719.527     820.571             113              36
  203        2210.451   -1971.412        1394.146   -1222.317             203              36
  217       -2194.638    -289.340       -1120.373    -876.656             217              36
  139        -150.617   -1006.671          14.412     601.881             139              36
   37         168.531     302.914        -431.424     128.211              37              36
   62         271.206    1084.348        1039.989    1413.602              62              36
   14        1761.811   -2657.823        1291.461   -1244.438              14              36
  186         764.950     383.843        -474.391    -206.929             186              36
  139        -485.640     114.491         467.394     -87.751             139              36
   61         603.370   -1123.171          85.789    -239.778              61              36
  178         307.254      35.728         -72.376    -187.442             178              36
  197         496.778     589.971         253.208     391.957             197              36
  232          84.772    -625.765         328.482    -519.724             232              36
  220         769.806     629.910         -87.454     392.290             220              36
  250        -139.747     567.311         690.363    -363.157             250              36
   88        -322.036    -563.096         -83.609    -199.251              88              36
  218        -932.527     -65.044        -215.215    -435.010             218              36
   43        -668.155     696.796        -166.079    1369.796              43              36
  231        1609.650   -1473.332        2107.743    -852.253             231              36
   56        -358.532   -1762.839       -1447.360    -974.622              56              36
  196         668.354    2432.474        1019.975     868.766             196              36
  211       -1732.986   -2744.472        -180.648   -1883.946             211              36
  148       -1716.542    -640.805       -1353.665     427.802             148              36
  222         210.458    -606.838        -309.444     668.009             222              36
   95         535.766    1083.354         576.784     896.750              95              36
   77         520.427   -2898.568         459.686    -899.237              77              36
   73         520.605    1002.880       -1274.531     415.224              73              36
   86        -901.456     942.811         601.096    1254.209              86              36
  169        1927.219   -2370.800         441.725     -82.110             169              36
  254        2348.478    1048.998         166.240     604.455             254              36
  104        1801.647    1361.764         614.546     267.888             104              36
  159         871.399    2010.263         767.360     454.939             159              36
  212         303.737    -290.810        1004.063    -787.240             212              36
   72        -569.517      32.521        -465.007    -242.345              72              36
  153        -339.443     369.282         417.235      12.918             153              36
  150        -973.272    -527.173        -538.584     329.110             150              36
  204        2305.631     567.592        1430.763     805.792             204              36
  137         257.846    -284.975         266.474   -1161.044             137              36
   51        -447.076     496.039         133.911     682.827              51              36
  208        1012.130    -592.786         859.517    -728.138             208              36
   87        -774.690      18.727        -151.742     119.001              87              36
  243        1465.772    -630.942        1265.072    -547.590             243              36
   89       -1620.540   -1775.817        -648.890   -1601.333              89              36
  243        -558.673    -614.841       -1235.409     383.095             243              36
  179        -239.456    1378.178          79.526     717.641             179              36
  130          32.621   -1249.028         246.407     104.647             130              36
   91         891.696     -70.826         -60.175     100.839              91              36
  218        1107.918     629.054         211.067     478.402             218              36
  175         303.022    1313.337         569.021    -329.647             175              36
  140       -2220.639    -860.559        -753.831    -191.028             140              36
  105         242.474     636.497          46.022     993.765             105              36
   11        -526.634    -422.580         314.221     -23.499              11              36
  129        -947.918    -520.656        -517.657     772.445             129              36
  250        1692.835    -559.643         900.132    1543.544             250              36
  225        4120.723    -107.912        1714.859       5.490             225              36
  120        1024.308     348.864         502.383    -458.932             120              36
  170        1417.698     114.342         589.527      -1.398             170              36
  135         612.426    1041.811         327.288      -4.180             135              36
   23         551.386     -26.022         943.998     245.626              23              36
  114        2023.789     -61.535         657.905    -179.287             114              36
  163        1430.196    1588.725        1757.618     -18.098             163              36
   26          59.046   -2583.994         708.778   -2360.192              26              36
  205       -1229.633     -67.687        -806.101    -390.757             205              36
   25        -220.938   -2185.613         278.925   -1082.661              25              36
  163        -750.569    -572.912       -1518.334     -75.757             163              36
   28        1414.525     332.191         567.576     685.854              28              36
   39         469.174     501.302        -186.276    -352.033              39              36
  162         593.131     -18.994         675.842     382.284             162              36
   97        1346.324    -950.221          88.397   -1314.417              97              36
  143        -731.843     565.647       -1102.900     -60.432             143              36
   61        -325.798    1643.551        -865.956     607.889              61              36
  240          99.076    2572.308         219.875    1933.715             240              36
  234        2126.631    1406.453        1910.510      80.131             234              36
   65        -933.468     175.930         126.636    -579.211              65              36
  212         -57.543     792.591         526.054     137.454             212              36
   19       -1110.826    -617.249         174.465    -328.025              19              36
  172         304.974     299.207         138.767     336.926             172              36
  208        -316.165     520.554         713.024     418.437             208              36
  154         971.246    -834.311        1263.291    -277.491             154              36
  154         417.339   -1870.859         458.242    -966.055             154              36
  166        1344.757      10.168         -15.681    -681.255             166              36
   85       -2351.608     950.277        -624.087     -23.699              85              36
  229         631.439    -665.189         688.949     818.412             229              36
   21        1291.393    -114.754         782.243    -624.689              21              36
  129        -245.302     381.600         242.784      49.180             129              36
  239        -149.726    -549.500         727.554    -328.412             239              36
   63         430.011    -844.272         639.584      91.405              63              36
  122        2101.221   -1798.546        1736.139    -969.386             122              36
  129        1226.043   -2080.835          87.803   -2105.185             129              36
  104        -831.848    -300.729        -747.018    -955.924             104              36
  124        -160.517    -493.293        -297.080    -480.543             124              36
  134        -411.034    -516.427        -257.746    -864.109             134              36
   28        -843.210    -360.746        -891.863    -438.616              28              36
    9        -826.873     446.775        -267.257      26.447               9              36
   97        -959.519   -1040.407        -320.892    -297.830              97              36
  185         650.501   -1148.736         -22.000    -175.257             185              36
   48         464.062    -129.282        -633.015    -822.250              48              36
   83       -1392.800    1024.715        -781.732     601.634              83              36
  141        1162.064    -624.094         541.050    -427.117             141              36
  217       -1342.234     125.866       -1295.000    -777.000             217              36
   35       -1209.020     904.987        -961.264     623.795              35              36
   51       -1289.265    1103.158        -752.255     708.486              51              36
  208        -380.273    1042.624         184.776    1130.110             208              36
  234         -77.414    -722.889         294.580      82.685             234              36
  122         998.661     394.957        -276.417     318.455             122              36
  169        -993.917    2311.978        -160.690    1120.236             169              36
   90        1568.148      76.069        1819.833     771.464              90              36
   12         331.047   -1248.827         342.978   -1820.656              12              36
    5       -1689.334     610.341       -1304.439     525.959               5              36
  105        -776.339    1427.209         328.505    1007.540             105              36
  144         184.710    -832.510        1223.395     910.645             144              36
  200        2832.795   -2801.109        1523.252   -1369.391             200              36
   27         961.599    -243.083        -845.927    -664.769              27              36
   24         786.438    1724.558         537.022     -39.259              24              36
  140       -1371.952    -300.225        -466.039    -828.809             140              36
  102        -688.473     466.452        -490.742     220.113             102              36
  191        -932.200     940.953         -82.200     293.083             191              36
   15        -941.635    -959.230          19.330    -143.622              15              36
    6        -203.944     735.529        -805.807     723.886               6              36
   45          -9.497    1830.819        1157.713    1412.812              45              36
  255        1278.865   -1286.189        1587.157    -356.124             255              36
  200         714.975   -1654.547         848.771   -1172.569             200              36
   65         605.156    -763.082        -231.014    -657.328              65              36
   58         -80.215     -66.556         980.384    -814.686              58              36
   51       -1483.386   -3409.527       -1359.005   -2037.530              51              36
   17       -1196.093    1249.495       -1258.107    1229.579              17              36
  103        1818.486   -1399.225         852.724     -95.230             103              36
   86        1316.669    1425.811        -209.017    -553.657              86              36
   93       -1620.070     595.833        -122.580    -699.557              93              36
  251       -2301.237    -376.567       -1013.381    -500.536             251              36
  120       -1731.224    -662.604        -664.859     272.612             120              36
  145        -215.996    -669.637        -341.922     -67.829             145              36
   12       -1013.733      17.995        -839.326       8.141              12              36
  147       -1500.402     171.963        -624.408     409.149             147              36
  168       -1099.153    -492.288        -965.331     721.600             168              36
  183         791.142    1398.104         511.679    1726.266             183              36
  226        1534.682    -864.414        1182.279    -521.395             226              36
   58       -1086.536      45.435        -488.780    -257.636              58              36
  111         192.694   -1613.200         167.680      25.079             111              36
  182         600.768     119.239        -292.033    -332.450             182              36
   34        -809.764   -1098.471        -536.679    -334.521              34              36
  231        -305.376    1009.390       -1422.171     403.998             231              36
  227       -1340.626    1880.374         -60.873    1694.834             227              36
   87        1052.449   -1160.304         977.030      23.176              87              36
  189         291.013   -1166.598        -667.907    -357.096             189              36
  117         771.343    2145.166        -386.703     859.017             117              36
  218       -1620.532     520.744          60.836     440.735             218              36
  252        1155.799    -956.817         172.765     359.525             252              36
  235        -273.891     193.482        -672.636    -228.989             235              36
  205         362.966    1720.612        -887.411    1923.531             205              36
  187        1928.089    3466.092        1663.060    1246.923             187              36
  214       -1033.384    -125.481         639.592    -378.442             214              36
   85        -160.648    -276.069         196.566     190.961              85              36
   47          12.116    -235.410         270.979     112.896              47              36
   13         275.420    -304.464          71.700     117.242              13              36
  130         831.431     746.934         109.841     644.893             130              36
  213        1367.832    1615.902        1272.156     306.291             213              36
  198        -837.263   -1000.116         515.580   -1642.260             198              36
    8       -3321.223    -660.497       -2095.984    -351.933               8              36
   92        -997.065     926.304         -59.369    2095.148              92              36
  151        1298.991   -1379.348         935.733    -324.915             151              36
  183        -571.978    -100.594        -735.228     412.622             183              36
  137         990.722     380.172         238.391     675.136             137              36
   99        -628.529    1462.824        -203.416    1225.110              99              36
  150        2662.909     -83.808        2041.411    1433.215             150              36
  245        4042.357    -267.481        2127.808   -1484.511             245              36
   10       -1862.602    -283.285        -725.087   -1728.939              10              36
   76        -841.538     -35.459        -280.000     563.496              76              36
  248         768.890   -1223.824         511.394   -1371.198             248              36
  105       -1815.311     -11.220       -1733.430    -318.049             105              36
  223        -580.458     885.879        -409.138     168.262             223              36
  164       -2919.213     982.837       -1773.464     517.623             164              36
  145       -1087.504    1590.190        -174.187    1943.384             145              36
  160        -185.514     663.578         576.356    1205.114             160              36
   32        1144.615    -633.956        1113.891     125.428              32              36
   41        -453.558     474.500        -441.465      51.839              41              36
  159        -737.511     376.757         499.366     463.662             159              36
   81       -1330.394    -446.760        -885.731     480.901              81              36
  122         756.638    1652.963        1404.580    1845.327             122              36
  190         493.041   -2691.003        1162.067   -1040.943             190              36
   43         589.979    -699.087        -151.130    -256.137              43              36
  142       -1394.838   -1133.885        -558.287     -89.167             142              36
  207        1952.530     -17.210         199.436    1048.208             207              36
  246         264.653     577.849         475.695    -386.478             246              36
   23        -335.504    -567.837        -491.726     179.675              23              36
  246        -720.111    1335.745        -252.547     706.221             246              36
  198         301.165    -569.505         801.419     680.746             198              36
  193        -186.929    -838.415        -187.916    -616.199             193              36
  251        -188.361    -238.695        -274.146    1175.535             251              36
  119        1424.259    -122.034         612.551    -261.662             119              36
    1        -995.170    -102.634        -907.773     648.233               1              36
  195        1848.677    1437.419         790.716     929.801             195              36
  204       -1510.450     194.447         -79.136     -93.192             204              36
   63         157.173    -620.080         118.744    1066.220              63              36
  207        1694.877    -232.921         867.018     -69.310             207              36
   81        -317.751    -257.126        -540.333    -164.231              81              36
  163        -367.160    1291.112        -270.445     795.736             163              36
   66       -1180.752    -204.523           3.641     604.051              66              36
   69         219.354    -201.755        -272.147     844.149              69              36
   71         342.629     789.904         820.773    1613.397              71              36
   19        2657.970   -2548.245        1344.300    -978.787              19              36
  248       -1250.402     294.279       -1940.529     196.039             248              36
  183        1812.804    1043.891         510.320    1930.064             183              36
  187        1347.982    1936.327          27.823     775.368             187              36
  245        1255.973    2243.816        1227.860    1263.215             245              36
  105        -849.110     582.278          -3.625      45.878             105              36
  154         817.707    1039.832         810.436    1497.752             154              36
   99         323.699     717.707         618.183     223.910              99              36
  201         665.432     775.294        1072.637     803.354             201              36
  241        -997.796    -541.857         153.076     -81.784             241              36
  119        2185.349      55.503        1151.687     761.851             119              36
  180       -2398.882     675.484        -757.775    -727.265             180              36
  246        -763.053     446.370         259.391    2649.567             246              36
   77        1305.545    -311.165        1719.841     141.897              77              36
  224        1669.736   -1921.080        1356.259      49.167             224              36
  175        -926.898   -1357.672        -776.544   -1562.240             175              36
  116        -281.635     418.160        -746.997    2058.770             116              36
   13        -866.401    1407.242          81.279     120.128              13              36
  111       -1647.953    -425.695        -229.354    2443.307             111              36
   47         388.198     -15.246         877.292     903.529              47              36
  133        2029.550   -2008.000        1487.815    1694.431             133              36
  121        -254.814    -790.071        -493.753   -1255.438             121              36
  160        -934.651    -150.053        -707.205    3595.729             160              36
   34       -1935.201     881.376        -380.271     717.695              34              36
  232         876.165   -2930.775         982.499    6313.221             232              36
   83        1199.130    -337.205        -466.036    -760.688              83              36
  108        -848.396    -932.271        -261.685   19607.669             108              36
