SINAL     NFT                         FFT                         NFT INVERSA     FFT INVERSA
-----     -----------------------     -----------------------     -----------     -----------
  199       65968.000       0.000       33962.495       0.000             199             132
  205       -1075.468    1576.152        -480.701  -19530.863             205             136
   29       -1416.514     664.323         107.692    1161.660              29              47
  248         835.015    -718.591         872.011   -6712.254             248             158
  200        -556.338     645.522        -339.162     895.935             200             133
  168        2295.697     773.151        2351.649   -3571.994             168             118
  132       -1310.051   -2231.132         -50.681   -1842.838             132              99
  214         -23.777    -212.769        -331.840   -2392.485             214             141
  108        -642.788    -562.148          -4.871    -457.410             108              87
  176        -171.184     330.439        -648.941   -1319.566             176             122
   64         401.840    1513.492         991.560     958.467              64              65
  231         267.669    -848.469         640.140   -2103.204             231             149
   52       -1203.867     800.728        -149.938     925.702              52              59
   11        2019.207   -1138.844        2138.375    -595.586              11              39
  110        2430.507   -1663.971        1182.172   -1249.335             110              88
  218        1169.954     -52.970         629.003   -1351.898             218             143
  169        1219.672   -1092.693        1101.078   -1094.180             169             117
   27        1053.883   -1298.269         -93.537   -1887.833              27              47
   53         877.085    1413.972         144.759    -460.849              53              59
   14       -1253.433     470.490          45.944    -673.435              14              41
   54        2143.444    -478.342        1704.935    -515.740              54              60
  168       -1370.081   -1490.322        -518.839   -2593.229             168             118
   10         724.862     -86.491         -39.270     755.733              10              38
   90        2038.615     634.382        1279.190   -1686.316              90              79
  107       -1015.801    -342.240         215.018   -1251.874             107              86
  202       -1304.066   -1970.941        -493.619   -2272.124             202             135
  234        -875.832    -666.251       -1271.114    -274.982             234             150
   71        -356.063    1512.642        -609.493    -351.401              71              69
  156       -1007.245     998.511         413.917     540.662             156             111
  100        -270.930   -1652.661          44.168   -1778.460             100              84
  150       -1147.595     780.147        -987.443     544.123             150             108
  163         -14.880     623.117         332.648    -640.685             163             115
  249       -2399.004     798.235        -524.312     671.140             249             157
   47         782.181   -1544.285         894.937    -638.834              47              57
  234       -1199.208    1393.395        -795.452     547.501             234             150
  153         476.974    -908.756        2029.982     303.314             153             110
   34        2201.722   -2566.787         532.111   -1608.395              34              50
   77        -215.381     680.002         -24.420    -977.778              77              72
  148       -1494.010   -1164.158        -627.027    -537.031             148             107
   34         585.305     429.544         120.913     239.470              34              51
  131         132.942     256.014         799.690    -322.151             131              98
  220        -550.463   -1982.336         370.686   -1440.266             220             144
  139        -716.236   -1385.129        -990.001    -578.133             139             102
  116         562.102    -176.448         246.976     -56.581             116              92
  162        -144.007    -652.057        -814.629    -784.213             162             114
  171        -336.800    2339.759         -14.342    1499.119             171             119
  236        1815.272   -1638.861        2137.022   -1287.158             236             151
   14       -1811.805   -1563.145       -1902.025   -1698.173              14              41
   99         209.731    1605.483         -66.518    1719.925              99              82
   89        1364.788      20.276        1269.135    -985.416              89              78
   69       -1116.339    -818.991        -367.458    -670.034              69              67
  173         972.315     142.277         229.872    -537.535             173             120
   53       -2098.151     345.909        -187.145   -1151.881              53              59
   40       -3058.309   -2332.310       -1336.742    -713.840              40              54
  200        -591.663    -937.537        -706.822     237.700             200             133
  174       -1053.270    -979.170       -1667.109     -44.242             174             121
    6         -57.845    3471.689        -471.959    2868.442               6              36
    1        1638.739    -429.666        2216.473     455.672               1              34
    6        1744.668    -419.093         497.397    -412.703               6              36
   53         296.516    -249.690         687.875    -562.441              53              60
  157          59.085    -282.610        -435.924    -448.983             157             111
  100        -990.639     477.003         -61.885     336.019             100              84
   53         870.708    -260.376         301.478     437.406              53              59
  239         746.686     595.414         859.544      59.191             239             153
   72         383.271    -699.877         586.097    -524.731              72              69
   41        -485.646   -1027.548         -70.638    -523.734              41              54
   44         910.368      53.590          -8.522     399.428              44              55
   27         563.571     498.116        1041.949     194.608              27              47
  162        2111.626   -1636.677        1251.411    -964.806             162             114
  204        -387.377    -849.000        -207.524   -1761.971             204             136
   57        -579.200   -1167.142        -926.350    -456.576              57              61
  151        -715.578    1067.940        -789.151    -165.103             151             109
  218       -1051.445     247.548        -402.434     943.595             218             142
  110        1332.869     762.240         747.689     287.114             110              89
  219        -115.986     137.381         579.879    -157.878             219             142
   33        -491.514    -643.704         235.404    -760.555              33              50
   49       -1128.199   -1162.633        -189.195     -93.702              49              57
  133          80.758   -1245.731          -0.417    -400.461             133             100
  198        -219.694   -1112.903         -73.342     363.999             198             132
  183        2065.907   -1538.369         513.943    -522.322             183             125
   18         573.977     -59.471         -88.205     114.483              18              42
   33        2429.380   -1842.132         781.414   -1136.369              33              50
  194           2.118     678.694       -1615.825    -570.921             194             130
  198         203.913    2093.034          51.665     791.344             198             133
   19        -898.593     708.429        -215.835      -5.382              19              42
  192         554.076    -286.079         689.245     363.944             192             130
    5         652.839    -685.705          82.293   -1097.472               5              35
   51       -1093.804    -552.037        -819.879    -375.755              51              59
  198        -670.956     292.068       -1193.636     278.758             198             132
  251         -43.513     895.148         -59.922    1459.572             251             159
  228        2467.834      -2.232         665.547      -3.125             228             147
  195         -62.182    1566.952        -445.763     277.201             195             131
  170         548.057    1566.385         237.675     864.874             170             118
   49         371.606    1323.905         851.863     543.156              49              58
   31         833.943    -776.163         863.460    -807.826              31              48
    7       -1877.554    -405.171       -1434.293    -390.165               7              37
  161        1078.552    1250.982          -6.865    2164.540             161             113
   40        3039.205    1478.174        1521.107     167.247              40              54
  225         211.016    1987.511         157.257     411.151             225             145
  201         910.012    1634.031        1545.996     415.034             201             134
   85        -229.790    -421.156         673.126    -797.058              85              75
  120         -42.628    -227.859         205.529      -8.472             120              94
   92         900.955     766.901         571.718     210.420              92              79
  255         495.972     535.597        1002.854      60.338             255             161
  125        1351.033     249.691        1182.277    -220.669             125              95
  197         875.450    -572.307        1642.200   -1205.572             197             132
  150         135.493   -2055.433         -35.501   -2274.062             150             108
  166       -1942.015     388.597        -982.412   -1005.433             166             117
  120       -2726.067    -817.911       -1184.042    -519.110             120              93
  168       -1306.443     103.641        -716.589     850.934             168             118
  170         490.677    -143.044         254.675      20.078             170             118
   25       -1267.934    1008.240        -393.927     645.506              25              46
  218         749.335    -487.807        1277.815     233.480             218             142
  145        -455.813   -1209.676          92.016    -785.506             145             106
  244         777.376   -1548.031         595.845    -410.003             244             155
  190        -446.374   -1856.218        -842.454   -1600.493             190             129
   87        -529.020     283.411       -1492.377     669.245              87              76
  172         104.766    2260.570        -138.354     685.557             172             120
   16       -1740.309     504.727        -111.298     606.565              16              41
    7        -189.003    -575.918          53.947     486.086               7              37
  117         327.458    -121.046         228.935     742.639             117              91
  108        1575.971    -375.398         658.553     431.516             108              88
   43        1571.756     408.896         665.049     -52.240              43              54
  170        -118.551     -40.841         -82.632      10.741             170             119
    8        1836.286     884.679         850.473     571.427               8              37
  151        -373.073    -166.223         379.563    -821.488             151             109
  214         186.279    -728.606        -108.905     267.421             214             140
  231         842.089    -201.659          52.395    -265.737             231             149
   91        1278.850    1345.148         -17.000     733.000              91              78
  144        -690.481    1379.331         316.007    -222.362             144             106
   89        -110.663    -309.109         -65.650    1228.786              89              77
  126        2913.741     939.050        1565.859    -236.490             126              97
  221        -578.979     565.046        -396.213       2.337             221             143
   83         958.711    1803.002        1090.483     282.724              83              75
  122       -1560.247    -429.737        -207.782    -159.378             122              94
   73        1148.191    1145.938         940.957     782.748              73              70
  169        -347.780    -567.637         728.392    -331.164             169             117
   71         715.109      75.261         648.573      40.106              71              69
   81        -568.944   -1163.149         578.975     -16.740              81              73
   45        3360.663   -1127.761        1267.595    -348.066              45              56
   49        -511.210     435.875        -121.991   -1063.620              49              57
    2         104.941    -603.701         329.618     459.183               2              35
  132        1411.885   -1080.248         396.442   -1052.613             132              99
  132         -94.860    1480.908        -836.499     855.156             132             100
  176        1944.541    1248.667        1981.162     688.185             176             121
  139        1485.635    -758.885         622.486   -1265.303             139             103
  128          67.556    1499.070         501.454    -203.659             128              97
  152       -1175.122    -694.736        -216.827    -990.379             152             110
   58        -680.046    1201.810         102.000    1296.867              58              62
  246        2433.418   -1024.402        1950.745    -740.896             246             157
   22        -650.475     579.391          65.898    -511.844              22              44
   21        1370.722   -1991.071        1852.438    -840.942              21              44
  183         506.483   -2164.922        -274.312   -2655.312             183             124
  221       -1965.138    -298.244       -1792.185    -658.848             221             144
   44        -780.823    1939.606        -345.923    1133.081              44              55
  235         652.244   -1615.717        1157.582   -1027.470             235             151
  189       -1701.622     144.092       -1895.400    -735.157             189             127
   62       -1014.096     967.269         213.325    1463.752              62              65
  171        1110.909    -721.985         488.895    -587.985             171             118
  241        -869.006     -77.537        -458.126    -156.497             241             154
  130        -604.701    1407.070        -716.417     929.633             130              98
  122         651.015     493.310        1689.303    1243.775             122              95
   53        2610.618   -1132.162         770.116   -1200.200              53              59
  100        -978.279    2176.131         468.712     347.093             100              84
   23         -15.821   -2626.111         731.344   -1369.725              23              44
  165        -600.650     198.392        -614.829      45.552             165             116
  164         427.681   -1024.570         706.296    -489.067             164             115
   34        -657.794    -529.349        -671.998    -209.129              34              51
   74        1389.998    -474.993         590.022     228.547              74              70
  196         966.325     732.693        -133.704    -411.006             196             132
  125        -481.898    1457.043         289.689     381.180             125              95
   43         217.333    -441.172         639.747    -245.638              43              55
  112         534.206    -417.174         284.720    -809.041             112              89
   15        -883.871     791.903        -905.372     -39.819              15              41
   55        -351.774    2801.400         822.926     884.233              55              60
  107       -2780.039   -1918.085         403.405    -952.393             107              87
  101         175.387   -1642.964        -358.737     308.399             101              83
  155        -309.017     666.919         109.571     477.285             155             111
  135        1418.292     298.992        1364.435    1276.829             135             100
  214        1478.271    -917.106        2145.062   -1181.334             214             141
  225         124.783   -3087.337         634.207   -1100.776             225             145
  106        1842.380   -2695.937         575.369   -1853.201             106              87
  216         559.152   -1174.806        -572.271    -822.437             216             141
   40         982.723    -662.883         -13.028   -1807.532              40              54
   14       -3381.315     361.268       -2451.623     -67.638              14              40
  238         864.254     161.022         459.774     870.406             238             153
   31        -587.638     831.220        -923.055     -18.702              31              48
  122         453.319     907.702        1195.316    1443.438             122              95
  238        2738.381   -1553.585        1212.489   -1383.063             238             152
  218        -684.713     318.057        -429.650   -1252.187             218             143
  234       -1879.203     318.593       -1541.053      99.794             234             150
  180        -492.471    2473.719         758.933    1429.326             180             124
  246        -522.927   -2198.107         745.904    -794.730             246             156
   38         297.607    -292.226         230.500      49.920              38              53
   32        -215.796   -2106.075         492.745    -711.858              32              49
  116        1248.962   -1651.944         -32.170    -532.544             116              92
  173         462.684    -517.953        -390.465    -300.117             173             119
  196        1768.777     454.518         443.970     172.084             196             132
  119        -196.490     114.995        -220.394    -793.640             119              92
  234         565.132     351.096         159.291     706.862             234             151
  249        1836.757     296.813         786.325    -994.168             249             157
  235       -1619.070    1018.108        -461.904     -66.142             235             151
  243         807.106    -807.637        1002.560    -394.159             243             154
  232        -451.657    -748.085        -266.270   -1396.746             232             150
  116       -1342.719    -347.101        -705.169    -147.361             116              91
  111         106.202    -640.988         327.559    -331.140             111              89
  196        -134.531   -1623.094        -704.458   -1098.130             196             131
  151        -603.780    1472.249        -917.223     278.553             151             109
   92       -1574.241    -188.665        -260.743      63.802              92              79
   82         413.115    -439.278        -299.213     409.823              82              75
  246         770.516     918.903         401.524      55.916             246             156
   86        -893.578    -715.103         -98.328    -666.620              86              77
   84        -429.503    -365.557       -1069.670     106.194              84              75
  125         158.756    2037.439         392.063    1067.181             125              96
   89         173.650   -1703.295         583.289    -792.299              89              77
  131        -149.585     326.989        -779.383    -212.386             131              99
  193       -1001.937    -551.177        -279.395     334.330             193             129
   68        2241.632     113.269        -213.060     244.911              68              68
  160        -476.950    3272.527        -347.716     692.202             160             113
   84        -429.777    1043.974         857.698     824.374              84              76
  173          49.901    -440.042         276.298    -398.029             173             119
   45          68.905    1140.947         275.351     729.989              45              56
  173          -7.670    -170.273         634.511    -177.004             173             119
  107         803.610     782.915         723.259     741.749             107              87
  239        1173.062    -933.404        1687.594   -1179.767             239             152
    6        -553.984    -960.233        -543.398   -1059.916               6              37
  119        -708.711      33.380          72.438    -240.743             119              92
  140        -322.603    -434.501        -326.612    -197.595             140             104
  220        -446.334     946.756         389.240     361.545             220             143
   64         381.337   -1136.198        1096.146    -377.431              64              66
   96         -73.616   -2121.518         385.210   -1826.598              96              81
  109       -1734.864   -2158.233       -1558.839    -957.682             109              88
  195        -243.997     271.254       -1016.076     721.466             195             130
  139         817.496    1202.762         323.201    1049.342             139             103
  246        1061.174    -189.362        1123.997    -265.523             246             156
  254         730.920    -751.564          74.587    -841.112             254             161
   46       -1184.869     334.255        -406.836    -354.572              46              56
    1         672.187    -878.660         114.790     417.142               1              34
  232        1566.788     984.327         618.586    -864.873             232             149
   13       -2402.761      19.268        -919.243    -240.661              13              40
   16         301.755     673.060         398.147     486.485              16              41
  131        -607.614    -505.176         505.830    -124.851             131              99
   25        1517.832   -1373.770         946.654    -910.408              25              45
   91       -1331.496    -396.895        -876.239   -1114.672              91              79
  113        -748.729      21.524         319.580     465.619             113              89
   62         368.694   -2808.917         429.979   -1624.456              62              65
  165        -470.052    -920.144        -999.768    -622.815             165             115
  219         180.022   -1105.615        -268.788    -713.117             219             143
   79        -602.976     418.299       -1172.355    -345.308              79              72
  120        -913.390    -145.731        -218.873    -162.645             120              94
  118       -1150.205    -277.043       -1415.971    -362.529             118              92
  141        -940.146     864.307        -102.659     982.555             141             104
  168         -24.752   -1704.559        -515.527    -853.963             168             117
   62        -338.404    1767.436        -840.691    1374.245              62              65
  177         634.781     -28.529         926.632    -429.807             177             121
   49       -1403.546    -501.537       -1051.550      71.945              49              58
   98        1354.000       0.301         552.000       0.000              98              36
  126       -1403.771     501.128       -1051.556     -71.948             126              37
   92         634.802      28.674         926.631     429.810              92              36
   68        -337.916   -1767.322        -840.689   -1374.248              68              37
   82         -25.461    1704.763        -515.528     853.963              82              36
   42        -939.996    -864.559        -102.658    -982.556              42              37
  243       -1150.286     276.871       -1415.973     362.528             243              36
    2        -913.299     145.587        -218.873     162.645               2              37
   91        -602.619    -418.201       -1172.356     345.306              91              36
  187         179.803    1106.016        -268.791     713.118             187              37
  190        -470.244     920.252        -999.769     622.814             190              36
   16         367.805    2808.979         429.974    1624.457              16              37
   71        -748.722     -22.021         319.582    -465.617              71              36
  137       -1331.340     396.412        -876.241    1114.669             137              37
    2        1517.557    1374.127         946.653     910.410               2              36
   96        -607.796     504.637         505.831     124.852              96              37
  205         301.950    -673.184         398.147    -486.486             205              36
  237       -2402.495     -20.188        -919.245     240.658             237              37
   53        1567.497    -983.764         618.584     864.874              53              36
   63         671.863     878.942         114.791    -417.142              63              37
  101       -1184.637    -334.651        -406.837     354.572             101              36
   34         730.936     751.807          74.584     841.113              34              37
   88        1061.158     189.573        1123.997     265.527              88              36
  218         817.722   -1202.437         323.204   -1049.342             218              37
  227        -244.177    -270.943       -1016.074    -721.468             227              36
  237       -1735.587    2157.920       -1558.841     957.678             237              37
  140         -74.116    2121.326         385.207    1826.599             140              36
  122         381.017    1135.876        1096.146     377.433             122              37
  210        -446.005    -947.201         389.241    -361.543             210              36
  241        -322.681     434.282        -326.612     197.593             241              37
  128        -708.548     -33.719          72.437     240.743             128              36
   32        -553.969     959.906        -543.399    1059.914              32              37
  233        1173.015     933.413        1687.592    1179.768             233              36
  149         803.878    -783.005         723.260    -741.749             149              37
   54          -7.761     169.975         634.510     177.005              54              36
  200          69.296   -1141.148         275.353    -729.989             200              37
  173          49.749     439.814         276.296     398.029             173              36
   49        -429.378   -1044.520         857.699    -824.371              49              37
  176        -475.602   -3272.613        -347.715    -692.202             176              36
   63        2241.658    -112.104        -213.059    -244.912              63              37
   77       -1002.304     551.019        -279.394    -334.330              77              36
  220        -149.423    -326.895        -779.383     212.383             220              37
    1         173.105    1703.250         583.286     792.301               1              36
  171         159.380   -2037.452         392.066   -1067.180             171              37
  250        -429.688     365.631       -1069.671    -106.195             250              36
  146        -893.697     714.783         -98.328     666.620             146              37
  231         770.926    -918.624         401.523     -55.915             231              36
  159         412.795     439.526        -299.211    -409.822             159              37
   30       -1574.368     188.103        -260.743     -63.803              30              36
  206        -603.106   -1472.233        -917.222    -278.556             206              37
   33        -134.905    1623.312        -704.462    1098.127              33              36
  189         106.035     641.005         327.557     331.141             189              37
   10       -1342.693     346.636        -705.169     147.361              10              36
  198        -451.543     747.878        -266.274    1396.745             198              37
  187         807.044     807.666        1002.559     394.161             187              36
  159       -1618.368   -1018.826        -461.904      66.141             159              37
  135        1837.261    -296.178         786.325     994.170             135              36
   99         565.343    -350.836         159.294    -706.863              99              37
  234        -196.220    -114.945        -220.396     793.639             234              36
   73        1769.082    -453.693         443.971    -172.083              73              37
  208         462.491     518.454        -390.465     300.117             208              36
  102        1248.289    1652.573         -32.169     532.543             102              37
  100        -216.675    2105.866         492.743     711.858             100              36
   75         297.371     292.100         230.503     -49.920              75              37
   73        -523.802    2197.452         745.903     794.731              73              36
   54        -491.729   -2474.276         758.936   -1429.324              54              37
   56       -1878.927    -319.159       -1541.052     -99.799              56              36
   77        -684.040    -318.159        -429.654    1252.185              77              37
  186        2738.117    1554.417        1212.487    1383.066             186              36
  101         453.436    -907.754        1195.321   -1443.435             101              37
  198        -587.408    -831.343        -923.055      18.700             198              36
   86         864.144    -160.547         459.777    -870.404              86              37
  170       -3381.013    -362.104       -2451.623      67.634             170              36
  180         983.059     663.594         -13.032    1807.533             180              37
  151         559.105    1175.357        -572.272     822.434             151              36
  252        1841.608    2696.708         575.364    1853.203             252              37
  202         123.787    3087.032         634.205    1100.778             202              36
  149        1477.990     916.980        2145.059    1181.340             149              37
   19        1418.111    -298.986        1364.438   -1276.826              19              36
  192        -309.138    -667.159         109.573    -477.284             192              37
  121         174.465    1642.875        -358.736    -308.400             121              36
   40       -2780.770    1916.465         403.401     952.394              40              37
  214        -350.594   -2802.051         822.929    -884.231             214              36
   89        -883.326    -792.189        -905.373      39.816              89              37
  221         534.345     417.311         284.718     809.042             221              36
  129         217.318     440.975         639.746     245.638             129              37
  131        -481.176   -1457.377         289.690    -381.178             131              36
  233         966.826    -732.237        -133.704     411.006             233              37
  176        1389.788     475.603         590.023    -228.545             176              36
   56        -658.042     529.172        -671.997     209.126              56              37
   56         427.351    1024.614         706.296     489.068              56              36
   67        -600.552    -198.648        -614.827     -45.555              67              37
   83         -16.582    2625.749         731.341    1369.726              83              36
   10        -977.207   -2176.809         468.715    -347.093              10              37
  130        2610.420    1132.896         770.112    1200.202             130              36
  119         650.915    -493.432        1689.308   -1243.770             119              37
   83        -604.421   -1407.347        -716.416    -929.634              83              36
  148        -868.964      77.334        -458.127     156.495             148              37
  239        1110.626     722.244         488.893     587.986             239              36
  139       -1013.950    -967.697         213.330   -1463.751             139              37
  131       -1701.396    -144.531       -1895.402     735.152             131              36
  241         651.897    1615.795        1157.578    1027.474             241              37
  254        -780.140   -1939.926        -345.921   -1133.081             254              36
   81       -1964.849     297.926       -1792.185     658.845              81              37
  219         506.342    2165.185        -274.315    2655.312             219              36
  199        1370.326    1991.148        1852.436     840.945             199              37
   37        -649.981    -580.000          65.896     511.844              37              36
  244        2433.209    1024.852        1950.743     740.901             244              37
  191        -679.745   -1202.351         102.002   -1296.866             191              36
    1       -1175.077     694.075        -216.829     990.378               1              37
  102          68.584   -1499.249         501.452     203.660             102              36
   64        1485.811     759.214         622.484    1265.306              64              37
  228        1945.044   -1248.251        1981.164    -688.184             228              36
   44         -94.309   -1480.792        -836.497    -855.160              44              37
  208        1411.595    1080.887         396.439    1052.613             208              36
  233         104.725     603.627         329.619    -459.182             233              37
  229        -510.757    -436.076        -121.993    1063.619             229              36
  207        3360.321    1128.868        1267.594     348.069             207              37
  101        -569.554    1162.670         578.974      16.741             101              36
  194         715.085     -75.372         648.574     -40.104             194              37
  203        -347.969     567.120         728.392     331.165             203              36
    4        1148.502   -1145.891         940.960    -782.746               4              37
   55       -1560.336     428.880        -207.782     159.377              55              36
  199         959.534   -1802.967        1090.485    -282.721             199              37
  196        -578.502    -565.321        -396.213      -2.339             196              36
  156        2914.140    -938.104        1565.859     236.494             156              37
  187        -110.994     308.958         -65.648   -1228.787             187              36
   69        -689.914   -1379.698         316.010     222.366              69              37
   62        1279.451   -1344.557         -17.000    -733.000              62              36
  116         841.963     202.176          52.390     265.734             116              37
    6         185.964     728.693        -108.903    -267.422               6              36
  198        -372.991     165.951         379.559     821.487             198              37
  124        1836.637    -884.117         850.475    -571.426             124              36
   50        -118.584      40.834         -82.634     -10.743              50              37
  145        1571.903    -408.323         665.049      52.242             145              36
  242        1575.551     375.969         658.555    -431.515             242              37
  180         326.981     121.128         228.936    -742.640             180              36
  154        -189.618     575.708          53.947    -486.087             154              37
  208       -1740.294    -505.556        -111.296    -606.566             208              36
  144         105.535   -2260.419        -138.354    -685.558             144              37
  225        -528.956    -283.082       -1492.376    -669.247             225              36
  139        -446.903    1856.386        -842.458    1600.490             139              37
  160         776.856    1548.254         595.843     410.005             160              36
  229        -456.277    1209.276          92.015     785.506             229              37
  194         749.029     487.682        1277.815    -233.480             194              36
  119       -1267.719   -1008.873        -393.926    -645.507             119              37
  228         490.505     143.166         254.675     -20.078             228              36
   25       -1306.661    -104.099        -716.587    -850.936              25              37
   81       -2726.229     816.918       -1184.042     519.107              81              36
  175       -1941.296    -389.269        -982.414    1005.429             175              37
  192         135.507    2055.332         -35.507    2274.062             192              36
   62         875.788     572.131        1642.197    1205.575              62              37
  171        1351.405    -249.686        1182.276     220.671             171              36
   31         496.319    -535.781        1002.854     -60.336              31              37
  158         901.315    -766.810         571.719    -210.419             158              36
  244         -42.621     227.638         205.529       8.472             244              37
   78        -229.670     420.618         673.125     797.060              78              36
   87         910.841   -1634.204        1545.998    -415.032              87              37
  108         212.019   -1987.614         157.257    -411.152             108              36
  196        3039.783   -1477.110        1521.108    -167.242             196              37
  105        1078.572   -1250.404          -6.863   -2164.540             105              36
  217       -1877.761     404.720       -1434.295     390.159             217              37
   75         833.884     776.264         863.458     807.827              75              36
  192         372.123   -1324.041         851.865    -543.155             192              37
  180         548.636   -1566.222         237.676    -864.875             180              36
   29         -61.492   -1566.744        -445.763    -277.203              29              37
  146        2467.776       3.298         665.545       3.127             146              36
  188         -43.553    -894.954         -59.918   -1459.571             188              37
   45        -671.017    -291.969       -1193.636    -278.761              45              36
   54       -1093.861     551.922        -819.880     375.752              54              37
   31         652.806     685.987          82.290    1097.472              31              36
  222         553.972     286.166         689.245    -363.942             222              37
  210        -898.263    -708.848        -215.835       5.383             210              36
  107         204.876   -2092.750          51.668    -791.343             107              37
   87           2.709    -678.088       -1615.826     570.915              87              36
  120        2428.934    1843.355         781.411    1136.373             120              37
  103         573.913      59.911         -88.205    -114.484             103              36
  117        2065.177    1539.294         513.942     522.323             117              37
   42        -220.418    1112.887         -73.341    -364.000              42              36
   20          80.083    1245.720          -0.419     400.460              20              37
  121       -1128.710    1162.075        -189.195      93.701             121              36
  175        -491.637     643.247         235.402     760.555             175              37
  145        -115.772    -137.705         579.878     157.879             145              36
  198        1333.067    -761.918         747.688    -287.111             198              37
   70       -1051.498    -247.908        -402.432    -943.595              70              36
  243        -715.111   -1067.977        -789.151     165.101             243              37
  203        -579.347    1167.200        -926.351     456.574             203              36
  138        -387.225     848.934        -207.527    1761.970             138              37
  193        2111.335    1637.211        1251.409     964.808             193              36
  101         563.723    -498.144        1041.950    -194.605             101              37
   86         910.304     -53.270          -8.521    -399.428              86              36
  106        -486.017    1027.340         -70.638     523.737             106              37
  227         383.145     699.758         586.097     524.730             227              36
  229         746.914    -595.348         859.543     -59.193             229              37
  159         870.465     260.566         301.479    -437.405             159              36
   24        -990.544    -477.397         -61.884    -336.020              24              37
  105          59.142     282.625        -435.925     448.982             105              36
  119         296.628     249.727         687.873     562.441             119              37
  186        1744.569     419.542         497.394     412.704             186              36
  245        1638.249     429.863        2216.473    -455.665             245              37
    9         -57.197   -3471.613        -471.954   -2868.442               9              36
  141       -1053.967     979.307       -1667.110      44.237             141              37
  200        -592.316     937.577        -706.821    -237.702             200              36
   31       -3059.165    2331.165       -1336.745     713.836              31              37
  186       -2097.550    -346.892        -187.147    1151.881             186              36
  115         972.762    -142.002         229.872     537.534             115              37
  112       -1116.296     818.515        -367.460     670.033             112              36
    4        1365.069     -20.043        1269.132     985.421               4              37
   28         210.233   -1605.306         -66.516   -1719.925              28              36
   67       -1812.060    1562.734       -1902.029    1698.166              67              37
  131        1814.990    1639.154        2137.018    1287.162             131              36
  191        -336.004   -2339.985         -14.338   -1499.119             191              37
  232        -144.080     652.237        -814.629     784.211             232              36
  114         562.097     176.802         246.977      56.580             114              37
  108        -716.660    1385.011        -990.004     578.129             108              36
   17        -550.914    1981.924         370.681    1440.268              17              37
  117         133.270    -256.294         799.689     322.154             117              36
  232         585.510    -429.391         120.915    -239.470             232              37
   19       -1494.224    1163.587        -627.028     537.029              19              36
  212        -214.657    -680.052         -24.421     977.778             212              37
  222        2201.075    2567.446         532.108    1608.395             222              36
   42         476.489     908.403        2029.984    -303.308              42              37
  107       -1198.750   -1394.053        -795.451    -547.505             107              36
  223         781.618    1544.319         894.934     638.840             223              37
   85       -2398.676    -799.411        -524.312    -671.140              85              36
  251         -14.393    -623.280         332.646     640.683             251              37
   50       -1147.080    -780.481        -987.442    -544.126              50              36
  102        -271.176    1652.439          44.164    1778.460             102              37
  181       -1006.577    -999.142         413.919    -540.663             181              36
   52        -355.174   -1512.638        -609.494     351.398              52              37
  222        -875.667     666.254       -1271.115     274.978             222              36
  231       -1304.151    1970.453        -493.626    2272.124             231              37
  177       -1015.025     341.594         215.017    1251.875             177              36
   65        2039.561    -633.835        1279.187    1686.317              65              37
  179         725.164      86.795         -39.267    -755.734             179              36
  111       -1369.979    1489.765        -518.845    2593.226             111              37
   48        2143.845     478.730        1704.934     515.743              48              36
   52       -1252.755    -471.191          45.943     673.435              52              37
   77         878.340   -1413.604         144.759     460.848              77              36
  142        1054.122    1298.786         -93.542    1887.834             142              37
  105        1219.917    1092.979        1101.077    1094.182             105              36
   10        1170.544      53.270         629.000    1351.894              10              37
   12        2430.383    1664.630        1182.170    1249.336              12              36
  121        2018.860    1139.058        2138.374     595.590             121              37
  181       -1203.424    -801.502        -149.936    -925.703             181              36
  139         267.896     848.206         640.133    2103.204             139              37
   71         402.834   -1513.639         991.562    -958.466              71              36
    6        -170.538    -330.480        -648.945    1319.565               6              37
  211        -642.225     561.907          -4.872     457.411             211              36
  184         -22.926     212.721        -331.845    2392.479             184              37
  157       -1309.482    2230.362         -50.685    1842.837             157              36
  168        2297.362    -772.885        2351.640    3571.998             168              37
   83        -554.613    -645.915        -339.161    -895.936              83              36
   42         836.841     718.603         871.993    6712.251              42              37
   56       -1413.059    -665.165         107.695   -1161.661              56              36
  113       -1067.902   -1576.577        -480.753   19530.850             113              37
