SINAL     NFT                         FFT                         NFT INVERSA     FFT INVERSA
-----     -----------------------     -----------------------     -----------     -----------
  107       64212.000       0.000       34936.495       0.000             107              86
   97       -1647.056   -1068.561        -992.343  -19654.451              97              84
  177        1340.771     421.637        1193.059     831.917             177             121
  215        -650.910   -1089.301        -261.845   -7416.558             215             143
  119         654.435     -22.105         372.749     899.626             119              92
  202        1326.770     473.145         257.110   -4346.174             202             137
  202        -874.093    1818.693         988.119     796.060             202             134
   74         362.007   -3771.659         895.754   -4606.491              74              73
   44         102.535     419.287        -682.423     -92.584              44              55
  176        -984.646   -1766.925         439.404   -3404.814             176             124
   35       -1204.994   -1752.176       -2058.420    -316.120              35              50
   11         436.445    2009.858        -230.674    -255.211              11              41
  215         236.025     219.160         672.913     369.542             215             140
  231         494.198   -1018.665          90.258   -1756.585             231             151
  143         628.856     384.461        -142.221     556.897             143             104
   27        1860.070     269.065         588.523   -1417.255              27              49
  150       -1045.961    1999.782        -806.495     135.249             150             108
  196        -694.259    1325.690         484.303     559.149             196             134
   12        2040.666      36.186        2001.888     -43.029              12              39
    2        -375.080   -2165.680         113.156   -2164.437               2              37
  133        2043.654     687.999         106.040     567.487             133              99
  254         299.670    1638.606         993.378   -1221.103             254             163
  232        -719.982   -1200.431         671.747    -363.963             232             149
  241        1483.676   -2387.618         378.522   -2177.849             241             156
   60         -57.477    1178.463        -957.073    -237.258              60              63
   20        -750.009    1160.719         210.964     -79.509              20              46
  223        1693.872    -137.242        1491.403    -177.086             223             144
  178        -484.478   -1507.076        -156.078   -2865.671             178             125
  202       -1826.860     925.806       -1064.483     611.495             202             134
  251        -145.024   -1885.316         632.631   -1696.598             251             161
  133        -903.080    -258.955       -1864.405     418.157             133              99
   57        1987.369    1638.959        1243.612     167.655              57              64
  231       -1182.992     467.025        -582.633    -445.458             231             148
   84         840.585     192.086        1099.874     271.863              84              78
   56        1507.550    -852.079         335.180   -1596.215              56              61
   17       -1426.504    1750.219       -1049.063    -421.442              17              44
  119       -1128.595    1901.773         320.227     651.627             119              92
  140       -1433.674   -1009.774         396.788    -803.012             140             106
  224         120.322     -30.702          35.691     477.630             224             145
   39         664.497    -313.198        1349.366    -810.937              39              55
   96        -325.799   -1160.295          -2.839    -917.411              96              81
  130        -308.369   -1234.420         246.040   -1248.169             130             101
   53       -1153.067    -513.453       -1224.719    -235.392              53              59
  172         801.883     475.554        1029.522     542.892             172             122
    1        1163.856   -1305.628         500.388   -1470.746               1              33
   87        -734.856       2.933         -86.769    -519.039              87              79
  189         994.600   -1712.875         251.705   -1568.622             189             127
   93       -2487.285     665.042       -1832.742    -738.930              93              82
   82        -157.812     356.056          89.492    1042.343              82              74
  106         620.463     291.780         319.921    -940.826             106              89
   55       -1460.224     294.516        -420.151     179.104              55              60
  230         923.909     -44.123         706.540    -358.330             230             151
  152        -803.754     -61.727          -8.610    -799.135             152             109
   30        -463.544    -138.194          35.543    -261.840              30              51
   59         -28.563    -646.127        1013.493   -1150.778              59              62
   40       -2101.760   -3029.550       -1369.092   -2240.054              40              56
  225       -1413.658     798.948       -1184.164     544.725             225             145
   26        -994.896   -1535.359        -261.849    -769.468              26              49
  147        -322.349     319.731        -520.206     182.538             147             106
  143       -1043.124   -2258.028        -410.159   -1511.963             143             107
  188       -1181.659     892.953       -1979.468     491.347             188             127
   36       -1408.781      85.201        -183.535     205.031              36              54
  207        -161.062     517.087        -748.162     682.213             207             136
   31       -1153.858   -1030.393         221.806    -803.379              31              51
  143       -1484.098    -716.003       -2561.135     561.102             143             104
  104         556.516    2560.844         487.196    2081.972             104              88
  143        1132.766    -235.661         302.895     244.382             143             104
   12         614.752    1482.225         279.770     485.087              12              42
  198         -26.790     915.147          14.146     561.548             198             132
  186         566.470     709.064         756.083     419.697             186             129
  136         833.044     988.148         285.530     380.926             136             101
   12         248.885    1165.712        1261.049      14.709              12              42
  133        -274.586    -787.780         344.552    -469.923             133              99
  111         639.684    -624.169         797.878    -762.703             111              91
  251        -909.275      35.194        -865.406    -577.280             251             158
   31        -505.001     988.215         682.739     324.318              31              51
   54       -1478.485   -1141.870        -369.351    -948.251              54              60
  230        -871.159    -290.828           3.897     571.846             230             151
  192         538.069    -502.179         469.031    -394.401             192             129
  250        -960.933   -1246.146         394.321    -624.221             250             161
  226        -607.768   -2043.879        -948.275    -797.644             226             146
  175         233.181      45.891         238.378     888.549             175             123
  125        1784.611   -1927.823         372.960   -1524.221             125              95
  132       -1519.186     366.347       -1496.717     138.913             132             102
  242        1979.697     485.284         369.971     356.668             242             154
   40       -1137.296    1760.941        -577.705    -343.053              40              56
  219       -1038.784     565.498          80.290     569.122             219             142
   16       -1115.839   -1290.847        -220.711   -1050.535              16              44
   30       -1778.411     675.625       -2039.043    1175.860              30              48
  220         646.364    2530.949        1411.674    2023.644             220             146
   68         296.164   -1594.740         773.422    -413.580              68              67
  152        1814.929     125.262        1048.280     544.132             152             112
  164         931.024    -851.999         614.130   -1559.247             164             115
  247       -1598.407     328.194        -935.570     407.577             247             159
   42        1398.812     657.662        1164.771     342.111              42              54
  173        -870.765   -1531.459         222.056    -941.233             173             122
  200        1275.980     390.087        -478.203     390.640             200             133
   98         133.635    2491.770        1764.367     672.237              98              85
   96         485.945   -3362.893        1177.287   -2325.945              96              81
   55       -2271.569    -619.367        -994.252    -968.070              55              63
   91        -553.704   -2778.685          95.783    -685.849              91              78
  155         121.860   -1627.248        -565.957   -1028.490             155             113
   55        -793.142   -1099.035        -988.489    -818.749              55              60
    1       -1591.436    -670.994       -1094.912     222.734               1              36
  162        1515.725   -1270.320        -299.381    -134.118             162             114
   63        -266.834     970.708        -650.997    -145.751              63              67
  158        -548.141   -1012.740       -1333.427    -717.260             158             112
   15       -2156.646    3789.375       -2022.595    2096.880              15              43
  231         628.020     892.656        1382.512    1121.672             231             148
   82       -2008.626     701.621        -963.403     311.533              82              77
   53         738.425    -555.981        1077.040    1517.878              53              59
   28        1374.667     268.240         104.863     167.351              28              50
   12        2361.635     913.702        2123.362    1062.200              12              39
  223         774.777   -1936.300         624.257   -2692.802             223             147
  154       -1916.433    -767.217       -1593.919     168.770             154             110
  208        1145.574     814.325        -109.503     247.928             208             140
  183       -1010.516    1054.913        -487.099     733.800             183             124
  162        1043.161    1378.059         324.581     941.276             162             117
  102         275.453    1623.724        1159.322     605.250             102              84
  220        -320.172    -735.889         420.549    -600.594             220             146
   91        -446.303     629.204         373.926     869.937              91              78
   70        1189.741   -1299.680        1497.988    -477.197              70              71
   70         486.021   -1371.077         407.426    -668.657              70              68
  222        1178.381   -1105.469         308.625    -786.526             222             147
  155         -72.461     833.880         -29.587    -180.702             155             110
   64        -755.198    -955.363         416.137    -483.627              64              68
  235         481.773   -1218.838         149.812    -225.505             235             150
   77         930.101    -564.208         606.218    -538.208              77              74
   10         627.055   -1394.961         628.000    -952.000              10              38
   50         324.603   -2095.669        -531.082   -1983.436              50              61
   64       -1868.307     999.563       -1499.058     118.296              64              65
  105        -588.872   -1069.962         129.914     -69.634             105              88
  182         217.266    -571.413        -328.114     -70.977             182             124
  188         745.274   -1689.771         458.132    -783.301             188             130
    9         594.611    -942.517        -974.372   -1013.767               9              37
   15        -734.062      70.289        -933.927    -431.278              15              43
  236        -592.034     658.589       -1401.472     249.499             236             151
  133        -710.205    1397.151        -402.673     753.588             133             102
  150         375.538     602.252          67.909     560.028             150             108
  180          20.847    -604.712         303.351    -716.165             180             126
   73         -93.184    -332.271       -1402.677      79.360              73              69
  240        1192.965    2677.103         442.077     573.135             240             156
  226       -1994.659     378.002        -649.814    -643.646             226             146
  187        -832.966      77.701        -400.001     256.314             187             129
   81       -1383.849     538.670       -1221.566    -285.532              81              73
   65       -2080.710    1600.128        -723.591    1554.807              65              68
  112         359.222    -401.461         399.986     237.075             112              89
   65        -673.400     443.464        -701.748     444.392              65              68
  171         704.792    1475.264         182.339     857.929             171             118
   65       -1311.840    1360.185          18.380      12.868              65              68
   34       -2014.112     -36.651        -481.535     613.499              34              50
  111        -505.411    -251.162         376.240     522.695             111              91
  189        -722.619   -1941.552        -618.607    -323.315             189             127
   21          18.185    1550.995       -1347.900    1737.674              21              46
   79        1181.266    3371.917        1547.618    2253.887              79              72
   21         441.743   -1266.551        1381.644    -636.284              21              46
  251          29.157     350.105        -301.378     526.765             251             158
  145         425.978     799.242        1087.008     530.390             145             108
   68        -449.276    -103.250         480.458     248.303              68              67
  165         721.598   -1564.372        1481.343    -165.084             165             118
   66         367.148   -2104.345        -273.883   -1116.005              66              66
   28           2.397     112.286          -2.002     775.665              28              50
  216        1911.877   -1095.706         995.500    -485.769             216             141
  110        -500.477    -778.275        -391.042    -867.279             110              91
  148        -744.308    -764.114        -957.311     401.353             148             107
  208        1830.399     713.109         493.611    1306.648             208             140
   36        2372.942     466.432        1290.647    -285.688              36              51
  156         142.182    -497.419         252.591    -704.067             156             114
  155         841.554    -695.346         -91.507   -1055.497             155             110
  206       -2501.897     675.974       -1950.399    -144.292             206             139
  205          69.818    1893.410        -190.005    2106.461             205             135
  114         432.195    1171.038         811.194     212.079             114              93
  211        -804.665     481.606          18.056     938.913             211             138
  120        1219.745      71.060        1289.241     413.031             120              96
  200         551.608    -780.903         660.719    -381.228             200             133
   12        -193.730    -731.409        -348.039    -453.778              12              42
  157        -351.359    1669.148        -104.885    1724.145             157             111
  188        1968.329   -1207.693        2207.671      39.609             188             130
  203        1748.411   -1018.929         180.553    -405.176             203             134
  215        2111.551     511.557        1515.547     -94.579             215             143
  241         941.427    -649.178         373.490   -1027.567             241             153
   93         568.926    -250.594         794.969    -824.492              93              82
  155        -208.560   -1053.939        -704.038   -1075.057             155             110
  236          12.933    1524.508         424.062     -20.674             236             154
   25       -2608.370   -1991.730        -664.186   -1392.485              25              45
   92        -265.575   -1107.624        -789.567     526.493              92              82
   51         492.681     491.822        -195.078    -121.775              51              58
   17       -1266.851     303.506        -354.009     550.557              17              44
   28          76.994    -454.120          31.045     355.543              28              47
  215         567.827    -445.319         435.330     784.726             215             143
  157        2820.436    -458.897        1028.736    -161.072             157             111
   68         200.583     -49.928         311.305    -590.627              68              70
   14         958.256    -775.832         -26.864    -102.897              14              40
   52        1227.955     437.227         793.731    -229.322              52              62
   23         830.345   -1604.256        -189.446   -1282.791              23              44
  232        -275.666    1787.410        -824.555     104.574             232             152
  222        -196.792     124.273         250.785       4.651             222             144
   96        -632.119     409.517        -671.408    -683.921              96              84
   19       -2350.829     718.410       -1032.302    1216.612              19              42
  241        2368.665     449.748        1373.149     867.409             241             156
  252         -68.103      -3.313         353.309    -817.357             252             159
  241        -655.942    -504.039        -215.024     -10.706             241             156
   69         149.082      -0.302         181.487     606.638              69              67
  142        2656.903   -1064.149        1634.802    -644.236             142             107
   58       -1050.848   -1019.916       -1058.877   -1870.666              58              62
   51       -1128.568    -442.703       -1039.365     499.898              51              61
   18         422.659     836.161        -881.567     366.689              18              42
   90         -15.895    2086.240         487.971    1583.181              90              81
   58        1559.405   -1025.274         915.771    -619.135              58              62
  143          53.364     947.666        -182.774    -157.961             143             107
  153       -1446.926    -743.114        -502.041    -309.362             153             109
  160         860.839     414.881        -469.254    1118.655             160             116
  234        1007.495    1967.655         654.891     622.691             234             150
  226         490.396     287.286         700.392     477.019             226             149
  174        1341.033     739.711         975.008     -73.790             174             120
  140         230.652    -906.993         955.009    -870.848             140             106
   11        -957.333   -1262.301       -1014.497   -1106.192              11              38
  159        -253.405     123.004        -242.467    1094.237             159             115
  183        2206.524    -346.797         260.033    -139.749             183             124
  210        1595.281    2256.894         586.710     773.205             210             141
  126         346.557     618.467         511.604    -936.855             126              96
   13        -691.939     990.844         192.959     605.822              13              42
  156         538.016   -1396.660         642.315   -1439.285             156             111
   97        -684.819     264.633       -1009.743     543.365              97              84
  205        1931.796     897.007         882.721    -500.103             205             135
  156       -2456.597    1665.737       -1168.850     452.745             156             114
  208         977.584     622.538        1586.470     702.652             208             137
  167         171.340   -1580.298         396.609    -970.187             167             119
  202        1930.225     167.588         255.265    -685.446             202             134
  255       -2111.086    1907.860        -679.278    -358.973             255             163
   43        -932.638    -392.961         246.951      53.456              43              54
  212       -1079.792     513.202        -359.898     -18.963             212             142
  255         102.384    -622.246        1180.345     131.579             255             160
  113         319.900   -2481.845         -46.269   -2152.418             113              92
  151       -2664.934     133.984       -2207.237    -369.412             151             108
  197       -1468.796    1008.329        -883.953    1613.637             197             134
  195        1330.027     830.978         778.918     808.689             195             130
  207        -228.231     693.261         201.927     -66.468             207             139
  218       -1008.314     646.515          63.172     383.497             218             142
    4        -729.493    -773.267         499.097     362.752               4              38
  135        1410.028   -1205.477         552.595      12.253             135             100
   27        1401.408     372.364         860.949      25.857              27              49
  175        1005.382   -1019.725         837.711   -1296.198             175             120
  155       -1268.232    -715.629        -820.686   -1079.578             155             113
  125        -819.822    -501.976        -712.418    -114.127             125              95
  192        -545.570     431.369        -694.480     184.695             192             132
  253        -348.616    1022.495        -223.448     819.535             253             159
  239         477.242     799.484         849.401     298.846             239             155
   26        -980.762    -813.183        -144.931    -573.092              26              46
  111         546.485     623.134         478.329     744.250             111              91
  169        -420.891   -1471.119         779.921   -1730.565             169             117
  219       -2289.841   -1953.267       -1822.323    -288.086             219             145
  247         451.081     282.331         -85.881     481.418             247             156
   31       -1197.516    -692.941        -944.884     312.953              31              51
  177        1255.055     925.184          70.205    1259.886             177             121
   18         835.953     895.165         700.919     920.702              18              45
  229        2338.000       0.299        1528.000       0.000             229              36
  182         835.997    -894.950         700.915    -920.701             182              39
  127        1254.946    -924.565          70.208   -1259.885             127              36
   53       -1198.104     692.751        -944.886    -312.955              53              39
   44         450.872    -281.950         -85.880    -481.418              44              36
   69       -2290.645    1952.635       -1822.325     288.080              69              39
  190        -421.208    1470.704         779.918    1730.566             190              36
  198         546.694    -623.195         478.330    -744.250             198              39
   45        -981.032     812.643        -144.933     573.093              45              36
   83         477.536    -799.581         849.401    -298.843              83              39
   66        -348.360   -1022.623        -223.445    -819.535              66              36
  182        -545.461    -431.380        -694.480    -184.697             182              39
  127        -819.937     501.866        -712.417     114.126             127              36
    9       -1268.153     715.256        -820.688    1079.575               9              39
  136        1005.413    1019.940         837.708    1296.200             136              36
  154        1401.606    -371.982         860.950     -25.855             154              39
  239        1409.353    1205.858         552.595     -12.252             239              36
   77        -730.085     772.669         499.098    -362.751              77              39
   71       -1008.166    -647.204          63.172    -383.497              71              36
  138        -227.921    -693.532         201.927      66.468             138              39
   90        1330.089    -830.609         778.920    -808.688              90              36
   63       -1468.829   -1008.699        -883.948   -1613.639              63              39
  112       -2664.755    -134.552       -2207.238     369.406             112              36
   86         319.370    2481.970         -46.276    2152.418              86              39
  208         102.193     621.894        1180.345    -131.575             208              36
  241       -1079.602    -513.859        -359.897      18.961             241              39
  181        -932.626     392.330         246.952     -53.456             181              36
  141       -2109.939   -1908.724        -679.280     358.970             141              39
   75        1930.750    -166.802         255.264     685.448              75              36
   30         170.940    1580.181         396.607     970.187              30              39
  129         977.751    -622.631        1586.473    -702.647             129              36
   24       -2455.807   -1666.718       -1168.848    -452.751              24              39
  229        1932.418    -896.268         882.720     500.104             229              36
  107        -684.620    -264.696       -1009.740    -543.369             107              39
  183         537.737    1396.727         642.311    1439.286             183              36
  125        -691.357    -991.344         192.961    -605.821             125              39
   56         347.198    -618.506         511.602     936.857              56              36
  119        1596.347   -2256.224         586.713    -773.204             119              39
  222        2206.306     347.841         260.032     139.748             222              36
    2        -253.615    -122.879        -242.464   -1094.239               2              39
   88        -957.684    1262.059       -1014.501    1106.192              88              36
   37         230.629     906.826         955.008     870.851              37              39
  173        1341.415    -739.527         975.007      73.792             173              36
  240         490.504    -287.328         700.394    -477.018             240              39
   29        1008.113   -1967.321         654.892    -622.690              29              36
  218         860.731    -414.340        -469.251   -1118.656             218              39
   99       -1447.249     742.686        -502.042     309.360              99              36
   58          53.917    -947.612        -182.774     157.961              58              39
  186        1559.085    1025.723         915.770     619.136             186              36
  210         -15.333   -2086.280         487.975   -1583.180             210              39
  126         422.791    -835.659        -881.566    -366.691             126              36
   59       -1128.767     442.696       -1039.363    -499.901              59              39
  222       -1050.827    1019.756       -1058.881    1870.664             222              36
  129        2656.699    1065.001        1634.801     644.240             129              39
  248         148.846       0.262         181.488    -606.638             248              36
  206        -656.151     503.725        -215.025      10.705             206              39
  147         -67.935       3.122         353.307     817.359             147              36
  240        2368.598    -449.088        1373.152    -867.405             240              39
  216       -2350.834    -719.220       -1032.299   -1216.614             216              36
  231        -631.773    -409.668        -671.409     683.920             231              39
  170        -196.509    -124.326         250.785      -4.650             170              36
   71        -274.742   -1787.232        -824.553    -104.576              71              39
   75         830.147    1604.801        -189.449    1282.791              75              36
  151        1228.276    -436.727         793.732     229.324             151              39
  161         958.035     776.273         -26.865     102.898             161              36
  171         200.711      50.052         311.303     590.628             171              39
   98        2820.203     459.913        1028.736     161.074              98              36
  132         567.262     445.525         435.333    -784.725             132              39
   35          76.460     454.089          31.045    -355.544              35              36
  198       -1266.903    -303.960        -354.007    -550.558             198              39
  105         492.775    -491.476        -195.077     121.773             105              36
   33        -266.203    1107.741        -789.565    -526.496              33              39
   53       -2608.940    1990.654        -664.190    1392.484              53              36
  119          13.843   -1524.637         424.062      20.676             119              39
  190        -208.545    1053.935        -704.040    1075.055             190              36
   59         569.245     250.710         794.969     824.493              59              39
  114         941.583     649.368         373.487    1027.567             114              36
  134        2111.916    -510.894        1515.548      94.583             134              39
   81        1748.008    1019.505         180.552     405.175              81              36
  205        1967.584    1208.023        2207.671     -39.604             205              39
   90        -351.166   -1669.446        -104.884   -1724.146              90              36
  162        -194.077     731.374        -348.041     453.778             162              39
  156         551.307     780.869         660.718     381.229             156              36
   29        1219.523     -70.980        1289.242    -413.028              29              39
   27        -804.730    -482.188          18.058    -938.914              27              36
  176         432.468   -1171.115         811.193    -212.077             176              39
   69          70.176   -1893.316        -190.000   -2106.461              69              36
   81       -2501.579    -676.484       -1950.401     144.286              81              39
   14         841.675     695.856         -91.509    1055.498              14              36
  170         142.300     497.469         252.591     704.067             170              39
   18        2373.214    -465.642        1290.646     285.691              18              36
   38        1830.283    -712.285         493.615   -1306.647              38              39
   83        -744.894     764.122        -957.311    -401.356              83              36
    7        -500.688     778.231        -391.044     867.278               7              39
   93        1911.436    1096.330         995.499     485.771              93              36
   22           2.176    -112.231          -1.999    -775.666              22              39
   92         366.285    2104.452        -273.885    1116.005              92              36
    3         720.822    1564.207        1481.343     165.087               3              39
  113        -449.527     102.579         480.457    -248.304             113              36
  192         426.100    -799.451        1087.008    -530.386             192              39
   32          29.112    -350.269        -301.378    -526.766              32              36
   87         441.178    1266.217        1381.641     636.288              87              39
  147        1182.062   -3371.850        1547.623   -2253.883             147              36
  164          18.201   -1550.634       -1347.896   -1737.678             164              39
  199        -723.698    1941.458        -618.609     323.313             199              36
  172        -505.897     250.736         376.240    -522.693             172              39
  120       -2014.354      35.636        -481.534    -613.499             120              36
  166       -1311.278   -1360.898          18.381     -12.867             166              39
   78         705.283   -1475.028         182.341    -857.930              78              36
  173        -673.404    -443.573        -701.747    -444.393             173              39
  224         358.817     401.497         399.986    -237.074             224              36
   59       -2080.407   -1600.885        -723.586   -1554.808              59              39
   62       -1383.601    -539.002       -1221.566     285.530              62              36
   67        -832.839     -77.939        -400.002    -256.314              67              39
   22       -1994.183    -378.779        -649.816     643.645              22              36
   87        1194.199   -2676.498         442.079    -573.132              87              39
   87         -93.222     332.672       -1402.676     -79.362              87              36
  138          20.733     604.840         303.349     716.165             138              39
  247         375.719    -602.115          67.909    -560.027             247              36
   92        -709.771   -1397.167        -402.670    -753.587              92              39
  107        -591.722    -658.344       -1401.472    -249.501             107              36
  223        -733.802     -70.008        -933.927     431.276             223              39
  244         594.535     943.197        -974.375    1013.764             244              36
  215         744.739    1690.247         458.131     783.304             215              39
  235         216.958     571.575        -328.114      70.977             235              36
  128        -589.352    1069.778         129.915      69.636             128              39
  131       -1867.771    -999.971       -1499.057    -118.299             131              36
  126         324.297    2096.058        -531.084    1983.438             126              39
  166         626.834    1395.118         628.000     952.000             166              36
   99         929.994     564.453         606.213     538.207              99              39
  101         481.291    1218.908         149.812     225.505             101              36
    2        -755.484     954.849         416.134     483.627               2              39
  229         -71.939    -833.993         -29.587     180.702             229              36
   29        1178.155    1105.922         308.622     786.526              29              39
   39         485.577    1371.081         407.425     668.659              39              36
  248        1189.178    1299.658        1497.986     477.200             248              39
    5        -446.260    -629.750         373.927    -869.936               5              36
  147        -320.394     735.366         420.546     600.594             147              39
  142         276.078   -1624.031        1159.324    -605.247             142              36
  224        1043.516   -1377.792         324.582    -941.275             224              39
   31       -1010.212   -1055.154        -487.097    -733.800              31              36
  122        1145.780    -813.667        -109.503    -247.929             122              39
    7       -1916.618     766.854       -1593.919    -168.773               7              36
   94         774.518    1936.418         624.249    2692.803              94              39
  121        2361.973    -913.170        2123.363   -1062.197             121              36
  197        1374.402    -267.811         104.863    -167.351             197              39
  161         737.669     556.077        1077.044   -1517.876             161              36
   14       -2008.722    -702.539        -963.404    -311.536              14              39
  240         628.091    -892.668        1382.515   -1121.668             240              36
  124       -2155.545   -3789.781       -2022.590   -2096.886             124              39
  238        -548.348    1013.112       -1333.428     717.259             238              36
  213        -266.355    -970.355        -650.996     145.749             213              39
  171        1515.153    1271.306        -299.382     134.118             171              36
  192       -1591.891     670.782       -1094.910    -222.736             192              39
  156        -793.440    1099.089        -988.490     818.747             156              36
  223         121.328    1627.534        -565.959    1028.488             223              39
  108        -554.744    2778.417          95.781     685.850             108              36
   84       -2271.564     618.410        -994.253     968.067              84              39
   64         485.209    3362.493        1177.283    2325.948              64              36
  139         134.715   -2492.277        1764.371    -672.233             139              39
  146        1276.155    -389.608        -478.204    -390.641             146              36
   13        -871.228    1531.019         222.054     941.232              13              39
   96        1399.026    -657.456        1164.771    -342.110              96              36
   25       -1598.237    -328.758        -935.569    -407.580              25              39
  202         931.025     852.221         614.127    1559.249             202              36
  127        1814.899    -124.794        1048.282    -544.130             127              39
   21         295.350    1594.449         773.421     413.581              21              36
   71         646.808   -2531.033        1411.679   -2023.640              71              39
   88       -1778.499    -676.037       -2039.041   -1175.863              88              36
  224       -1116.283    1290.437        -220.715    1050.535             224              39
    1       -1038.482    -566.108          80.292    -569.121               1              36
  113       -1136.351   -1761.292        -577.705     343.052             113              39
  117        1979.985    -484.339         369.972    -356.668             117              36
  168       -1518.994    -366.452       -1496.715    -138.916             168              39
    1        1784.063    1928.648         372.956    1524.221               1              36
   92         232.956     -45.693         238.380    -888.548              92              39
  255        -608.640    2043.745        -948.276     797.642             255              36
  136        -961.343    1245.598         394.319     624.221             136              39
   42         537.854     502.089         469.030     394.403              42              36
  187        -871.416     290.331           3.899    -571.846             187              39
  106       -1478.802    1141.033        -369.354     948.250             106              36
   78        -504.476    -988.693         682.740    -324.316              78              39
  128        -908.978     -35.588        -865.408     577.277             128              36
  131         639.726     624.215         797.876     762.706             131              39
   70        -274.683     787.276         344.551     469.925              70              36
   32         249.500   -1166.044        1261.050     -14.705              32              39
  178         833.494    -988.066         285.531    -380.925             178              36
  125         566.686    -709.008         756.084    -419.695             125              39
  156         -26.486    -915.263          14.147    -561.548             156              36
   54         615.264   -1481.944         279.772    -485.085              54              39
  107        1132.508     236.067         302.896    -244.383             107              36
   52         556.932   -2560.430         487.202   -2081.967              52              39
  104       -1484.700     715.958       -2561.135    -561.103             104              36
  241       -1154.287    1030.101         221.802     803.377             241              39
   93        -161.006    -517.111        -748.161    -682.215              93              36
  144       -1408.877     -85.537        -183.536    -205.031             144              39
   84       -1181.329    -892.993       -1979.466    -491.351              84              36
  107       -1043.762    2257.897        -410.164    1511.963             107              39
   31        -322.175    -319.782        -520.205    -182.539              31              36
   50        -995.415    1535.070        -261.852     769.468              50              39
   73       -1413.317    -799.269       -1184.164    -544.726              73              36
   95       -2102.425    3028.887       -1369.098    2240.049              95              39
  149         -28.352     645.764        1013.490    1150.781             149              36
   60        -463.308     137.767          35.543     261.840              60              39
   32        -803.400      61.253          -8.612     799.136              32              36
   78         924.118      44.246         706.540     358.333              78              39
  235       -1459.905    -295.149        -420.150    -179.105             235              36
  225         620.840    -291.643         319.918     940.827             225              39
  120        -157.661    -356.109          89.493   -1042.343             120              36
   29       -2486.699    -665.670       -1832.743     738.924              29              39
  180         994.514    1713.309         251.700    1568.622             180              36
  207        -734.474      -3.226         -86.769     519.040             207              39
  218        1163.773    1305.909         500.386    1470.746             218              36
  167         802.068    -475.400        1029.524    -542.889             167              39
   29       -1153.156     513.116       -1224.719     235.389              29              36
   11        -308.507    1234.248         246.037    1248.170              11              39
  233        -325.870    1159.908          -2.841     917.412             233              36
    8         664.616     313.062        1349.366     810.941               8              39
  183         120.326      30.447          35.692    -477.632             183              36
  211       -1433.901    1008.815         396.786     803.013             211              39
   57       -1127.605   -1902.589         320.228    -651.628              57              36
  140       -1425.271   -1750.639       -1049.063     421.440             140              39
  211        1507.857     852.640         335.177    1596.215             211              36
   71         840.848    -191.970        1099.876    -271.857              71              39
  244       -1182.475    -467.572        -582.634     445.457             244              36
  143        1988.184   -1638.186        1243.612    -167.655             143              39
  182        -903.093     258.973       -1864.403    -418.164             182              36
   60        -145.463    1885.235         632.625    1696.600              60              39
   61       -1826.157    -926.498       -1064.481    -611.498              61              36
    9        -484.258    1506.847        -156.086    2865.670               9              39
  100        1694.305     137.482        1491.404     177.089             100              36
  115        -749.264   -1161.132         210.963      79.510             115              39
  194         -56.483   -1178.230        -957.073     237.256             194              36
  181        1483.301    2388.225         378.515    2177.848             181              39
  143        -719.980    1199.755         671.746     363.965             143              36
   43         300.872   -1638.805         993.375    1221.106              43              39
   13        2044.301    -687.179         106.042    -567.487              13              36
  220        -375.436    2165.440         113.150    2164.437             220              39
  102        2040.967     -35.997        2001.888      43.032             102              36
   17        -693.645   -1326.279         484.304    -559.145              17              39
  150       -1044.678   -2000.116        -806.494    -135.250             150              36
  145        1860.764    -268.242         588.518    1417.251             145              39
   89         629.337    -384.051        -142.221    -556.898              89              36
   13         494.221    1018.889          90.253    1756.585              13              39
  174         236.488    -219.207         672.914    -369.540             174              36
   28         437.461   -2009.433        -230.675     255.209              28              39
  107       -1205.103    1752.182       -2058.420     316.114             107              36
  100        -984.397    1766.547         439.395    3404.816             100              39
  188         103.676    -419.222        -682.423      92.584             188              36
   85         361.736    3771.457         895.742    4606.488              85              39
  113        -872.212   -1819.520         988.121    -796.059             113              36
  239        1328.418    -472.764         257.097    4346.173             239              39
  114         655.976      22.340         372.751    -899.624             114              36
  225        -649.061    1088.948        -261.864    7416.551             225              39
   83        1344.149    -421.350        1193.062    -831.914              83              36
   30       -1640.757    1067.816        -992.395   19654.436              30              39
