SINAL     NFT                         FFT                         NFT INVERSA     FFT INVERSA
-----     -----------------------     -----------------------     -----------     -----------
   53       63129.000       0.000       33424.495       0.000              53              60
   41         914.727    -399.035         750.627  -19343.462              41              52
   29        -500.474   -2548.450         -29.883   -1502.760              29              48
  165         816.480   -2007.675       -1151.564   -6919.416             165             114
   11         995.401     426.946        -713.317    -411.954              11              39
   16        -363.979     444.587       -1082.638   -3785.190              16              40
   47         946.945      17.660        -501.838    -346.671              47              57
  142        -969.323    1871.393       -1774.543   -2773.480             142             103
  106       -1600.456    1133.721       -1016.052     931.707             106              86
   58         775.097    2105.039        -891.456    -840.238              58              61
  211         335.556    3138.462        1038.169    1023.969             211             139
    4       -1069.779    -506.507        -242.932   -2775.532               4              34
   34       -2265.349     584.972        -891.175     580.130              34              50
  138         149.954   -1350.679        -226.326   -1608.354             138             101
   18        -599.362     859.676       -1195.181     318.557              18              42
  135        -538.712     782.122        -577.031    -559.217             135              99
  167        -541.867    1004.281        -887.257     753.961             167             117
  190         -57.349    2094.174        -209.360     304.162             190             127
  152        -608.860     880.773         161.573     730.575             152             109
  244         358.025     487.956         153.168     124.486             244             154
   27        1225.036     -19.270         889.042     187.568              27              47
   68         424.793     -74.256        -553.521    -803.855              68              66
  182        1105.934    1780.216         363.314    1359.338             182             124
  202        2267.755     905.084        1157.307    -775.775             202             133
  175        -141.835     844.104         163.588    -253.532             175             121
  168        1596.046     457.357         583.685    -631.758             168             116
  197        -161.974    1439.334         260.979   -1013.575             197             132
  104       -2133.784    -451.180        -823.178   -1027.061             104              84
  189        -882.269     700.308        -785.801     106.729             189             128
  136       -1058.669    1009.652        -246.463     629.857             136             100
  225        1577.138    -303.886        1041.441    -363.928             225             146
   61       -1030.307     128.257        -955.884    -965.010              61              62
  163        -136.318     870.508        -288.952     358.421             163             115
   97        -568.624    1472.999        -592.918     201.757              97              80
  114          -4.426    1805.394         423.660     255.599             114              90
   46       -2960.129    1348.011        -905.769     615.923              46              55
  119        1935.700     230.998        2197.474    1033.067             119              93
   96        -383.419   -1060.158         222.482   -1591.111              96              80
   99        1226.067    -980.262        1108.198    -333.542              99              83
  254       -1560.179   -1435.236       -1348.112   -2307.475             254             159
  128        -447.215     473.511        -537.594    1067.485             128              97
   50        -666.227     242.107        -841.658   -1124.425              50              57
  217        -953.666    1562.867        -219.020    1704.965             217             142
  239        -261.967    -527.935         105.311   -1249.866             239             151
  108       -1119.545     471.925        -699.360    1684.648             108              87
  203        2604.984     674.226        1378.002    -616.096             203             133
  232       -2052.607      17.031        -175.796    -114.221             232             149
  155         851.105   -2131.013           6.099   -1356.219             155             109
  246       -1791.236     972.523       -1502.126     499.399             246             156
  178         636.477    -336.609          -3.614      92.024             178             121
   10        -636.849    1762.219        -967.456     999.962              10              38
  123        1269.148    1261.813         892.189     926.958             123              93
  203         515.051     939.944         628.242     -95.699             203             135
   84        -282.302    -376.864        -234.073    -487.198              84              74
  185        -137.389    2366.513        -223.346    1003.923             185             126
  180        -776.600     319.313         628.822      64.100             180             122
  221         499.504     582.641         459.725     861.724             221             144
  135        1037.919    -925.389        1483.983   -1008.230             135              99
  217        -287.255    -857.141        -966.844    -588.890             217             142
   53         158.274    1540.101         148.720     379.938              53              58
  240        -397.778     357.638        -197.874     391.640             240             153
  147        1557.202    1764.555        1028.112     459.342             147             105
   92       -1370.526    1148.529         239.728    -357.263              92              79
   38        -770.293    -244.157        1055.604     409.574              38              51
   16         377.067   -2574.024         645.933   -1714.846              16              41
  162       -1750.431    -198.791       -1316.368     358.685             162             113
   84        2107.168    -152.199        1658.484     690.709              84              75
  207         788.108   -1331.139         298.605   -1280.738             207             135
  159        1492.827     412.442         687.655     120.575             159             113
  198         101.299    -758.412         609.223   -1723.628             198             131
   39        -693.108   -1300.883        -479.028    -625.000              39              53
  224         690.582    -946.857         130.406   -1277.373             224             144
   73       -1442.256    -732.459       -1533.164   -1019.717              73              70
    6        -920.434    1154.763       -1086.471     799.054               6              35
  139        1083.186    1050.889         466.068     306.318             139             103
  181       -1068.000    1349.575        -266.345    -330.559             181             122
   32        -847.342      42.899         333.452    -134.894              32              49
    2       -2345.213    -558.809        -945.076    -781.134               2              33
    2        -569.730    -315.635          78.200    1140.499               2              34
  134        1124.119   -1639.012         729.937   -1622.759             134              99
  218       -2671.671    -668.865       -2381.460    -513.171             218             142
  103       -1145.168    2006.827        -618.300    2099.857             103              83
  224        1804.812    -573.782        1461.543     401.006             224             145
  146        -381.697     120.957        -196.244    -694.393             146             105
  196        -189.968   -1454.427         144.376     405.933             196             131
  165        1986.230     285.905          -7.370    -487.138             165             114
   97       -1021.107    1084.385        -206.062     361.761              97              82
  118         260.659     666.969         380.435     208.746             118              91
   93        -476.018   -1587.141         856.256    -643.521              93              80
  200         392.968   -1866.759       -1248.101   -1055.555             200             132
  255        -345.587    2327.826        -241.400    1347.116             255             161
   11         856.081    -575.754         680.482    -258.722              11              37
  178         604.399     334.514         535.941    -229.499             178             122
  161        -913.773   -1391.131        -530.631   -1262.181             161             112
    8         -41.592     317.200        -477.598     674.987               8              37
   99         225.117     266.324         -28.503    -592.496              99              81
  174        -762.651     347.428         -25.593     717.938             174             120
   42        1415.705   -1075.067         492.740   -1289.250              42              53
  139       -2173.407     604.062        -923.287     -30.214             139             103
  233        -245.244   -2503.571        -325.507    -995.615             233             148
  219        -970.252    1261.386       -1892.183     893.643             219             143
  176         331.818     896.114         708.180     854.990             176             120
  202         282.191    -705.107        -160.826     -45.872             202             134
   16         877.506    -261.161         105.161    -336.102              16              40
  152        -541.863     202.399       -1303.252     262.674             152             109
  172        1797.096    2132.624         538.828    1207.174             172             118
  109         155.099     531.779         160.821    -863.449             109              88
  183       -1973.033    1687.395       -1648.323     850.293             183             123
  101         778.276    2920.088        1342.691    2318.321             101              84
  198        1466.602   -1216.494        2008.114   -1194.978             198             131
   64          82.601   -1135.690        -414.316   -1038.792              64              65
  249        -338.747     892.272        -346.918    -366.353             249             156
  226        -854.373      96.784        -261.858     -10.712             226             146
   60        -453.050     465.027        -434.189    -608.220              60              62
   82       -2763.583     591.222       -1269.769     543.120              82              74
   52         137.814    1172.531         -88.346    1409.573              52              58
  103         977.255    1165.878        1511.031     571.130             103              85
  174        -729.451   -1111.253        -206.980   -1456.231             174             119
  187       -1663.349    1666.538        -537.114    1542.051             187             127
   94         817.749   -1092.922        1702.337    -881.225              94              79
   42       -2384.688   -1598.642       -1344.531    -516.604              42              54
   64         992.329     -44.994         485.273     489.078              64              64
  229       -1386.202    -553.220        -297.926    -362.058             229             148
   90         569.105   -1422.881         386.764      59.096              90              77
  142         -75.050   -1444.583        -388.522   -1106.756             142             104
  183       -1244.559    -246.635       -1567.553     120.663             183             123
   52        -890.078     945.532        -321.788    1380.121              52              59
   47        1171.061   -1574.641         358.370     110.932              47              55
   39         955.981     869.152        -325.000     641.000              39              53
  223         844.816       0.483         658.285     154.687             223             143
   16         402.721    -749.007        -376.971    -156.091              16              41
   46        1459.850     471.925        -157.624     514.005              46              55
  250        1417.434    1821.037         319.470     346.359             250             158
    5        -932.534     781.899        -211.835    -326.006               5              34
   24        -754.309      54.575        -460.774     938.773              24              45
   58        2115.851     588.427         471.833     377.310              58              61
  253         305.000    1902.637         313.050     710.300             253             160
  226        1420.686    -352.572         723.501    -566.163             226             145
   72        -569.101    2728.277        -630.003     578.682              72              69
  218        -743.123     331.311        1302.378     -33.559             218             141
    9        -908.527   -2109.827        -778.357    -733.109               9              38
  132         754.803     838.533        -426.289     533.895             132              98
  156        -775.554    2339.584        -471.075    1334.399             156             111
   46        1853.726     907.780        2148.132     976.533              46              55
   48         836.176   -1308.174         605.621   -1596.549              48              57
  118        -445.104     350.910        -439.105    -264.384             118              91
  248        -987.890     627.744        -501.273     -30.077             248             157
   75        -649.386     743.072         173.623     708.177              75              69
   14         371.966    -925.790         357.182    -467.643              14              40
   16        -762.295     855.139        -814.828      81.953              16              40
  188       -1012.683     955.540          83.053    1143.289             188             127
  230        1300.956    -325.827        1059.526       8.576             230             147
  107        -732.701    -799.421        -230.037    -890.733             107              87
   25       -1501.394      64.485       -1476.310     328.616              25              44
  150        -782.692    1925.093        -295.520    2296.897             150             108
  236        2440.719     793.721        1698.549    1073.783             236             150
  149         -57.483     628.650         895.926     204.038             149             108
  253        1344.973   -1466.022        1007.314     136.842             253             158
   32        1254.281     884.855         639.488     371.821              32              49
  198        1878.094    -813.625        1750.759     139.006             198             131
  126        2468.679    -282.224        1236.856    -992.635             126              96
   93          77.409   -1395.255         782.394   -1323.601              93              78
  140         920.393   -1781.341        -428.413   -1304.702             140             103
  151        -385.624     775.052        -650.033    -378.762             151             107
   93        -499.215     181.206        -592.471     288.390              93              80
   70         503.241    1623.665         147.663     694.919              70              67
   67         187.784     683.627        1063.998     725.219              67              67
   16        2218.673   -2102.580        1594.098   -1338.262              16              40
  120        -110.788    -487.544       -1159.271    -919.061             120              93
  245         857.689    1788.751         643.660     840.759             245             154
  155         848.861    -721.429         762.929    -827.038             155             111
  132        1202.149     390.341         639.358    -589.883             132              98
   24        -141.774   -1157.125         194.428   -1494.621              24              45
  125         334.991      56.060        -425.278   -1192.265             125              94
   26       -2904.047    -184.078       -1358.961   -1131.601              26              46
  193       -1201.267     824.584       -1389.732     490.043             193             128
   84       -2813.555    1244.387        -318.989     567.050              84              75
  110         518.569   -2397.043        -102.175     112.814             110              87
   95        -203.565    2361.112        -633.277     261.260              95              81
  131       -1822.789    -577.840         284.969     789.282             131              97
  120        1309.372   -1634.173         202.941    -234.302             120              93
  198        1340.598    -148.708          36.414     277.605             198             131
  105        1375.850    1174.167         250.782    -279.289             105              86
   97       -1210.521     -44.182        -111.864    -257.613              97              80
   42         357.797   -1213.430        -624.029    -407.117              42              54
  108         141.643    1670.121        -880.696     757.897             108              86
  158         389.718    1786.782         174.087    1016.851             158             112
  145        1095.109    1462.143         774.206     539.658             145             104
  137          51.492     253.703         583.429    -320.417             137             102
  120        1071.066     -69.858          78.784    -224.408             120              92
  134        -585.229    2021.096        -271.449    -343.531             134             100
   33       -2126.990     416.799        -654.585     636.470              33              48
   18         960.924    1280.058         520.067    1009.154              18              42
  113         794.902     897.509         991.424      91.480             113              88
  243        -570.147     859.014         322.821    -375.389             243             155
  125       -1007.708    -824.354         370.173      36.480             125              94
   57        1073.728    -485.783         106.955    -660.378              57              62
   46       -1838.060    1333.045        -551.103     504.680              46              55
  147         827.801    -547.366         897.457     419.931             147             107
  149         675.141     388.782         298.474    -384.405             149             106
  178        -702.435     135.842         241.883    -109.284             178             122
  113        -120.786    -585.512        -100.314      76.429             113              88
  236        1609.801     655.150        1013.234     323.336             236             151
  243          21.161    -962.865         175.499   -1493.895             243             153
   38       -1074.579     841.047       -1327.698     638.864              38              52
   48        1345.953    2517.811        1156.343    1109.461              48              56
  119        -583.674     468.242        1049.720    -310.842             119              93
  181         961.924   -1551.415        1221.521   -1033.315             181             122
  240       -2144.665    -846.764       -1308.715   -1637.271             240             153
   87       -1067.114     560.127        -512.671    1886.487              87              75
  149        2851.244     160.775        1790.545    -601.463             149             108
   38       -1467.004     416.066        -426.671    -368.195              38              51
   93         193.815    -244.186        1095.434    -405.628              93              80
   52       -1536.105   -2117.662        -583.092    -796.057              52              58
   14        2362.592    -530.599         771.144      -7.076              14              40
  251        -143.617    -266.046        -472.389   -1343.164             251             157
   19         -39.349    1410.541        -309.602     365.488              19              43
  238       -1109.510     825.777          65.780    -520.800             238             151
   97       -1014.698      76.023         -22.410      13.300              97              82
   66       -1178.281    -324.675        -137.085    -642.931              66              65
   21       -1410.775     -33.201        -482.405     422.629              21              44
   29         344.837     187.815         828.435     480.185              29              46
   76        1094.637   -1472.674        1408.576   -1214.916              76              71
   62       -1796.674   -1596.285       -1299.216   -1852.216              62              63
  113       -1961.845     524.237        -502.312     999.848             113              90
  168         636.870   -3179.646         632.910   -1141.902             168             116
   79         842.787    -522.036        -811.533    -617.341              79              73
  178       -1486.722      92.008        -990.459    -818.507             178             121
  217       -1532.828     918.145       -1102.858    1293.603             217             142
  140         959.923    -828.454        1019.332    -339.652             140             102
   70        -149.116    -316.198       -1109.506    -161.435              70              68
   32         958.314    1150.454         783.409     -22.864              32              48
  191       -1697.012    -629.775       -1238.477   -1336.834             191             129
  164       -2766.461    1427.651       -1369.971     661.609             164             114
   15       -2012.428    -515.324        -849.548     943.618              15              41
   70        1077.564    1053.151         195.087    1232.951              70              67
    5        -973.003     674.756         134.700     464.880               5              36
  155         732.733    -327.397         469.816    1061.216             155             109
   75        1949.809     591.525        1254.150     221.909              75              71
  247         964.098    -499.181         872.022    -525.709             247             155
  172         500.918     -45.341         462.787    -816.765             172             119
  171       -1173.879   -1327.262        -334.880   -1067.151             171             117
  251        -552.168     -50.603        -943.612     167.539             251             159
  189         197.340     288.223         355.025     319.231             189             126
  172         760.109       3.054        -229.035    -187.695             172             119
   48          31.327    2335.461         629.226     468.206              48              56
   75       -1362.048   -1884.271         573.011   -1374.256              75              71
    0        -934.296   -1758.581       -1188.904    -484.318              -0              32
   98         769.835     215.978          61.510     191.572              98              82
  122         -75.103    -126.852        -662.030    -744.999             122              93
  141       -1296.620    2088.284        -795.034     702.587             141             104
  202       -1077.817     205.026         231.436     182.848             202             133
   58        -804.434    -214.054        -223.323     -51.623              58              62
  174       -1222.967    -801.916        -489.417      42.818             174             119
  252        1077.132     510.453         -53.349    1018.026             252             159
  180         859.840    1293.218         880.354    -369.658             180             122
    6       -2661.000      -0.619        -690.000       0.000               6              36
   14         860.521   -1293.083         880.347     369.661              14              35
  202        1077.113    -509.992         -53.347   -1018.026             202              36
  117       -1223.485     801.514        -489.419     -42.819             117              35
   38        -804.575     213.602        -223.323      51.623              38              36
   93       -1077.744    -205.644         231.435    -182.847              93              35
   51       -1295.731   -2088.692        -795.033    -702.589              51              36
  136         -74.878     127.082        -662.034     744.998             136              35
  149         769.926    -215.460          61.510    -191.570             149              36
   81        -934.963    1758.395       -1188.905     484.316              81              35
  109       -1362.484    1883.404         573.009    1374.256             109              36
   56          32.427   -2335.731         629.226    -468.204              56              35
   39         760.246      -2.712        -229.035     187.694              39              36
   86         197.395    -288.094         355.025    -319.230              86              35
  200        -552.211      50.558        -943.611    -167.541             200              36
  197       -1174.103    1326.842        -334.884    1067.150             197              35
  249         501.242      45.341         462.785     816.768             249              36
  119         964.134     499.308         872.021     525.712             119              35
   86        1949.903    -591.038        1254.151    -221.906              86              36
  244         732.205     327.487         469.820   -1061.215             244              35
  110        -973.068    -675.272         134.700    -464.881             110              36
   67        1077.519   -1052.774         195.089   -1232.949              67              35
   87       -2013.094     514.627        -849.545    -943.619              87              36
   22       -2765.993   -1428.543       -1369.969    -661.613              22              35
   23       -1696.803     629.285       -1238.480    1336.832              23              36
  142         959.010   -1150.042         783.410      22.869             142              35
  166        -149.140     316.378       -1109.505     161.431             166              36
  109         959.521     828.793        1019.331     339.655             109              35
  244       -1532.686    -918.598       -1102.856   -1293.605             244              36
  240       -1486.472     -92.210        -990.462     818.506             240              35
    2         842.806     522.709        -811.533     617.340               2              36
  220         635.601    3179.848         632.908    1141.905             220              35
  170       -1961.820    -525.060        -502.311    -999.849             170              36
   22       -1796.892    1595.651       -1299.221    1852.213              22              35
  207        1094.408    1472.699        1408.574    1214.920             207              36
    6         344.770    -188.074         828.437    -480.182               6              35
  181       -1410.884      32.496        -482.403    -422.631             181              36
  119       -1178.273     324.023        -137.087     642.930             119              35
  192       -1014.455     -76.679         -22.409     -13.302             192              36
  202       -1108.874    -826.392          65.777     520.800             202              35
  168         -38.468   -1410.506        -309.600    -365.487             168              36
   10        -143.279     266.197        -472.392    1343.162              10              35
   91        2362.476     531.531         771.145       7.077              91              36
   68       -1536.875    2116.998        -583.095     796.054              68              35
   29         193.876     243.842        1095.435     405.630              29              36
  208       -1466.522    -416.843        -426.671     368.192             208              35
   20        2851.400    -160.009        1790.544     601.467              20              36
   60       -1067.195    -560.541        -512.666   -1886.489              60              35
  144       -2144.703     846.004       -1308.717    1637.271             144              36
   80         961.739    1551.335        1221.520    1033.317              80              35
   21        -583.283    -469.062        1049.719     310.844              21              36
  249        1346.915   -2517.608        1156.346   -1109.458             249              35
   31       -1074.216    -841.248       -1327.696    -638.866              31              36
   50          21.169     962.861         175.495    1493.895              50              35
   96        1610.120    -654.718        1013.235    -323.334              96              36
  211        -121.080     585.371        -100.314     -76.429             211              35
  141        -702.285    -136.287         241.882     109.286             141              36
  140         675.412    -388.691         298.474     384.405             140              35
    4         827.482     547.414         897.458    -419.929               4              36
    0       -1837.576   -1333.812        -551.101    -504.682              -0              35
  136        1073.681     486.104         106.954     660.379             136              36
  185       -1007.971     823.685         370.175     -36.479             185              35
   70        -569.600    -859.620         322.819     375.389              70              36
  156         795.410    -897.531         991.425     -91.477             156              35
   23         961.220   -1279.896         520.068   -1009.154              23              36
   52       -2126.837    -417.673        -654.585    -636.474              52              35
  168        -584.124   -2021.309        -271.451     343.529             168              36
   96        1071.351      70.290          78.782     224.408              96              35
   37          51.774    -253.844         583.429     320.418              37              36
   96        1095.732   -1461.914         774.207    -539.657              96              35
  235         390.312   -1786.554         174.089   -1016.851             235              36
  210         142.214   -1669.647        -880.695    -757.899             210              35
   96         357.359    1213.878        -624.030     407.117              96              36
  227       -1210.360      43.780        -111.863     257.613             227              35
  151        1376.501   -1173.546         250.780     279.288             151              36
  185        1340.490     149.498          36.415    -277.604             185              35
  111        1308.427    1634.689         202.942     234.303             111              36
  130       -1823.271     576.953         284.971    -789.282             130              35
  124        -202.785   -2361.096        -633.278    -261.261             124              36
   16         517.481    2397.267        -102.175    -112.814              16              35
   99       -2813.300   -1245.548        -318.988    -567.048              99              36
  220       -1200.835    -824.876       -1389.729    -490.047             220              35
  103       -2903.617     183.257       -1358.964    1131.596             103              36
  208         335.701     -55.812        -425.280    1192.265             208              35
   97        -141.589    1157.066         194.425    1494.621              97              36
   35        1202.759    -390.027         639.357     589.885              35              35
  227         848.909     721.568         762.927     827.040             227              36
   47         858.479   -1788.451         643.663    -840.756              47              35
  254        -110.657     487.784       -1159.273     919.059             254              36
  180        2218.124    2103.177        1594.095    1338.267             180              35
   31         187.958    -683.944        1064.000    -725.218              31              36
  182         503.775   -1623.524         147.664    -694.918             182              35
  152        -499.090    -181.208        -592.470    -288.392             152              36
  187        -385.063    -774.877        -650.033     378.761             187              35
  134         920.115    1781.889        -428.416    1304.700             134              36
  208          77.323    1395.146         782.391    1323.604             208              35
  161        2468.878     282.836        1236.856     992.636             161              36
  253        1877.768     813.976        1750.759    -139.003             253              35
   63        1254.413    -884.611         639.488    -371.821              63              36
  164        1344.216    1466.232        1007.313    -136.840             164              35
  170         -57.450    -629.098         895.927    -204.036             170              36
  163        2440.606    -793.208        1698.551   -1073.779             163              35
   19        -782.638   -1925.373        -295.515   -2296.898              19              36
  228       -1501.586     -64.801       -1476.310    -328.619             228              35
  239        -732.875     799.162        -230.038     890.734             239              36
  119        1300.755     326.018        1059.528      -8.574             119              35
  141       -1012.574    -956.079          83.054   -1143.290             141              36
  254        -761.968    -855.358        -814.828     -81.954             254              35
   68         371.658     925.837         357.182     467.643              68              36
   57        -649.197    -743.492         173.624    -708.178              57              35
   28        -987.555    -628.126        -501.275      30.075              28              36
  165        -444.669    -351.015        -439.105     264.383             165              35
  229         836.039    1308.250         605.618    1596.551             229              36
  109        1853.965    -907.581        2148.134    -976.527             109              35
   84        -774.901   -2339.897        -471.073   -1334.400              84              36
  206         755.007    -837.957        -426.287    -533.895             206              35
    6        -909.328    2109.497        -778.358     733.106               6              36
  142        -742.878    -332.032        1302.376      33.563             142              35
  210        -567.847   -2728.567        -630.002    -578.683             210              36
   77        1420.824     353.076         723.499     566.166              77              35
  207         305.769   -1902.536         313.051    -710.298             207              36
   57        2115.947    -587.519         471.833    -377.308              57              35
   24        -754.510     -54.753        -460.772    -938.773              24              36
  139        -932.077    -782.222        -211.835     326.007             139              35
   79        1418.286   -1820.346         319.471    -346.358              79              36
   99        1459.945    -470.998        -157.623    -514.003              99              35
   44         402.336     749.425        -376.970     156.090              44              36
   89         844.702      -0.090         658.288    -154.683              89              35
  118         956.056    -868.544        -325.000    -641.000             118              36
  242        1170.087    1575.212         358.367    -110.934             242              35
   57        -890.231    -945.719        -321.785   -1380.122              57              36
  205       -1244.798     246.572       -1567.554    -120.667             205              35
  230         -75.556    1444.784        -388.523    1106.754             230              36
   30         568.414    1423.031         386.762     -59.095              30              35
  196       -1386.527     552.605        -297.927     362.058             196              36
   64         992.108      45.293         485.274    -489.076              64              35
  185       -2385.340    1597.722       -1344.531     516.602             185              36
  127         817.364    1092.724        1702.334     881.230             127              35
   91       -1662.877   -1667.386        -537.110   -1542.052              91              36
  142        -729.620    1110.776        -206.985    1456.230             142              35
  216         977.680   -1165.911        1511.032    -571.127             216              36
  118         137.891   -1172.593         -88.344   -1409.573             118              35
   81       -2763.435    -592.147       -1269.768    -543.122              81              36
  247        -452.637    -465.160        -434.191     608.219             247              35
   52        -854.093     -97.091        -261.859      10.712              52              36
  118        -338.117    -892.306        -346.920     366.353             118              35
  123          82.582    1135.734        -414.318    1038.792             123              36
  233        1466.353    1216.489        2008.111    1194.983             233              35
   50         779.063   -2920.222        1342.695   -2318.319              50              36
  229       -1972.431   -1687.952       -1648.323    -850.297             229              35
   43         155.656    -531.633         160.820     863.449              43              36
  194        1797.878   -2131.778         538.830   -1207.173             194              35
   84        -541.834    -202.145       -1303.251    -262.676              84              36
  206         877.435     261.758         105.160     336.104             206              35
  169         281.833     705.283        -160.826      45.872             169              36
  156         331.910    -895.947         708.182    -854.988             156              35
   30        -969.981   -1261.275       -1892.181    -893.647              30              36
   61        -246.170    2503.726        -325.509     995.616              61              35
  189       -2173.011    -604.791        -923.286      30.210             189              36
  218        1415.558    1075.568         492.735    1289.251             218              35
   30        -762.506    -347.750         -25.593    -717.938              30              36
  144         225.315    -266.191         -28.506     592.495             144              35
   14         -41.467    -317.026        -477.596    -674.988              14              36
  238        -914.075    1390.870        -530.636    1262.180             238              35
   11         604.741    -334.390         535.941     229.500              11              36
  208         855.894     575.920         680.480     258.723             208              35
   68        -344.830   -2327.755        -241.396   -1347.117              68              36
   17         392.338    1867.226       -1248.105    1055.551              17              35
   79        -476.542    1586.787         856.255     643.523              79              36
   20         260.907    -667.161         380.436    -208.745              20              35
  138       -1020.561   -1084.709        -206.061    -361.761             138              36
   76        1986.395    -285.001          -7.372     487.138              76              35
  136        -190.644    1454.420         144.377    -405.933             136              36
  163        -381.649    -121.191        -196.246     694.393             163              35
   55        1804.380     574.217        1461.544    -401.003              55              36
    7       -1144.962   -2007.147        -618.295   -2099.858               7              35
  120       -2671.837     668.306       -2381.461     513.168             120              36
  187        1123.680    1639.401         729.932    1622.761             187              35
  199        -570.079     315.270          78.203   -1140.497             199              36
   46       -2345.381     557.809        -945.077     781.131              46              35
  167        -847.050     -43.497         333.451     134.894             167              36
   51       -1067.170   -1350.108        -266.346     330.559              51              35
   87        1083.755   -1050.459         466.068    -306.316              87              36
   24        -920.007   -1154.757       -1086.468    -799.056              24              35
   97       -1442.155     732.346       -1533.166    1019.715              97              36
  181         690.622     947.277         130.403    1277.374             181              35
  156        -693.242    1300.653        -479.029     625.000             156              36
  212         101.509     758.280         609.219    1723.630             212              35
  187        1493.274    -411.985         687.656    -120.574             187              36
  134         787.793    1331.353         298.602    1280.739             134              35
   92        2106.912     152.741        1658.486    -690.705              92              36
  114       -1750.678     198.198       -1316.365    -358.686             114              35
  173         376.253    2573.852         645.932    1714.846             173              36
  156        -770.378     243.223        1055.603    -409.576             156              35
  150       -1369.824   -1149.530         239.727     357.264             150              36
   97        1558.039   -1764.243        1028.113    -459.341              97              35
  150        -397.606    -357.855        -197.873    -391.641             150              36
    4         158.924   -1539.982         148.720    -379.938               4              35
   24        -287.343     857.154        -966.846     588.888              24              36
    1        1037.748     925.489        1483.980    1008.235               1              35
   11         499.618    -582.818         459.726    -861.724              11              36
   44        -776.499    -319.917         628.821     -64.098              44              35
  141        -136.464   -2366.653        -223.343   -1003.924             141              36
   68        -282.233     376.778        -234.075     487.196              68              35
   84         515.575    -939.935         628.242      95.700              84              36
  159        1269.533   -1261.434         892.190    -926.955             159              35
  165        -636.340   -1762.209        -967.454    -999.964             165              36
   84         636.264     337.079          -3.614     -92.023              84              35
   98       -1790.875    -972.830       -1502.126    -499.401              98              36
   13         850.483    2131.410           6.095    1356.220              13              35
   45       -2052.357     -17.957        -175.795     114.221              45              36
  202        2605.338    -673.472        1378.000     616.100             202              35
   64       -1119.563    -472.282        -699.357   -1684.650              64              36
  170        -262.139     527.740         105.305    1249.867             170              35
   47        -953.090   -1563.231        -219.015   -1704.965              47              36
   54        -665.984    -242.170        -841.663    1124.423              54              35
   41        -446.897    -473.422        -537.592   -1067.485              41              36
  103       -1560.282    1434.853       -1348.120    2307.470             103              35
   91        1226.093     980.526        1108.198     333.546              91              36
   11        -383.563    1059.653         222.477    1591.111              11              35
  243        1935.686    -230.880        2197.476   -1033.062             243              36
   26       -2959.691   -1349.425        -905.768    -615.926              26              35
   77          -3.461   -1805.572         423.661    -255.598              77              36
   57        -567.854   -1473.139        -592.917    -201.756              57              35
   33        -135.752    -870.392        -288.951    -358.421              33              36
  169       -1029.855    -128.471        -955.888     965.002             169              35
  137        1577.283     304.351        1041.440     363.931             137              36
  151       -1058.272   -1010.099        -246.463    -629.859             151              35
  206        -881.797    -700.547        -785.801    -106.729             206              36
   83       -2133.377     450.375        -823.181    1027.058              83              35
    0        -160.634   -1439.503         260.976    1013.576               0              36
  212        1596.822    -456.827         583.683     631.759             212              35
  185        -140.988    -844.195         163.586     253.533             185              36
  207        2268.533    -904.350        1157.305     775.777             207              35
  212        1106.699   -1779.676         363.317   -1359.337             212              36
   93         424.965      74.634        -553.524     803.852              93              35
  251        1225.160      19.702         889.041    -187.565             251              36
  255         358.178    -487.916         153.168    -124.486             255              35
   10        -608.465    -881.083         161.574    -730.575              10              36
   66         -56.453   -2094.106        -209.359    -304.160              66              35
  209        -541.305   -1004.175        -887.256    -753.961             209              36
  194        -538.133    -782.011        -577.035     559.212             194              35
    5        -598.670    -859.480       -1195.180    -318.558               5              36
   78         149.820    1350.915        -226.330    1608.354              78              35
  166       -2264.661    -585.771        -891.173    -580.131             166              36
  230       -1069.040     505.925        -242.941    2775.530             230              35
  118         337.541   -3138.471        1038.171   -1023.965             118              36
  162         776.501   -2104.420        -891.459     840.237             162              35
  158       -1599.248   -1133.814       -1016.050    -931.708             158              36
  146        -967.392   -1871.120       -1774.551    2773.471             146              35
  251         948.341     -16.675        -501.838     346.671             251              36
  156        -362.290    -444.116       -1082.647    3785.186             156              35
  226         997.415    -425.846        -713.319     411.954             226              36
  247         818.018    2008.617       -1151.581    6919.409             247              35
   74        -497.931    2548.414         -29.887    1502.760              74              36
  223         921.376     399.207         750.577   19343.454             223              35
