SINAL     NFT                         FFT                         NFT INVERSA     FFT INVERSA
-----     -----------------------     -----------------------     -----------     -----------
    4       64438.000       0.000       33186.495       0.000               4              34
   74        -641.571     374.822        -525.523  -19021.166              74              70
  212        1161.743     656.439         207.894     -49.395             212             138
   97       -1685.970     -23.391        -175.231   -6739.946              97              81
   32         831.155   -2555.684        -467.940   -1441.070              32              48
   13       -2407.142    2074.385       -2709.268   -3446.555              13              39
  173        -697.147    1759.250          99.854    1250.022             173             119
  236       -2565.027    -360.820       -1239.978   -2590.136             236             151
   13        1375.386      80.802         100.363    1322.165              13              39
   93        -495.423    1625.249        -713.324   -1940.480              93              79
   38         349.774    1084.076         399.616    1501.284              38              51
   44         415.991    1231.152         173.043   -2076.206              44              55
   92       -1839.370     699.985         -89.593     619.467              92              78
  109        -685.367    -894.846        -472.311   -1721.474             109              87
  161       -1109.239    1324.027        -797.783    1374.977             161             113
   57         113.893    1196.471         442.754     218.692              57              61
   27        1593.633     768.163        1787.062     744.181              27              46
   71       -1044.670   -1497.186         193.566   -2363.347              71              68
   75        -575.771    -895.592        -306.834    1245.776              75              70
    6        3378.881    -892.254        1410.761   -1130.726               6              36
   23         862.750    1326.112           0.784     -38.212              23              44
  203         178.473    1091.477        1335.096    -830.279             203             134
  238        -991.810   -2802.415         550.577   -1640.828             238             151
  232        -126.103   -2249.378        -959.148   -1428.710             232             149
  110         686.062     -24.207         151.833    -276.896             110              87
   49       -1304.217   -1602.616       -1464.385   -1534.110              49              57
  182         277.281    2065.095        -411.948    1774.104             182             123
   97         818.158    -915.691         962.479    -970.781              97              81
  172         829.544     519.528        -107.531     128.331             172             118
  214        -502.137   -1157.264         550.741   -1353.331             214             140
   37         278.694   -1327.448       -1001.519    -266.329              37              51
  242         382.034     436.265         243.723     -66.308             242             154
  222        2190.542   -1439.734         194.239    -663.443             222             143
  140         -81.152    1503.104        -698.315   -1004.719             140             103
  165       -1159.734    -137.570        -785.936     114.999             165             115
   48         -96.264    1324.080        -557.820     251.159              48              57
   54          43.975     -44.542         498.010     320.332              54              59
  216         244.426    -700.276        -716.934    -517.366             216             141
  219        1896.187    1342.087         600.415    1117.119             219             142
   78        1365.127      97.255         242.624   -1387.966              78              72
  187        -501.679    2064.193        -623.699     575.238             187             126
   18        -540.888     824.884          51.254    -134.611              18              42
  227         935.936    1314.328         671.339    1002.416             227             146
   96         744.570    -455.909        1047.657   -1610.421              96              81
  110        -871.948    -161.614        -855.194    -321.545             110              87
   18        -588.248     856.338        -248.770    -420.341              18              42
   76       -1170.690     575.715        -191.691     892.150              76              70
  175        1246.899   -1206.673         883.371    -804.694             175             120
  189         273.308     241.905        -660.280     132.816             189             127
  211        1574.996    1221.642         817.584    -173.858             211             138
   52        -678.698    1214.231         -76.707    -328.605              52              58
  250        -938.859     -48.670         388.491    -393.681             250             158
  221          43.876    -593.489         408.742    -238.042             221             143
  140          58.460   -2026.844         366.551   -1717.711             140             103
  177        -508.722    -724.454       -1242.887    -424.798             177             121
  108         176.548    -341.294         -15.282    -798.145             108              87
  233        -796.681     347.633       -1655.435       9.757             233             149
  152         188.620    1624.291         640.307     276.997             152             109
  109       -1219.902   -1632.839       -1162.287   -1264.387             109              87
   79        -994.775    1791.302       -1314.681     655.118              79              72
  218       -1568.238    1119.457        -907.449     802.837             218             141
  146           7.974    1651.130          62.354    1451.372             146             106
  141         751.843     880.696         657.650     479.594             141             103
  125         -76.587     587.671         481.736      48.349             125              95
   14         111.037    -406.139        -236.574    -106.966              14              39
   82          54.274    2428.808         -14.901     751.905              82              74
  145       -1364.902     586.204         365.532     487.393             145             105
  201         816.689    -194.826         887.605     597.702             201             133
  215         881.019    -340.488         607.897    -547.893             215             140
   28        -222.730    1113.582         136.896     819.311              28              47
   90        1975.969    -221.506        2126.209    -236.171              90              77
  109        -360.300   -1944.190         302.893   -1859.363             109              87
  232        -115.524   -1433.415        -830.003    -629.936             232             148
  142        -475.066    2085.654        -380.734     616.933             142             104
   75        -485.472   -1380.603         786.392     175.501              75              70
  226        2665.662     -56.646         464.479     203.248             226             146
  101        1338.549     359.736        1799.820    -724.770             101              83
  111         610.455   -2101.888        -320.350   -1771.756             111              88
   17        -291.383    1380.077          23.608    -477.981              17              41
   27       -1903.849   -2055.171        -934.474   -1144.819              27              46
  162         547.487    1243.081        -505.898     862.449             162             113
   31        -201.250     659.179         614.422     -74.169              31              48
  242         134.170   -1125.871         636.730    -409.569             242             153
  103         792.401   -1908.390        -243.820   -1136.125             103              84
   20         796.693    1666.450        -157.774     189.186              20              42
   47       -1001.396    -566.182         221.912    -866.780              47              56
   81         255.501    -650.364        -327.818       1.602              81              73
   36        1363.253    -367.927         631.067    -836.945              36              51
  152        -639.186     127.723       -1008.364   -1111.664             152             108
  222       -1935.803     969.548        -792.105     460.276             222             144
    6         165.220    -543.805          51.128    -119.907               6              35
  187        -835.458     758.013        -795.607     634.844             187             126
    9        2314.605     729.130        1724.032     826.515               9              37
  129         768.729   -1300.941         466.688   -1695.061             129              97
  227        1151.913     441.399          63.190     -57.203             227             146
   96          96.489     531.242         155.114   -1338.869              96              81
  232       -1080.719     745.565        -330.801     108.376             232             148
  178          73.484    -560.281         705.274   -1155.711             178             122
  111        -989.957   -1004.063        -666.821    -776.103             111              88
   88         781.961      64.186         172.769    -591.437              88              77
  254        -304.023     416.072         140.734   -1151.585             254             159
  182       -2340.391   -1515.649        -813.392   -2128.160             182             124
    8       -2762.848    -607.080       -2065.481    -420.916               8              36
   74       -1513.218     -97.297        -740.988    -479.801              74              70
   19       -3388.801    -693.235       -2326.207    -403.241              19              42
   23       -1999.371     904.222       -1510.602    1574.200              23              44
  169         103.320    1140.375        -109.813    1323.836             169             117
   62        -314.739    1123.572         428.859     703.741              62              64
  144        -260.657    -833.658         405.934     144.259             144             104
  209         801.472    -460.989         477.540    -137.211             209             137
   65         -31.199   -1365.443          94.127    -948.822              65              65
   98        -359.365    -334.315       -1150.551    -335.709              98              82
   36        -478.715    1712.997         -73.782     776.738              36              50
   89        -408.704   -1028.283         496.695    -696.282              89              77
   72       -1347.959   -1292.909       -1215.890    -772.436              72              68
   42       -1096.316    1095.805        -840.232    1216.277              42              54
  198         505.310   -1057.997        1126.679      78.146             198             131
    7         887.346   -2086.627        -681.885    -966.481               7              36
  209          51.611    1607.853        -422.059     541.484             209             137
   18         280.801    -791.893         129.582    -111.889              18              42
  117         804.197     728.407         -73.003    -294.030             117              91
   27       -1074.196     -19.991        -355.848       6.558              27              46
  118        1156.514    -160.210         639.525    -489.937             118              91
  100       -2130.340   -1470.246       -1116.434   -1145.190             100              83
  193        1027.432    -825.248        -303.155      44.802             193             129
  100       -1490.370    -111.539       -1718.302   -1050.078             100              83
   62        -549.181    1376.698       -1013.664    1911.807              62              63
  171        1776.615     946.443         605.562    -194.465             171             118
  117       -1017.218    1470.920        -548.000      88.000             117              91
   76       -1497.704     167.071        -349.588    -306.013              76              71
  223       -1193.810    -434.640        -537.505     376.531             223             144
  107          65.303    -800.744        -326.672    -556.599             107              86
  237       -1495.676    -187.124       -1392.802     247.878             237             151
  219         591.164     803.971        -632.883     924.163             219             142
  121          53.281    1045.541         125.778     162.624             121              93
   83       -1720.903     -78.976       -2044.680     175.893              83              74
  166         852.071    3622.231         565.778    3134.910             166             115
    3        2413.983    -841.790        1402.716   -1171.801               3              34
  219       -1503.281    2757.887        -881.638     706.546             219             142
   74        -550.450   -1169.666         429.004    -410.746              74              70
   39       -1051.516    1521.318        -987.368     982.917              39              52
  178         561.675   -1556.136         707.198      32.281             178             122
   13        1327.760    2200.938        -902.489     855.072              13              39
  218        -361.945    1717.661        1125.616     535.810             218             142
   61         173.175    -266.133         -70.765      55.530              61              63
  246         332.412     198.088         430.371    -350.010             246             156
  201       -1244.621    1070.036        -976.347     532.934             201             133
  107         194.649    -160.997         902.088     545.470             107              86
   16        1064.023    -149.321        -341.771     105.820              16              40
  197        1318.757    1395.034         851.999     472.010             197             131
  119         646.659     882.885         214.222    -304.874             119              92
   83        -660.516     324.723         327.759    -542.404              83              74
   36       -1042.725    -117.620       -1002.496      17.236              36              50
  124         800.128    1037.360         507.063     595.922             124              95
  255          59.793    1094.839        -197.669    -207.549             255             160
  131       -1158.537    1215.860         261.090     189.019             131              98
   29       -1292.982    -858.108        -388.545    -107.608              29              47
  199        1167.333    -122.461         147.169     354.892             199             132
  137         184.508    1995.113        -254.011     167.360             137             101
  146        -397.367     672.798         496.706     274.370             146             106
  245        -537.818    1368.875        -498.555    -102.598             245             155
  158       -1604.717     879.805         511.502     908.560             158             112
   27        1005.967    -638.643         233.468    -401.124              27              46
  243        -791.877    2248.688         326.911     859.423             243             154
   78         420.048   -1028.620        1343.818    -848.696              78              71
  226       -1677.161    -673.478        -859.183    -934.893             226             146
   52       -1158.280     663.274         -50.957     588.692              52              58
  140       -1086.273   -1833.024          89.121    -676.512             140             103
  201        -186.116     166.178        -831.544     692.658             201             133
  247         857.545     610.833        1477.271     569.941             247             156
  117         460.898   -2238.712         422.932   -1890.907             117              91
   39       -2398.390   -1290.128       -1862.771    -540.765              39              52
  186        1137.929    1151.641        -530.115    1469.028             186             125
  159         175.445    1668.408         807.431     219.403             159             112
   75        -103.100   -1302.214         -10.679    -212.004              75              70
  131        1204.379     699.197           9.974    -126.170             131              98
  146        -729.967    1065.033        -492.754    -197.053             146             105
  147       -1371.411    1915.911        -910.332     940.548             147             106
  141         -67.392    2979.596        1263.587    1737.777             141             103
   29        -398.117   -1524.885        1524.816    -848.524              29              47
   20         440.207    -791.596         464.588    -137.490              20              42
  174         571.070   -1465.238        1084.838   -1326.851             174             120
   87        -531.588    -898.863        -338.001   -1151.687              87              76
   29       -2156.634   -1972.576        -622.146   -1431.012              29              47
  215       -1056.586    -838.958       -1512.329     384.610             215             140
   77         428.630    -284.905         397.465      -8.420              77              71
   51         887.455    -633.237        -256.321    -443.876              51              58
  186       -1213.780    -469.610        -936.748   -1704.613             186             126
  192       -3345.428    1704.277       -2854.411    1876.212             192             128
  210        2126.121     977.418        2098.883     902.242             210             138
  213       -1657.932      -0.588       -1767.522    -918.768             213             139
  154       -1487.391    2003.477         366.554    1687.506             154             110
    4        -192.739   -1394.237        -321.426    -124.966               4              34
  154        1094.007    1380.340        1121.558     802.100             154             110
  188        -930.294   -1658.582        -728.323   -1511.050             188             126
  195       -1375.251    1963.869        -718.268    1539.278             195             130
  241         273.353    -544.685         481.853     197.859             241             153
    9         720.100    1128.723         583.874     630.573               9              37
  226         209.417    -550.016         575.595    -712.653             226             145
   82        -490.741     248.896         251.570    -335.718              82              74
  129       -1335.233   -1979.395        -574.427   -1301.877             129              97
   38        -999.781     918.655       -1096.387     422.444              38              52
    2       -2065.649      62.268        -414.901     -89.163               2              33
  132       -1557.678    -193.098        -848.897     897.708             132              99
   46         190.217    -181.924         773.111     450.045              46              55
   19        -654.915   -2541.855        -589.951   -1040.491              19              42
  232        -537.031     808.665       -1608.411    1297.276             232             148
   40        1817.234    1418.807        1071.958    1062.781              40              53
   44        -597.483    1317.087        -363.928     -88.668              44              54
   80        -968.865     -79.519         736.663     357.211              80              73
  107       -1140.450   -1125.067       -1643.346    -537.797             107              86
  204        -530.864    3425.639         450.919    2899.481             204             135
   50         908.469   -2135.135        1443.979   -1023.205              50              57
  203        -383.250     747.383        -416.372     812.800             203             134
   93         238.879   -1204.553        1229.604    -835.680              93              79
  234       -1904.429   -2232.080       -1666.763    -461.302             234             150
   76         727.749    1213.433        -717.131    1576.495              76              70
  156         281.555    2113.471         728.110    1736.633             156             111
  173        1946.491    -546.825        1482.861     432.491             173             119
   36        2021.244    1002.520        1246.773     131.167              36              51
    7        -204.175    -319.323        1117.206   -1091.022               7              36
   15       -1270.050   -2370.721         -96.296    -649.090              15              40
  181        1455.429   -1680.177         140.187    -751.669             181             123
  104        -836.979    -444.469        -714.865    -514.860             104              85
   11        -188.175    -524.351        -952.884     189.583              11              38
  150         493.152    1612.512          66.011    1479.404             150             108
   50        2641.347    -123.202        1347.589    -549.179              50              57
   98       -2222.220    1022.167       -1090.916    -733.579              98              82
  213       -1342.339      -5.452        -820.863    1188.333             213             139
   66         691.388    2911.380         763.579    1729.325              66              66
  219         506.134   -1054.647        2099.943     -36.475             219             142
   39         424.852   -1756.914         481.479   -1264.286              39              52
   69        -818.055   -2405.064        -201.606    -182.621              69              67
  219        3919.545    -703.187         838.260    -242.221             219             142
   72        -924.773     432.837        -498.744   -1450.726              72              68
  153        -767.104     270.844        -698.432     927.092             153             109
   85         910.434     136.452         869.645    -775.493              85              75
   68       -2354.765    -380.779       -1328.090     -24.991              68              67
  122         710.288    -510.780         571.467     419.186             122              93
  136         131.463     115.290        -702.436     -74.723             136             101
  141        -182.291    1218.233         724.343     700.990             141             103
  248        -166.267   -1934.258        -213.394    -656.928             248             157
  110         628.541    1382.141         -18.202     860.488             110              87
  252         105.649     -22.820         706.788     -81.764             252             159
  254         -90.258    -545.408         439.118    -223.747             254             159
    6         -79.484   -1930.906          42.580    -737.502               6              36
    1         196.546    -708.673        -629.657     -27.046               1              33
  254        1499.395     912.583         183.273     791.962             254             160
   97        1003.284    1090.514        1402.268    -586.211              97              81
  220       -2366.432   -2635.068       -1005.039   -1700.488             220             143
  182       -1091.873     548.640       -1160.719    1070.909             182             123
  247         474.212   -1181.632         735.247     281.916             247             156
  237        1087.927   -1252.127        -145.437    -478.367             237             151
   13         576.103    -713.527        -693.231       9.587              13              39
  253        1286.656    2702.908        -238.445    1056.214             253             159
  152        -400.260     375.801         869.744     306.494             152             109
  196        1360.000       0.159         290.000       0.000             196              35
   91        -400.140    -376.094         869.738    -306.492              91              36
  102        1287.587   -2702.215        -238.444   -1056.215             102              35
  252         575.753     714.276        -693.234      -9.589             252              36
  138        1087.295    1252.765        -145.439     478.367             138              35
   89         473.416    1181.805         735.247    -281.912              89              36
  217       -1092.033    -548.879       -1160.716   -1070.912             217              35
  118       -2367.146    2634.201       -1005.045    1700.486             118              36
  105        1004.016   -1090.438        1402.268     586.214             105              35
   91        1499.683    -911.909         183.274    -791.960              91              36
  217         196.123     709.034        -629.655      27.045             217              35
  123         -80.248    1930.876          42.579     737.501             123              36
  243         -90.489     545.127         439.119     223.747             243              35
   68         105.632      22.609         706.787      81.766              68              36
  224         628.908   -1381.878         -18.198    -860.487             224              35
   24        -167.058    1934.168        -213.396     656.925              24              36
  232        -181.945   -1218.451         724.344    -700.990             232              35
  255         131.456    -115.135        -702.438      74.721             255              36
  240         709.870     511.075         571.469    -419.183             240              35
  184       -2354.910     379.939       -1328.090      24.986             184              36
   99         910.632    -136.201         869.643     775.494              99              35
  216        -766.970    -271.067        -698.430    -927.094             216              36
  177        -924.190    -432.943        -498.747    1450.725             177              35
   48        3919.356     704.814         838.260     242.223              48              36
  138        -819.177    2404.834        -201.607     182.621             138              35
  245         424.199    1756.687         481.476    1264.288             245              36
   34         505.640    1054.122        2099.944      36.480              34              35
   12         692.042   -2911.521         763.583   -1729.323              12              36
  129       -1342.617       4.996        -820.860   -1188.334             129              35
  164       -2221.570   -1022.920       -1090.918     733.575             164              36
  197        2641.542     124.092        1347.588     549.184             197              35
   25         493.452   -1612.183          66.016   -1479.404              25              36
  212        -188.547     524.625        -952.884    -189.584             212              35
   67        -837.095     444.457        -714.867     514.857              67              36
  206        1454.797    1680.821         140.184     751.670             206              35
   86       -1270.931    2370.033         -96.296     649.090              86              36
  217        -204.007     318.737        1117.204    1091.023             217              35
  220        2021.716   -1002.137        1246.772    -131.165             220              36
  157        1946.006     547.193        1482.861    -432.488             157              35
  196         281.823   -2113.530         728.113   -1736.632             196              36
   27         727.638   -1212.822        -717.128   -1576.495              27              35
   44       -1905.501    2231.656       -1666.764     461.297              44              36
   59         238.375    1204.357        1229.600     835.683              59              35
   51        -383.137    -747.693        -416.369    -812.801              51              36
   58         907.497    2135.025        1443.977    1023.208              58              35
  152        -530.121   -3426.055         450.928   -2899.480             152              36
   38       -1141.069    1124.782       -1643.349     537.793              38              35
   77        -968.944      78.934         736.664    -357.209              77              36
  121        -596.924   -1317.461        -363.928      88.667             121              35
   37        1817.563   -1418.070        1071.960   -1062.778              37              36
  251        -537.167    -808.406       -1608.409   -1297.279             251              35
  233        -656.022    2541.804        -589.953    1040.490             233              36
  113         189.799     181.796         773.110    -450.045             113              35
    6       -1558.136     192.441        -848.896    -897.710               6              36
  236       -2065.721     -63.092        -414.902      89.163             236              35
   50        -999.408    -918.896       -1096.385    -422.446              50              36
   68       -1335.747    1978.919        -574.430    1301.877              68              35
  199        -490.409    -249.314         251.570     335.720             199              36
  179         209.416     549.828         575.592     712.655             179              35
  199         720.463   -1128.663         583.877    -630.571             199              36
   77         272.928     544.608         481.854    -197.858              77              35
   85       -1374.750   -1964.327        -718.262   -1539.279              85              36
   48        -930.719    1658.253        -728.326    1511.049              48              35
  182        1094.451   -1380.087        1121.563    -802.096             182              36
  210        -193.510    1393.997        -321.426     124.966             210              35
  189       -1486.909   -2004.166         366.558   -1687.504             189              36
  177       -1657.755       0.044       -1767.524     918.763             177              35
  171        2126.289    -976.750        2098.885    -902.235             171              36
   63       -3345.066   -1705.130       -2854.409   -1876.219              63              35
   95       -1213.563     469.596        -936.754    1704.613              95              36
   86         887.467     633.746        -256.321     443.875              86              35
  182         428.397     285.234         397.464       8.422             182              36
  251       -1057.065     838.818       -1512.329    -384.612             251              35
  142       -2157.164    1971.853        -622.149    1431.012             142              36
   77        -531.506     898.504        -338.003    1151.685              77              35
   24         570.825    1465.143        1084.835    1326.854              24              36
  203         439.961     791.308         464.588     137.490             203              35
   30        -398.653    1523.980        1524.813     848.528              30              36
  169         -66.440   -2980.273        1263.592   -1737.774             169              35
    7       -1370.709   -1916.447        -910.330    -940.551               7              36
  236        -729.285   -1065.172        -492.754     197.053             236              35
   10        1204.798    -698.586           9.973     126.170              10              36
   92        -103.533    1302.136         -10.679     212.004              92              35
  212         176.048   -1668.452         807.432    -219.401             212              36
    0        1138.091   -1150.923        -530.113   -1469.029              -0              35
   71       -2398.883    1289.674       -1862.772     540.760              71              36
  167         460.371    2238.720         422.927    1890.907             167              35
   11         857.671    -610.821        1477.272    -569.936              11              36
   10        -186.318    -166.229        -831.543    -692.659              10              35
   20       -1087.067    1832.465          89.120     676.512              20              36
  179       -1158.094    -663.960         -50.957    -588.693             179              35
  111       -1677.174     672.717        -859.186     934.891             111              36
  104         419.925    1028.242        1343.816     848.699             104              35
   24        -790.967   -2249.309         326.914    -859.422              24              36
    4        1005.763     638.772         233.466     401.124               4              35
  195       -1604.444    -880.725         511.505    -908.557             195              36
   65        -537.146   -1369.269        -498.555     102.598              65              35
  207        -396.899    -673.088         496.706    -274.369             207              36
  142         185.411   -1995.016        -254.011    -167.361             142              35
  128        1167.248     123.020         147.169    -354.891             128              36
  130       -1293.372     857.502        -388.546     107.607             130              35
   25       -1157.911   -1216.516         261.090    -189.018              25              36
  159          60.465   -1094.892        -197.671     207.548             159              35
   42         800.554   -1037.025         507.063    -595.919              42              36
  196       -1042.697     117.299       -1002.496     -17.236             196              35
    7        -660.069    -325.064         327.759     542.406               7              36
  110         647.326    -882.776         214.221     304.874             110              35
  152        1319.380   -1394.506         852.001    -472.007             152              36
  147        1063.878     149.805        -341.771    -105.822             147              35
   55         194.374     160.975         902.089    -545.467              55              36
  105       -1244.275   -1070.513        -976.346    -532.937             105              35
   99         332.610    -197.954         430.371     350.014              99              36
   28         173.112     266.004         -70.765     -55.531              28              35
  135        -361.253   -1717.967        1125.616    -535.806             135              36
   21        1328.522   -2200.225        -902.488    -855.074              21              35
  217         560.889    1556.465         707.198     -32.278             217              36
  126       -1051.195   -1521.690        -987.367    -982.919             126              35
   20        -550.853    1169.352         429.002     410.748              20              36
   81       -1502.065   -2758.464        -881.636    -706.549              81              35
  126        2413.866     842.551        1402.711    1171.805             126              36
  201         852.906   -3621.864         565.782   -3134.908             201              35
  232       -1721.128      78.784       -2044.681    -175.897             232              36
  234          53.671   -1045.278         125.778    -162.624             234              35
  120         591.238    -803.384        -632.882    -924.162             120              36
   13       -1495.887     187.021       -1392.801    -247.880              13              35
  195          64.966     800.972        -326.673     556.601             195              36
  254       -1194.069     434.239        -537.503    -376.532             254              35
  202       -1497.533    -167.683        -349.587     306.016             202              36
  161       -1016.346   -1471.239        -548.000     -88.000             161              35
  250        1777.065    -945.632         605.557     194.465             250              36
   13        -548.891   -1376.466       -1013.659   -1911.808              13              35
  120       -1490.286     111.580       -1718.307    1050.074             120              36
  128        1027.205     826.006        -303.154     -44.802             128              35
  102       -2130.705    1469.672       -1116.438    1145.187             102              36
   92        1156.668     160.579         639.525     489.940              92              35
   81       -1074.073      19.647        -355.849      -6.558              81              36
  147         804.634    -727.981         -73.004     294.031             147              35
  132         280.560     792.110         129.581     111.889             132              36
    2          52.189   -1607.531        -422.058    -541.484               2              35
  171         886.589    2087.260        -681.887     966.479             171              36
  211         504.658    1058.058        1126.681     -78.144             211              35
   13       -1096.228   -1096.112        -840.229   -1216.279              13              36
  231       -1348.410    1292.612       -1215.892     772.435             231              35
  157        -408.962    1027.951         496.694     696.284             157              36
  158        -478.075   -1713.171         -73.781    -776.739             158              35
  130        -359.381     334.483       -1150.552     335.706             130              36
  244         -31.555    1365.502          94.126     948.823             244              35
  129         801.242     461.150         477.540     137.213             129              36
  239        -261.157     833.319         405.935    -144.258             239              35
  225        -314.575   -1123.914         428.861    -703.740             225              36
  194         103.301   -1140.297        -109.810   -1323.837             194              35
  238       -1999.532    -904.613       -1510.600   -1574.203             238              36
  255       -3389.076     692.365       -2326.209     403.239             255              35
   98       -1513.069      96.959        -740.988     479.801              98              36
  102       -2762.761     606.337       -2065.482     420.912             102              35
  146       -2340.234    1514.809        -813.397    2128.159             146              36
   57        -303.129    -416.302         140.733    1151.586              57              35
  112         782.420     -63.857         172.769     591.438             112              36
   79        -989.944    1003.720        -666.822     776.101              79              35
  255          73.689     560.083         705.271    1155.714             255              36
   60       -1080.008    -746.102        -330.800    -108.376              60              35
   74          97.287    -531.208         155.110    1338.868              74              36
  232        1152.537    -440.875          63.190      57.203             232              35
  143         768.634    1301.166         466.684    1695.061             143              36
   28        2314.845    -728.516        1724.034    -826.513              28              35
    9        -835.343    -758.219        -795.606    -634.847               9              36
   30         165.004     543.891          51.128     119.906              30              35
   31       -1935.332    -970.156        -792.105    -460.278              31              36
   72        -638.632    -127.731       -1008.366    1111.664              72              35
  177        1363.474     368.558         631.066     836.948             177              36
    9         255.360     650.514        -327.817      -1.603               9              35
  160       -1001.326     565.743         221.910     866.781             160              36
   78         797.598   -1666.019        -157.773    -189.187              78              35
  243         791.898    1908.882        -243.823    1136.125             243              36
  231         133.849    1125.706         636.730     409.571             231              35
  159        -200.913    -659.458         614.422      74.171             159              36
   56         547.920   -1242.720        -505.897    -862.450              56              35
  209       -1904.356    2054.583        -934.477    1144.815             209              36
   53        -290.399   -1380.149          23.608     477.981              53              35
  228         610.264    2102.121        -320.355    1771.753             228              36
   26        1339.062    -359.472        1799.817     724.774              26              35
  184        2665.592      57.540         464.479    -203.248             184              36
   47        -486.165    1380.228         786.393    -175.500              47              35
  200        -474.327   -2085.836        -380.733    -616.934             200              36
   41        -115.850    1433.595        -830.004     629.935              41              35
   32        -360.644    1943.830         302.889    1859.364              32              36
    5        1976.031     221.684        2126.209     236.175               5              35
  120        -222.377   -1113.927         136.898    -819.310             120              36
  101         880.935     340.620         607.896     547.895             101              35
   80         816.422     194.762         887.607    -597.699              80              36
  229       -1364.788    -587.085         365.533    -487.392             229              35
  229          55.214   -2428.887         -14.898    -751.902             229              36
  180         110.962     406.200        -236.574     106.966             180              35
   11         -76.321    -587.881         481.734     -48.352              11              36
  203         752.097    -880.614         657.650    -479.592             203              35
  216           8.291   -1651.156          62.358   -1451.373             216              36
   67       -1567.967   -1119.859        -907.448    -802.839              67              35
   93        -994.059   -1791.255       -1314.678    -655.121              93              36
   39       -1220.175    1632.643       -1162.291    1264.384              39              35
  245         189.430   -1624.154         640.307    -276.994             245              36
   83        -796.324    -347.541       -1655.435      -9.759              83              35
  254         176.688     341.693         -15.284     798.146             254              36
  153        -508.731     724.562       -1242.887     424.795             153              35
  191          58.041    2026.851         366.548    1717.712             191              36
  210          43.845     593.208         408.742     238.042             210              35
   27        -938.628      48.013         388.490     393.682              27              36
  199        -677.782   -1214.679         -76.708     328.604             199              35
   86        1575.791   -1221.054         817.584     173.862              86              36
  164         273.566    -241.606        -660.279    -132.816             164              35
  142        1246.502    1207.062         883.369     804.694             142              36
   63       -1170.499    -576.297        -191.689    -892.151              63              35
  120        -587.720    -856.535        -248.771     420.340             120              36
  149        -871.578     161.356        -855.196     321.543             149              35
   58         744.870     455.968        1047.653    1610.424              58              36
  229         936.579   -1314.211         671.341   -1002.416             229              35
  116        -540.414    -825.138          51.251     134.613             116              36
   15        -500.515   -2064.219        -623.697    -575.238              15              35
  156        1365.639     -96.556         242.620    1387.966             156              36
  139        1896.756   -1341.165         600.418   -1117.117             139              35
   92         244.150     700.638        -716.936     517.364              92              36
  104          44.001      44.587         498.010    -320.332             104              35
  135         -95.755   -1323.950        -557.820    -251.160             135              36
   87       -1159.505     137.414        -785.936    -115.001              87              35
  186         -80.098   -1502.746        -698.318    1004.721             186              36
  116        2190.367    1440.847         194.239     663.443             116              35
   24         382.217    -435.867         243.723      66.304              24              36
  201         278.326    1327.815       -1001.520     266.327             201              35
   97        -502.304    1157.073         550.737    1353.332              97              36
  155         829.992    -519.243        -107.531    -128.331             155              35
  229         817.948     915.943         962.476     970.783             229              36
  141         277.950   -2064.787        -411.944   -1774.105             141              35
   56       -1304.560    1602.552       -1464.390    1534.107              56              36
  140         686.352      24.700         151.833     276.897             140              35
   92        -126.685    2249.538        -959.151    1428.706              92              36
  125        -992.373    2801.691         550.573    1640.830             125              35
  158         179.410   -1091.913        1335.094     830.282             158              36
  118         863.781   -1325.808           0.783      38.211             118              35
  108        3378.684     893.513        1410.756    1130.730             108              36
  235        -576.246     895.328        -306.831   -1245.776             235              35
  228       -1044.895    1496.468         193.559    2363.350             228              36
  173        1594.136    -768.107        1787.063    -744.178             173              35
   77         114.264   -1196.674         442.753    -218.696              77              36
  211       -1108.677   -1324.360        -797.780   -1374.979             211              35
  157        -685.381     894.567        -472.317    1721.471             157              36
  228       -1838.563    -700.857         -89.592    -619.467             228              35
  146         417.133   -1231.135         173.035    2076.205             146              36
   14         350.697   -1083.964         399.620   -1501.281              14              35
   20        -494.238   -1625.224        -713.331    1940.478              20              36
  126        1375.891     -80.070         100.365   -1322.164             126              35
  115       -2564.531     359.975       -1239.986    2590.129             115              36
   41        -695.496   -1759.439          99.857   -1250.020              41              35
   35       -2404.928   -2074.612       -2709.277    3446.547              35              36
  246         832.175    2556.375        -467.943    1441.069             246              35
   33       -1683.555      22.781        -175.249    6739.941              33              36
  205        1165.524    -655.963         207.894      49.399             205              35
  210        -634.632    -374.809        -525.572   19021.154             210              36
