SINAL     NFT                         FFT                         NFT INVERSA     FFT INVERSA
-----     -----------------------     -----------------------     -----------     -----------
  114       64015.000       0.000       33803.495       0.000             114              90
  181       -1134.179    -373.486        -791.681  -19589.909             181             123
   79        -186.789     126.673        -158.694     713.915              79              73
  195         997.032    -486.194          57.539   -6704.834             195             130
    6        -277.655    1414.581        -642.961     240.527               6              36
   50        -523.854    1071.746          55.078   -3344.709              50              58
   27        -863.655     385.388           8.913    -224.377              27              47
  227       -1912.048    -444.163       -1007.918   -2374.394             227             146
  229         219.230    1634.052         429.738    1302.285             229             148
    0       -1453.494   -1924.542         206.516   -2412.709               0              33
  246        1747.929    -258.471         -85.519    1325.372             246             156
   13        2260.479     260.819        1594.609   -1718.628              13              39
  126        1619.106    -194.167         231.540    -564.018             126              96
   23        -555.479     672.601         230.687   -1982.070              23              44
  152        -232.157   -1007.714        -452.342    -120.957             152             109
  118         174.896     985.472        -108.813   -1101.574             118              92
  190          60.842     297.786         401.947     860.641             190             128
  171        2688.621   -1741.532        1421.613   -2488.661             171             118
  166        -791.729     737.986       -2090.473    -777.405             166             116
   11        -351.498    2995.321         466.972     595.045              11              38
   78         697.775    -375.067         428.007    -994.170              78              72
   18       -2053.945    2007.324        -589.950    -902.778              18              42
    0       -2398.336    -757.895        -558.282      98.787               0              33
   87         -86.124     444.240          77.218      38.469              87              76
  226         -69.490    -331.845          56.745    -317.317             226             146
  178       -1572.678    1803.994        -415.592     356.705             178             122
   87          18.880   -1545.496        1462.743     212.702              87              77
    1         808.830   -2215.986        -167.012   -1622.550               1              33
  207         702.213      73.191        -282.278     432.313             207             137
  116        1490.548    1166.291         490.488    -682.943             116              91
  103       -1527.799    -104.207        -153.748    -651.365             103              85
   67        -581.944    -619.002       -1021.548    -472.971              67              66
  226        -459.737    1988.653         -81.555     955.507             226             146
    4        -797.327    -933.515         -52.309    -372.520               4              35
  149         904.515    1157.274        -181.419    1140.438             149             108
  120         368.236    1272.440         893.948     240.365             120              93
   39         930.645     -37.382         784.657     615.971              39              53
  176        2458.881     421.187        1853.698    -513.521             176             121
  111         364.181   -1922.776         672.698   -1992.630             111              89
  173        -496.171    -541.767       -1702.623    -787.908             173             119
  184        1437.613    3755.891         878.258    1533.358             184             125
  156        -683.833    -812.463        1047.781   -2117.602             156             111
  203       -1577.237    -629.607       -1203.302    -118.402             203             135
  125        1020.386     655.681         363.977    -426.758             125              95
  253       -1791.631    2349.456        -659.546     157.645             253             160
   33       -1634.725    -491.800        1028.381    -210.519              33              49
  154        -446.056   -2557.449        -707.894   -1490.369             154             110
  113       -1767.012    1672.769       -1526.722     679.086             113              89
   40        -389.566    1899.431         710.438    1145.941              40              53
  173       -2151.972    -871.584         178.343    -470.621             173             119
   39         353.610    -994.557         562.458     735.403              39              53
  125          57.094   -2209.609         490.855   -1676.526             125              95
  197        -839.609    -671.075       -1726.825     571.764             197             132
   41         833.917    1668.091         786.090     760.708              41              53
  175        -375.178    -755.393        -174.943     172.102             175             121
  182        1062.404     862.198         668.264     335.266             182             124
  141        -692.206    -321.928        -209.021       1.370             141             104
  152         288.967     571.916         341.543     805.559             152             109
  154        1401.849    -267.654         705.165     442.390             154             110
  166        1090.724    1488.754         673.850      89.855             166             116
   58        -622.261     347.491         588.061     777.094              58              62
  203        2655.939    -502.824        1976.100    -189.028             203             134
  194         219.427    -568.500         228.198    -892.309             194             130
   97         770.643     895.659        1024.910     230.670              97              81
   39        -688.608   -1771.167         689.044   -1121.983              39              53
   53         805.589   -1108.963          71.362      89.995              53              59
   94        1473.475     177.321        1211.156      51.303              94              80
  142        2079.880   -1411.015        1575.530    -811.784             142             104
   12        1328.269   -1527.538         669.881   -1983.680              12              39
  191        -550.655   -1148.065        -482.262    -963.812             191             128
  156        1552.724   -1019.834         264.203    -863.449             156             111
    9         -12.200     989.178        -713.845    -835.023               9              37
  238       -1320.194    1122.578         257.465     206.302             238             152
  147        -257.361   -2195.930         337.924   -1266.535             147             106
    6        -607.107    -670.251        -753.178    -245.226               6              36
  118        1410.500    -869.735         772.983    -208.532             118              92
  155         848.170   -1241.738        -164.706   -1710.709             155             111
  129       -1231.708      65.624       -1594.422    -433.074             129              97
  111        -279.436    1819.783        -481.015    1018.040             111              89
   30         637.072      18.657         786.988     113.352              30              48
   13        1222.644     -81.322           1.751    -575.236              13              40
  219          50.136    1582.132         -24.972     -78.003             219             142
   16        -884.392     769.867         -67.224    -265.128              16              41
  175        -832.833     257.487          25.681     158.821             175             120
  215         185.258      24.996         324.885     -55.171             215             141
  251         352.974    -215.337         660.236    -122.320             251             158
   35        1049.269   -1081.330         248.863   -1072.007              35              51
   44         328.519    1357.117        -222.399     -13.896              44              55
  137         -17.565     499.453         593.587   -1031.662             137             102
  150       -2332.443     345.110       -1288.252    -397.571             150             108
   20        -439.171    1616.283         551.472     724.045              20              43
  248       -1401.984    -830.262         511.056    -688.708             248             157
  171         227.163   -1756.339         428.373    -770.914             171             119
   21        -740.596    -610.497        -642.958   -1105.249              21              43
  191       -1148.333     168.096        -194.887      53.988             191             129
  210        -689.755   -1361.620        -108.762   -1032.729             210             138
   51       -1510.000    -501.072       -1018.128    -380.469              51              59
  171       -1064.621    -287.792        -649.811     253.672             171             118
  172         326.283     247.687           9.254     206.364             172             119
  110       -1011.466     498.308        -290.926    -152.169             110              88
  112        -957.695    -363.037         153.291     196.671             112              89
  212          42.010   -1478.084        -128.798    -711.137             212             139
  225        -984.694     608.664        -829.836     111.422             225             146
   17        -852.475      25.166          15.279     686.037              17              41
  253        1385.522    -617.794         742.892    -437.139             253             160
  128       -2211.882     156.372       -1187.850    -670.712             128              97
   15       -1414.600     108.906        -188.730    1475.418              15              41
  109        1781.439    -926.397        1056.701      81.867             109              87
   98        1054.115    -424.950         936.342    -514.504              98              82
   88        -341.068   -2003.501        -379.220   -1686.846              88              77
  101       -1281.260     462.947        -996.548     565.162             101              84
   32        1048.783   -1487.510         750.162    -537.649              32              49
  209        -517.048    -348.946       -1167.357    -762.935             209             138
    9        -723.112     425.249        -487.118     561.918               9              37
  231         260.027     -24.804         -13.291     -55.646             231             149
  189        -239.664    -424.820        -402.051    -109.455             189             127
  101         506.530     741.195        -225.762      83.866             101              84
   21       -1019.495     271.018        -450.846    -208.298              21              43
  128        -556.537     444.828        -698.766     192.430             128              97
   45       -1669.978    1426.292        -783.120     738.975              45              55
   72        -291.608     157.529         579.376    1048.452              72              69
   22         757.640   -1049.771         -55.528    -527.758              22              44
  214        -481.048    1860.388        -379.788    1118.877             214             140
  171         729.677    -307.783         693.783       8.644             171             118
  231        -249.435    1602.043        -206.090     303.659             231             149
  229       -1687.236    -175.441         -98.823      21.530             229             147
  141        -545.322    1253.571        -152.779    1757.195             141             104
   81        2061.847   -1164.505        2513.878    -148.660              81              73
  200          42.126   -1718.990        -740.000   -1447.000             200             133
  192         -98.875    1151.339          -8.684    1087.396             192             129
  170        1146.864    -243.582         992.945    -492.171             170             118
   38       -1068.372    -763.516        -589.728    -600.548              38              52
   10         268.452    1178.327         -55.192    1027.676              10              38
  147         455.179    -139.770        1208.587    -376.680             147             106
  160        -462.250    -935.516        -153.363    -462.774             160             113
  116         570.861   -1296.379         534.695    -892.878             116              91
  140       -1707.859    -775.035       -1840.973    -870.054             140             103
  172        -520.140    1303.524        -780.625    1449.975             172             119
  190        -226.265    2333.077        -108.326     771.398             190             128
  123       -1767.404     662.189         460.570    1126.616             123              94
   46         596.195    -427.073         531.407     439.571              46              56
  184         -53.760     -87.429        1048.604     643.075             184             125
   95        1755.454   -1960.974         866.768    -598.078              95              81
   76         321.175      13.911         153.739    -448.582              76              71
   81       -1224.046    -568.755        -830.016    -201.041              81              74
   42        -424.344    1146.651         -54.773    1923.406              42              54
   68        2862.286    -401.154        1998.371     646.794              68              67
    6        2167.518     142.969        1338.523    -515.392               6              36
  148         -79.546    -715.018         788.840    -882.584             148             107
   98         764.634   -1874.131         222.677    -538.234              98              82
  161        1335.224     925.834         173.325    -346.294             161             114
   75        -911.691     816.304         589.500     394.516              75              70
  228        1852.594   -1808.436        1944.991   -1075.357             228             147
  187        -887.390   -3012.041        -642.271   -2782.625             187             126
  149       -2319.119     240.948       -2270.965     419.229             149             108
  120          81.207     504.631         754.579    1175.814             120              93
   90         755.383   -1226.502         181.403    -412.948              90              78
  170         856.087     285.389        1066.373     532.440             170             118
  239        1251.856   -3295.462         727.083   -2132.301             239             153
   78        -574.755    -497.201       -1519.787    -435.977              78              72
   21         -43.051     211.621        -405.891     232.061              21              44
  193         364.570     934.127        -140.384     990.186             193             129
  250        1334.551    -235.699        1189.838    -159.769             250             158
  175        1234.656    -731.691         138.352    -136.680             175             120
   14        2306.266     333.050        1135.760    -990.928              14              40
   45       -1458.338     -59.895       -1188.438   -1028.919              45              55
  109        -724.495    1470.980          36.929     457.413             109              88
    0       -1292.066   -1207.059        -183.238    -228.639              -0              33
   97        1488.213     -71.362         741.963     173.086              97              82
  187         165.819   -1583.553         116.334   -1216.917             187             126
   59         975.747     591.005        -293.655    -457.157              59              63
   89       -2500.180     183.418        -657.061    -896.356              89              77
   81       -1509.420   -1198.598       -1040.739     235.767              81              74
   31         465.341     -10.843        -287.774     244.502              31              48
  137        -612.234     976.534        -693.735     175.378             137             102
  245       -1244.533     792.037        -416.549    1263.996             245             155
  130        1876.191     861.803        1071.730     756.164             130              98
  236        -503.440     495.377         555.415      65.951             236             151
  196        1409.333    -652.351        1395.397     -83.826             196             131
  239        -404.195   -1789.432         395.243   -1692.020             239             152
   33        -518.048   -1900.700        -830.548    -714.968              33              50
  245        -348.152      -2.285        -615.871     -78.177             245             155
  186          22.277    -388.244        -303.631      80.530             186             126
  176        -227.118     742.888        -375.785     203.833             176             121
  117        -511.186     -97.513         204.755     382.881             117              92
  176        1005.064    -909.566         406.960    -220.729             176             121
  133        -348.959    -530.298        -262.521    -960.776             133             100
   38       -1828.191    -602.776       -1396.473     504.225              38              52
  137        1487.872     172.744         610.222     633.076             137             102
  226        -602.834    -878.081        -909.644    -113.966             226             146
  183        2440.538    1795.287         475.926    1490.394             183             125
  162        -237.530    1347.329         586.269    -148.232             162             114
  249         500.863   -1251.108         978.957     190.017             249             158
  220         735.003   -2022.737        -411.375   -1726.421             220             143
  203       -1139.818     794.271       -1566.455    1232.549             203             135
   76        2771.027     887.297         526.271    1010.632              76              71
   49        1053.333    3923.011         398.298    1235.575              49              58
   63         479.548     193.354        2066.195     271.397              63              64
  132        1948.075   -1865.860         447.731   -1371.290             132              99
   37         170.091    2240.391        -404.989     380.619              37              51
   51         455.350    1137.823        1281.823     112.080              51              59
  179        -358.965    -707.246         253.654    -862.113             179             122
  152         392.917    -441.147         395.212    -597.632             152             109
  196       -1185.758       5.546       -1195.450    -749.124             196             131
  159       -1099.417    2110.467        -128.265    1343.237             159             113
  227        -588.417    -173.939         114.995     129.409             227             146
   39         361.578    1716.229         930.344    1668.393              39              53
   23        1818.626   -1685.710        1864.222    -868.032              23              44
  113         776.020     559.029         314.308    -103.849             113              90
   49         822.068    -355.557        1326.432    -639.167              49              57
  172          53.967     -93.073         591.868    -674.759             172             119
   74         147.913   -1626.064         903.721   -1268.597              74              70
  197        -791.504   -1028.710         -30.390   -1420.842             197             132
  255       -1827.512   -2920.733        -922.006   -1272.865             255             160
   18         384.268     732.077        -648.953     654.059              18              42
  240         -82.331   -1019.424         651.990    -818.832             240             153
  104        -799.512      -8.558       -1020.409    -107.423             104              85
  178        -116.254    -599.761         627.972     108.450             178             122
  164         152.518    -209.500        -503.264    -435.084             164             115
   49        -876.790     100.577         437.160     655.590              49              57
   51        1700.538   -1337.683         720.740    -506.400              51              59
  208         515.942     -40.150         556.420     -93.468             208             137
  124        1601.348    -878.272        1269.266   -1325.688             124              95
   13       -2071.893   -2270.105        -790.296   -1545.109              13              39
  117        1508.832    -850.548         173.573    -267.963             117              92
   74       -1442.103   -1461.547        -620.872   -1535.423              74              70
  200        1101.298    -625.840        -271.520     182.719             200             133
   39        -657.650    -902.230        -398.384   -1734.986              39              52
  166        -138.432     511.679       -1117.968     818.009             166             116
   52         298.444     405.575        1044.446   -1448.843              52              59
    1       -3615.476   -1963.652       -2224.690    -852.968               1              34
  243         245.647    -448.407        -207.849     363.326             243             154
   25        -483.692    -251.764       -1073.067    -336.049              25              46
  227        -475.710     580.451        -341.836     301.266             227             146
  133        -741.252     751.036        -785.738     263.964             133             100
  254        -671.143     317.386         731.045     354.702             254             160
   19        -338.827   -2297.832        -569.058   -1279.990              19              43
  210       -1166.449     505.516        -805.496     456.963             210             138
  108         -38.455   -1188.576        -239.987    -579.334             108              87
  233       -1808.498     603.940       -1228.151     463.629             233             149
  140          75.014    -885.374         305.198     185.346             140             103
  217       -1200.855    -907.904       -1220.274     -99.955             217             141
  115        1510.039     462.175         434.807    1181.489             115              91
  226         249.739    -821.526         157.334   -1125.955             226             146
   76        -359.301    -308.990       -1114.818    -129.564              76              71
  155       -2379.266    1425.004       -1269.943     502.505             155             110
  100         120.763    -539.678         446.504    1500.094             100              83
  124         705.960    -899.596          55.283    -953.279             124              95
   24        -465.276    -618.629        -576.127     830.926              24              45
  114         858.799    -422.645        -511.855    -938.220             114              90
  235       -2917.486    1500.023       -1870.346    2007.133             235             151
  176        2154.516    -182.758         867.627    1345.426             176             121
   30        2041.261    1800.887         715.440    1583.276              30              48
  212        2077.516    -770.046        1564.008    -980.255             212             139
   28         -66.498     834.676       -1081.640    1069.328              28              47
  131        3051.203    1760.731        2234.633     195.460             131              98
  222       -2091.000      -0.549        -459.000       0.000             222              37
   26        3051.930   -1759.857        2234.628    -195.453              26              36
  117         -66.291    -834.520       -1081.637   -1069.333             117              37
  205        2077.256     770.757        1564.001     980.260             205              36
  155        2041.542   -1800.145         715.443   -1583.275             155              37
  184        2153.679     183.670         867.627   -1345.423             184              36
   68       -2917.480   -1500.716       -1870.342   -2007.137              68              37
  240         858.536     423.361        -511.859     938.221             240              36
   30        -465.710     618.753        -576.126    -830.927              30              37
  229         705.405     899.954          55.279     953.280             229              36
   53         120.101     539.652         446.509   -1500.092              53              37
  241       -2379.003   -1425.683       -1269.943    -502.509             241              36
  213        -359.284     309.203       -1114.819     129.562             213              37
  115         249.526     821.769         157.331    1125.956             115              36
  125        1509.929    -461.479         434.810   -1181.488             125              37
   64       -1201.505     907.741       -1220.275      99.952              64              36
   24          74.449     885.432         305.198    -185.345              24              37
   35       -1808.456    -604.420       -1228.151    -463.632              35              36
   65         -38.907    1188.701        -239.989     579.334              65              37
  118       -1166.350    -505.733        -805.494    -456.964             118              36
   53        -339.603    2297.744        -569.061    1279.989              53              37
  197        -671.077    -317.833         731.045    -354.699             197              36
   49        -740.989    -751.273        -785.738    -263.965              49              37
  139        -475.484    -580.384        -341.835    -301.265             139              36
   97        -483.756     251.908       -1073.068     336.047              97              37
   41         245.301     448.800        -207.848    -363.324              41              36
  114       -3616.009    1962.497       -2224.690     852.964             114              37
  110         299.035    -405.545        1044.442    1448.847             110              36
  103        -138.046    -511.492       -1117.965    -818.011             103              37
   94        -657.665     902.307        -398.389    1734.985              94              36
  209        1101.233     626.454        -271.519    -182.719             209              37
   86       -1442.407    1461.238        -620.876    1535.423              86              36
  155        1508.684     851.181         173.573     267.964             155              37
   95       -2072.427    2269.372        -790.299    1545.107              95              36
   80        1601.429     878.551        1269.264    1325.690              80              37
   22         516.051      40.207         556.420      93.469              22              36
  152        1699.978    1338.111         720.740     506.402             152              37
   77        -876.922    -101.056         437.161    -655.589              77              36
   40         152.437     209.509        -503.265     435.083              40              37
   79        -116.530     599.666         627.972    -108.447              79              36
  202        -799.496       8.284       -1020.407     107.421             202              37
  132         -82.572    1019.363         651.987     818.834             132              36
    1         384.438    -731.800        -648.950    -654.060               1              37
  188       -1828.455    2920.190        -922.009    1272.863             188              36
  251        -791.495    1028.171         -30.392    1420.842             251              37
  139         147.729    1625.723         903.718    1268.599             139              36
  248          54.272      92.640         591.867     674.760             248              37
  104         822.242     355.446        1326.432     639.170             104              36
  165         776.412    -559.022         314.308     103.849             165              37
  167        1818.026    1685.892        1864.219     868.036             167              36
  128         361.882   -1716.561         930.348   -1668.392             128              37
  132        -588.676     173.439         114.994    -129.409             132              36
  235       -1098.718   -2110.983        -128.261   -1343.237             235              37
   51       -1185.491      -5.849       -1195.452     749.120              51              36
  221         393.077     441.217         395.211     597.634             221              37
  142        -358.918     706.811         253.652     862.114             142              36
    0         456.062   -1138.039        1281.824    -112.078              -0              37
  228         171.217   -2240.243        -404.987    -380.620             228              36
   91        1947.683    1866.512         447.729    1371.290              91              37
  226         479.701    -193.723        2066.196    -271.392             226              36
  136        1054.819   -3922.736         398.302   -1235.574             136              37
  202        2771.113    -885.937         526.273   -1010.631             202              36
  148       -1139.798    -794.133       -1566.451   -1232.554             148              37
  135         734.346    2023.291        -411.380    1726.420             135              36
   32         500.366    1251.053         978.957    -190.017              32              37
  160        -237.007   -1347.627         586.267     148.233             160              36
   26        2441.007   -1794.218         475.930   -1490.392              26              37
   98        -603.397     878.195        -909.646     113.961              98              36
   51        1487.610    -172.062         610.222    -633.075              51              37
  103       -1828.664     602.359       -1396.473    -504.229             103              36
  115        -349.037     530.296        -262.524     960.776             115              37
   16        1004.698     909.894         406.959     220.731              16              36
   58        -511.376      97.244         204.756    -382.881              58              37
  232        -226.908    -742.888        -375.786    -203.835             232              36
  150          22.095     388.440        -303.631     -80.530             150              37
  234        -348.205       2.421        -615.871      78.175             234              36
   62        -518.644    1900.687        -830.550     714.967              62              37
  120        -404.601    1789.084         395.239    1692.021             120              36
  250        1409.157     652.405        1395.398      83.829             250              37
  214        -503.293    -495.911         555.415     -65.951             214              36
   52        1876.293    -861.361        1071.731    -756.163              52              37
  210       -1244.573    -792.489        -416.547   -1263.998             210              36
   63        -611.928    -976.592        -693.735    -175.379              63              37
  115         465.189      11.269        -287.773    -244.502             115              36
  141       -1510.003    1198.167       -1040.738    -235.768             141              37
  114       -2499.795    -184.308        -657.063     896.354             114              36
   23         976.381    -590.503        -293.656     457.156              23              37
   66         165.504    1583.701         116.331    1216.918              66              36
  197        1488.152      71.793         741.963    -173.085             197              37
  242       -1292.560    1206.429        -183.239     228.639             242              36
  151        -723.820   -1471.353          36.932    -457.412             151              37
  240       -1457.829      59.507       -1188.440    1028.915             240              36
   27        2306.861    -332.149        1135.758     990.930              27              37
   34        1234.501     732.197         138.353     136.679              34              36
   26        1334.400     236.091        1189.837     159.772              26              37
   55         364.722    -933.917        -140.381    -990.187              55              36
  145         -43.072    -211.306        -405.891    -232.061             145              37
    5        -574.805     497.456       -1519.787     435.972               5              36
   85        1250.875    3295.918         727.077    2132.303              85              37
  246         856.092    -285.291        1066.375    -532.437             246              36
   32         754.748    1226.651         181.402     412.948              32              37
  162          81.015    -504.683         754.583   -1175.811             162              36
  167       -2319.097    -241.444       -2270.963    -419.235             167              37
  208        -887.974    3011.826        -642.279    2782.623             208              36
  150        1852.200    1808.585        1944.989    1075.360             150              37
  226        -911.280    -817.029         589.502    -394.515             226              36
  105        1335.768    -925.353         173.326     346.295             105              37
  110         764.043    1874.377         222.677     538.233             110              36
  186         -79.600     714.674         788.838     882.585             186              37
  216        2167.729    -142.511        1338.521     515.394             216              36
  132        2861.762     401.850        1998.373    -646.789             132              37
   97        -424.531   -1146.905         -54.767   -1923.407              97              36
  222       -1224.392     568.365        -830.017     201.040             222              37
  176         321.257     -13.785         153.738     448.582             176              36
  187        1754.607    1961.391         866.765     598.080             187              37
  190         -54.152      87.023        1048.605    -643.072             190              36
  110         595.625     426.863         531.408    -439.570             110              37
  152       -1767.482    -663.250         460.574   -1126.615             152              36
    8        -225.572   -2333.298        -108.325    -771.399               8              37
  121        -519.864   -1303.397        -780.620   -1449.975             121              36
   34       -1708.043     774.783       -1840.974     870.050              34              37
   11         570.572    1296.609         534.693     892.881              11              36
  174        -462.507     935.158        -153.364     462.774             174              37
  222         455.190     139.619        1208.586     376.683             222              36
  249         268.759   -1178.320         -55.190   -1027.676             249              37
  201       -1068.556     763.159        -589.729     600.547             201              36
  230        1146.863     243.780         992.944     492.173             230              37
  152         -98.550   -1151.338          -8.678   -1087.394             152              36
  111          41.622    1719.030        -740.000    1447.000             111              37
  115        2061.248    1164.781        2513.874     148.663             115              36
   72        -545.361   -1254.106        -152.775   -1757.196              72              37
   13       -1687.412     174.631         -98.825     -21.531              13              36
  176        -248.776   -1602.267        -206.090    -303.658             176              37
   83         729.537     307.941         693.781      -8.643              83              36
  107        -480.512   -1860.512        -379.786   -1118.877             107              37
  140         757.141    1050.101         -55.531     527.758             140              36
   23        -291.881    -157.834         579.378   -1048.451              23              37
  179       -1669.631   -1426.898        -783.120    -738.977             179              36
   78        -556.338    -444.888        -698.765    -192.430              78              37
   27       -1019.257    -271.261        -450.846     208.297              27              36
  238         506.903    -740.841        -225.762     -83.867             238              37
   88        -239.792     424.934        -402.051     109.453              88              36
   22         259.979      24.985         -13.293      55.646              22              37
   92        -723.004    -425.299        -487.116    -561.918              92              36
   58        -517.032     349.064       -1167.358     762.934              58              37
   89        1048.251    1487.950         750.160     537.651              89              36
  208       -1281.160    -463.263        -996.547    -565.165             208              37
  252        -341.522    2003.455        -379.224    1686.845             252              36
  254        1054.099     425.164         936.341     514.506             254              37
   53        1780.798     926.820        1056.701     -81.864              53              36
  191       -1415.008    -109.572        -188.727   -1475.418             191              37
  107       -2211.745    -157.164       -1187.852     670.710             107              36
   36        1385.369     618.187         742.891     437.139              36              37
  104        -852.669     -25.578          15.279    -686.037             104              36
    3        -984.501    -608.927        -829.834    -111.422               3              37
  157          41.480    1478.104        -128.799     711.136             157              36
  161        -957.895     362.485         153.292    -196.670             161              37
   42       -1011.219    -498.782        -290.925     152.168              42              36
    2         326.353    -247.548           9.253    -206.364               2              37
  216       -1064.843     287.511        -649.809    -253.672             216              36
   49       -1510.104     500.629       -1018.128     380.469              49              37
  226        -690.067    1361.282        -108.765    1032.728             226              36
  136       -1148.101    -168.623        -194.886     -53.988             136              37
  173        -740.528     610.233        -642.960    1105.247             173              36
    7         226.706    1756.177         428.371     770.914               7              37
  197       -1402.145     829.226         511.054     688.709             197              36
  173        -438.458   -1616.834         551.474    -724.043             173              37
  226       -2331.938    -346.040       -1288.252     397.567             226              36
  237         -16.781    -499.622         593.586    1031.662             237              37
  160         329.462   -1356.941        -222.400      13.895             160              36
   77        1049.203    1081.746         248.861    1072.009              77              37
   51         353.026     215.282         660.236     122.321              51              36
  165         185.322     -25.137         324.885      55.172             165              37
   81        -832.629    -257.988          25.682    -158.822              81              36
  110        -883.789    -770.354         -67.226     265.128             110              37
   89          51.133   -1582.067         -24.971      78.004              89              36
    9        1222.916      81.879           1.751     575.235               9              37
  225         637.137     -18.474         786.987    -113.351             225              36
   12        -278.792   -1819.702        -481.013   -1018.040              12              37
   55       -1231.376     -65.578       -1594.423     433.069              55              36
  196         848.172    1242.326        -164.710    1710.710             196              37
   93        1410.288     870.315         772.984     208.535              93              36
    1        -607.332     670.143        -753.178     245.225               1              37
   14        -257.968    2195.637         337.923    1266.537              14              36
   87       -1319.484   -1123.296         257.466    -206.302              87              37
  119         -11.299    -988.998        -713.848     835.022             119              36
   50        1552.743    1020.630         264.202     863.451              50              37
   34        -550.681    1147.993        -482.262     963.810              34              36
  118        1328.254    1527.939         669.877    1983.681             118              37
  106        2079.631    1411.451        1575.530     811.788             106              36
  100        1473.499    -177.027        1211.156     -51.301             100              37
   75         805.070    1109.132          71.365     -89.992              75              36
   54        -689.162    1770.527         689.043    1121.983              54              37
   47         771.131    -895.793        1024.908    -230.672              47              36
   32         219.471     568.354         228.197     892.310              32              37
  114        2655.751     503.339        1976.101     189.031             114              36
  183        -622.261    -348.124         588.062    -777.094             183              37
  246        1091.291   -1488.564         673.848     -89.855             246              36
   90        1401.598     268.054         705.165    -442.389              90              37
  167         288.872    -571.919         341.545    -805.558             167              36
   60        -692.400     321.583        -209.021      -1.371              60              37
  187        1062.607    -861.903         668.264    -335.265             187              36
  191        -375.575     755.170        -174.943    -172.102             191              37
  227         834.287   -1667.778         786.093    -760.706             227              36
  171        -840.035     671.089       -1726.824    -571.768             171              37
  136          56.254    2209.581         490.850    1676.526             136              36
   71         352.966     994.301         562.459    -735.402              71              37
   98       -2152.447     870.290         178.342     470.623              98              36
   93        -388.940   -1899.990         710.439   -1145.940              93              37
  157       -1766.400   -1673.207       -1526.722    -679.092             157              36
   90        -446.787    2557.270        -707.898    1490.369              90              37
  147       -1634.740     490.657        1028.382     210.522             147              36
   43       -1790.360   -2350.383        -659.546    -157.647              43              37
   57        1020.981    -655.271         363.975     426.759              57              36
  168       -1577.153     629.034       -1203.303     118.399             168              37
  148        -683.480     811.790        1047.775    2117.605             148              36
  124        1439.326   -3755.479         878.260   -1533.357             124              37
  226        -495.996     541.999       -1702.626     787.903             226              36
  232         364.103    1922.806         672.694    1992.632             232              37
  192        2459.324    -420.679        1853.697     513.525             192              36
  194         930.610      37.413         784.658    -615.970             194              37
  190         368.661   -1272.527         893.948    -240.363             190              36
  116         904.802   -1156.901        -181.418   -1140.440             116              37
   42        -797.730     933.179         -52.311     372.524              42              36
  227        -458.993   -1988.818         -81.554    -955.506             227              37
  195        -582.018     618.955       -1021.551     472.965             195              36
  108       -1527.401     103.615        -153.749     651.364             108              37
  185        1491.385   -1165.728         490.485     682.943             185              36
  195         702.388     -72.639        -282.277    -432.313             195              37
  174         808.096    2216.323        -167.017    1622.548             174              36
  140          18.239    1545.038        1462.742    -212.698             140              37
  101       -1571.996   -1804.855        -415.591    -356.706             101              36
   63         -69.372     331.720          56.745     317.317              63              37
   35         -85.944    -444.422          77.218     -38.471              35              36
   12       -2398.397     756.786        -558.282     -98.788              12              37
   55       -2052.566   -2008.239        -589.952     902.776              55              36
   30         698.377     375.119         428.005     994.170              30              37
  166        -349.934   -2995.451         466.974    -595.044             166              36
  154        -790.653    -737.794       -2090.477     777.400             154              37
   19        2688.659    1742.587        1421.606    2488.669              19              36
  238          61.247    -297.902         401.949    -860.640             238              37
   58         175.652    -985.320        -108.816    1101.571              58              36
  243        -231.978    1007.685        -452.342     120.955             243              37
  214        -554.467    -672.821         230.681    1982.069             214              36
   19        1619.883     194.754         231.538     564.019              19              37
    1        2261.072    -260.011        1594.603    1718.632               1              36
   97        1747.961     259.176         -85.515   -1325.372              97              37
  112       -1453.865    1923.835         206.508    2412.711             112              36
  251         220.297   -1634.221         429.741   -1302.284             251              37
  123       -1911.452     443.463       -1007.925    2374.387             123              36
  246        -862.338    -385.874           8.914     224.378             246              37
   49        -522.031   -1072.017          55.069    3344.707              49              36
  127        -275.327   -1414.493        -642.960    -240.529             127              37
  165         999.123     486.745          57.521    6704.829             165              36
  175        -183.550    -126.631        -158.692    -713.915             175              37
   21       -1127.543     373.176        -791.732   19589.895              21              36
