SINAL     NFT                         FFT                         NFT INVERSA     FFT INVERSA
-----     -----------------------     -----------------------     -----------     -----------
   80       65787.000       0.000       33728.495       0.000              80              75
  150        -395.298    1897.013         -29.472  -19168.295             150             106
  104        -921.408    -448.563         466.263    -463.729             104              87
   82        -679.049     -65.908        -427.916   -6326.564              82              72
   87         173.154    -332.075        1237.407    -797.997              87              78
    3       -2780.911   -2536.753       -1633.334   -5464.658               3              33
  145       -1251.074    -201.325        -734.951     567.381             145             107
   33        -910.699   -1711.883       -1053.883   -2980.400              33              48
  142         834.069    1198.102          37.842     927.986             142             106
   49        -954.732   -1675.964        -575.201   -3348.998              49              56
  132       -1072.168    1729.210       -1703.523    1210.719             132             101
    5       -1036.417     717.593         560.604    -952.299               5              34
  179        -239.250   -1838.168        -413.600    -258.113             179             124
   99           3.962      54.015        -800.690    -881.650              99              81
   75         891.999    1071.261          75.372     879.599              75              72
   34         540.981      15.681         108.132   -1486.150              34              48
  245        -872.215    1481.329       -1133.576     199.930             245             157
  135       -1781.586    1618.368        -383.795     294.032             135              99
  165         -23.619     113.061         340.249     455.113             165             117
  201       -1026.274    -265.961        -595.567    -286.801             201             132
  105        1273.129    1398.812         172.627    1192.509             105              87
  207        -814.604    1693.450         152.707     357.109             207             135
  232        1317.215     847.290        1434.280    1167.077             232             151
  217         107.935    -502.215         899.864    -624.397             217             140
   53        2848.327    -121.010        1828.929     503.611              53              61
  222         782.343   -1536.043        1138.221   -2544.129             222             142
  133          20.721    -989.673        -473.073    -450.530             133             101
  221         440.138    -655.584         373.770   -1385.329             221             142
   73         -58.827    -125.580        -966.380    -337.665              73              71
  148        -472.084    1422.789         348.825    -237.538             148             105
  246       -1205.456   -1722.756        -711.482    -938.188             246             158
  144        -562.252    1362.873        -888.917    1078.722             144             103
   57        1916.340     634.178        1499.084     140.237              57              63
  108       -1721.605     -26.388        -717.916    -764.076             108              85
  106         942.882      61.449         726.220     856.085             106              88
   65         334.125     149.517         213.802    -728.181              65              64
   94         272.313     385.898         904.873     395.648              94              82
   79         321.751   -2391.411         485.169   -1603.536              79              71
  107         801.668    -215.801        -508.524    -414.690             107              88
  163        -919.166     384.662        -367.630    -131.520             163             113
  118        2053.467      65.328         785.932    -108.326             118              94
  250       -2238.164     385.443        -913.390   -1265.819             250             156
  204        -509.362    -426.764         -70.218     948.719             204             137
  164         330.382    -949.438        -168.233    -957.570             164             113
  245         528.901    1112.284        -234.885    1036.906             245             157
   95         206.974    -318.181         346.872    -947.326              95              79
  193        -303.855    1441.613        -955.601    1080.678             193             131
  197         303.814     970.813        1480.086     283.469             197             130
  180         661.871   -1732.079        -120.673    -656.768             180             125
  161         462.372    1359.401         133.223     520.251             161             112
   56        2339.066      52.469         964.393    -301.088              56              63
   52       -1302.650    2083.790        -381.630    -565.283              52              57
   66        -382.414     248.161         533.730     584.109              66              68
  187        -995.867     659.305         373.821    -750.652             187             125
   34       -1217.058   -1691.470         309.825     373.182              34              52
  160        1957.932   -1369.348         976.752   -1107.379             160             111
   57       -1196.073    -919.549        -885.316    -944.411              57              63
  145       -1115.131     426.725        -532.305     687.958             145             104
    3        1384.578   -1061.805         906.466     241.517               3              36
  162         926.119      35.088         396.760    -489.534             162             112
  155         526.935   -1927.895         550.607   -1065.710             155             112
  162        -930.137    -662.189       -1758.678    -663.283             162             112
   44        1153.324     846.605         236.578    1560.890              44              57
  227        2138.849    1229.001         304.828    -189.158             227             145
   83         624.061    2096.653        1281.120     842.054              83              76
  119         997.837   -1904.162         806.089   -2040.235             119              91
  145       -1007.649     707.352       -1038.790     -93.801             145             107
  203         172.071     242.122         120.894     100.200             203             133
  139        1170.514    1575.135         497.646     215.125             139             104
   25       -1328.269     471.485         354.614    -784.376              25              44
  116        -301.070   -1085.776         150.114    -283.211             116              93
  136        -589.312     -29.081        -505.594    -816.241             136              99
  178       -1078.465     627.406         -29.122     712.805             178             124
   98         171.553   -1344.705         222.113    -673.004              98              80
   63         802.526    1342.930         146.722     486.341              63              66
  149       -2030.024    -297.301         297.423   -1085.453             149             106
  130        -915.678   -2053.846        -507.916     549.387             130             100
   15        1864.428    -198.720         664.138    -339.386              15              39
   37         220.223      14.115         472.760     223.191              37              53
  245         948.535   -2333.222         895.566   -2069.674             245             154
  195       -1531.402   -1783.200       -2232.020    -778.489             195             132
   43         403.216    2213.058        -683.117     965.409              43              53
   60       -1410.088     687.143          38.226     979.892              60              65
   17        2473.817   -1543.083         804.063     -20.694              17              40
  249        1512.099    1831.047        -131.334     166.250             249             159
  163         104.623    1521.598         766.492     167.121             163             113
    6         -36.456    -168.618         460.276    -170.302               6              38
  254         779.900    -442.441         704.175    -617.833             254             158
   68        -145.351    -560.059        -126.601    -674.159              68              69
  239         316.097     156.804         -29.411    -486.104             239             151
   51       -1810.964     427.869        -621.883    -277.174              51              60
   98        -612.744    -590.050        -170.390     832.728              98              80
   88        2895.049      77.452        1618.288      95.921              88              79
   45         -93.890   -1423.441         -15.885   -2102.269              45              54
   66       -1474.765      26.709       -1471.670     325.472              66              68
  218        1300.139     786.318         322.893     601.879             218             140
   88         621.689    1564.449         603.952     419.694              88              79
  102        1337.823    -822.457        1253.028    -901.032             102              82
  184        -535.008     307.737        -484.958   -1205.148             184             127
    9       -1473.714    -451.462        -349.018     -90.716               9              36
  138         873.261     342.632         103.829    -422.783             138             104
   41       -2288.764     368.003        -617.926    -318.622              41              52
   62         210.426    -170.138         572.301     386.387              62              66
   99        -807.265   -2104.369         -56.189   -1606.652              99              81
  159         -94.377     -48.598        -965.075     482.367             159             114
  210          56.004    -161.955         474.991    -826.729             210             136
  164       -1343.112    -480.377       -1369.481      58.207             164             117
  153         480.960     461.951         460.406      41.362             153             108
    4       -1644.685     -77.982       -1123.718    -104.199               4              37
   30          79.620    -257.117         619.284     633.523              30              46
   41         866.019   -1324.934        -387.033    -717.754              41              55
  246         223.535    1082.290         142.426     155.655             246             154
  250       -1546.604   -1551.362       -1190.859   -1307.748             250             160
  235       -2010.355    1540.382       -1928.017    2013.767             235             149
   13        2240.358     931.542        1393.504    1669.251              13              41
   46        2074.353     295.531         827.386     -71.301              46              54
  194        1110.726    1218.056         602.961     -91.889             194             132
  153        -802.032     148.247           9.623    -183.131             153             108
   31        1176.013     244.724         525.395     282.438              31              50
  185        -226.038     151.586         184.281    -609.460             185             124
   15        -167.315     281.536        -252.227     544.046              15              42
  241         971.839     395.148        1119.344     265.163             241             152
   56        1610.280   -1042.852         603.647    -703.808              56              63
  144         521.583    1061.728         484.303    -346.152             144             103
  127         644.368   -2164.697         686.240   -1428.812             127              98
  163         -80.322     -17.829       -1453.182   -1471.847             163             113
  106       -2766.447    1736.400       -1413.778     771.422             106              88
   95         366.346     945.627          85.815    1188.114              95              79
  195         877.915     783.019        1274.000     120.000             195             132
  214         688.467   -1291.955          11.872    -934.205             214             138
  149         529.846    1746.001         319.783    -186.888             149             109
  150       -1874.539   -1397.372        -832.559   -1422.789             150             106
  180        -944.307    2168.208       -1166.271    1261.985             180             125
  146        -402.350     119.802         767.306     -18.008             146             104
   22        -646.616     430.158        -925.212     205.040              22              46
  196        -121.102    1704.660         477.098    1349.847             196             129
   61        1724.489    1004.518        1686.118     202.580              61              65
  105        -933.846   -1469.668         767.476   -1624.990             105              84
  174        -597.703   -1366.246        -774.777    -385.681             174             122
  219         880.562      39.248         410.349     -64.397             219             141
  225         799.019     599.629         150.549    -627.356             225             147
   23       -1558.356     194.219        -169.519    -898.893              23              43
  251       -1444.030      -3.060        -815.337    -292.002             251             160
  218       -2131.892     -54.337        -329.684     -60.414             218             140
  200        -527.971   -1079.333        -374.889      70.711             200             135
  212        -638.781    -494.048        -216.304    -254.460             212             137
   15         -93.986    -495.054        -677.853     416.574              15              42
  171        1448.639     786.782         612.558     193.599             171             117
   76        -453.464     373.602        -404.937    -992.234              76              73
  120       -2939.984     462.226       -1466.862     309.959             120              91
  202         457.831    1473.972          -8.622    1445.749             202             136
  114        -982.014     681.261         525.914    -241.021             114              88
   53       -1125.489    -139.306        -793.496     636.665              53              61
  133        -242.094    1367.219         902.124     759.672             133              98
   49        -798.822   -1811.610          -8.097    -195.376              49              59
  112         934.180     364.666         377.143     747.867             112              87
  110        1131.407    -279.018         879.227    -189.217             110              90
  151          85.242    -126.616          85.596    -665.936             151             107
   86       -1411.301     639.975        -609.456     245.382              86              78
    6        -302.220    -307.272         771.484     576.050               6              34
   50         799.274   -1549.645          16.954    -838.058              50              60
  229        -966.114    1270.850        -690.535     963.125             229             146
   55        1811.011     640.331        1407.752     870.656              55              62
   38         504.294     -84.359        1082.841    -797.272              38              50
  114        -371.673    -911.901          77.113    -651.913             114              92
  137       -1033.083    -560.215         212.075    -277.358             137             100
  138         395.797   -2483.475        -176.115    -558.542             138             104
  130        1075.372    1341.454         -63.157     628.246             130              96
   78         882.648     -36.472        1173.062    -521.895              78              74
  109       -1194.207    -552.237        -427.385    -660.113             109              86
  166         493.561    -923.812         471.338    -158.264             166             118
  122        -606.148    -343.080        -424.711    -483.386             122              92
   14        1057.566    -828.784         734.332       3.633              14              42
  202        -260.315    -286.572        -560.901   -1123.450             202             132
  231        -345.207      94.623         270.131     477.393             231             150
   70        -158.655   -1480.254        -282.170   -1556.790              70              66
  169       -1333.820     528.129        -953.189     966.083             169             119
  211        1278.362    -466.143        1116.306    -405.905             211             137
  140        -994.298   -1808.510        -472.932   -1094.220             140             105
   14        -141.478   -1521.600       -1143.155    -441.159              14              38
  223         750.328     884.468        -607.188     677.404             223             146
  132         307.817     974.879        -588.420     -22.752             132              97
   47        -248.768    2491.538         -60.133    1460.661              47              58
  224         939.680    -371.703         627.138    -575.127             224             143
   30        -360.853    3113.132        -533.967    1074.006              30              50
  255        -918.491      46.361        1409.113    -476.505             255             159
    2       -1433.843    -801.559       -1231.467      54.277               2              36
   99         549.357    1261.816        1230.913    1111.661              99              81
  152        1037.931   -1628.291         777.407    -584.278             152             111
   86        1938.111     347.163         759.897    -540.262              86              74
  160        -528.666    1206.690         139.109    -954.159             160             115
  114       -2888.534   -1075.458         -31.471   -1228.420             114              88
   34       -2179.834   -2423.584       -1847.120    -711.947              34              52
  199       -1014.164    2154.894        -804.636    1754.580             199             131
  116         675.140     186.467        1615.584     673.062             116              93
  204        -452.941   -2005.375         452.667   -1527.398             204             133
  136       -1330.386   -1822.151        -845.875    -107.624             136             103
  158         919.521   -1312.152        -129.495    -216.115             158             110
    4         788.547    1101.912        -465.391     801.240               4              37
   70         913.226     943.697        1255.013    -309.456              70              66
   16       -1805.114    -949.274        -841.435    -540.208              16              43
   13         960.846     419.842         785.019     443.419              13              38
   17       -1298.315    -954.743          -0.791   -1395.603              17              43
   21       -2263.808   -2143.862       -1147.204    -179.766              21              42
   76         950.168      43.921        -243.279     932.526              76              73
  238         557.798    -890.273         894.258    -409.362             238             150
  226         611.128   -1178.928        -911.901    -312.237             226             148
  158         716.707    1391.418         729.427     372.101             158             110
  192        -247.079   -1982.860        -503.052   -1117.947             192             131
   11         169.055    1341.316        -496.728     491.522              11              37
   56        -803.640     261.533        -295.616    -114.032              56              63
  227        -801.098     552.480         -32.920     873.598             227             145
   52        1973.945    -833.218        1012.118      -2.732              52              61
   61         560.580     473.063         723.546   -1203.180              61              62
  120       -2952.175   -2338.198       -1474.119   -1423.222             120              95
  108        -616.758     772.423        -838.805    1368.716             108              85
  210         909.240   -1590.007         882.842    -809.184             210             140
    0       -1552.894    -374.125       -1980.834    -498.791              -0              31
    6        -814.796    1040.008        -414.783    1749.781               6              38
   22        1570.876     -14.904         708.550     435.108              22              42
  189         880.481      31.616         487.175      72.423             189             129
   95         761.619    -295.089         243.149    -698.728              95              79
  107       -1466.828     -65.974       -1084.667    -120.856             107              88
   37         372.463    1325.358         -24.461    1485.854              37              50
  173        1314.709     292.042        1608.010      54.486             173             121
  148         290.335   -1886.075         221.763   -1049.340             148             105
  139        1281.393    -303.780         182.284    -402.215             139             104
  181        -282.250    -484.234        -306.540   -1155.943             181             122
  165        -569.828     108.136        -898.099    -159.828             165             117
  234       -1298.517    1059.807        -589.397     -55.229             234             148
  178       -1219.832    -404.423        -146.145     490.877             178             124
  134         245.773   -1353.746          -1.003    -788.878             134              98
  151        -617.104    -588.565       -1049.272     235.912             151             110
  128        1072.797     658.687         -75.778    -176.823             128              95
   92       -2335.335     884.213       -1223.037     539.375              92              81
  219        1368.826    -248.609         739.368     554.295             219             141
   10        -264.776      15.426        -528.231    -687.662              10              40
   95        -301.074     -35.860        -389.591     -97.891              95              79
  182       -1860.479     423.103       -1666.977    -373.525             182             126
  193       -2025.498    1240.024       -1379.623    1448.431             193             128
  248        -946.273    1919.007        -843.741    1764.641             248             159
  158         577.370    1831.797        1165.596    2309.966             158             110
  129        1755.403    -473.845        1144.862    -452.941             129              99
   82       -1310.357    1375.453        -486.543     834.089              82              72
  243         667.859      37.733        1174.833     746.161             243             156
   35          88.593    -679.126         290.200    -198.811              35              49
  137         455.745     107.190         310.966     443.743             137             103
  234        -599.038    -701.499         220.174    -195.038             234             148
  118         266.010    -744.175        -534.218     820.646             118              94
  129        1641.597    1264.668        1163.562    1138.209             129              96
  118        1666.160   -1371.893         737.278    -281.636             118              94
   63        1388.194    1424.929         555.004     526.705              63              63
  191        1570.230   -1242.790         926.752    -323.592             191             130
  173        1974.281    2294.264         334.337     228.006             173             118
  207         129.440      78.166        1606.703    -445.693             207             138
  208         299.566   -1348.345        -158.081   -2031.574             208             135
  191       -3863.000      -0.591       -1968.000       0.000             191              38
  255         299.622    1348.319        -158.093    2031.572             255              34
   82         129.911     -78.505        1606.700     445.697              82              38
  255        1975.367   -2293.618         334.336    -228.005             255              34
  195        1569.864    1243.371         926.752     323.594             195              38
  115        1388.624   -1424.445         555.004    -526.704             115              34
   45        1665.532    1372.455         737.277     281.637              45              38
   68        1641.623   -1264.148        1163.564   -1138.206              68              34
   50         265.273     744.369        -534.217    -820.648              50              38
   40        -599.556     701.186         220.171     195.037              40              34
  183         455.596    -107.178         310.966    -443.742             183              38
  164          88.149     678.954         290.199     198.812             164              34
   11         667.562     -37.867        1174.834    -746.159              11              38
  146       -1310.036   -1376.089        -486.542    -834.090             146              34
  121        1755.094     474.201        1144.860     452.944             121              38
  208         577.431   -1831.884        1165.601   -2309.963             208              34
   21        -946.204   -1919.270        -843.738   -1764.640              21              38
   50       -2025.386   -1240.431       -1379.619   -1448.435              50              34
    2       -1860.270    -423.412       -1666.979     373.521               2              38
  169        -300.906      35.997        -389.591      97.892             169              34
   65        -264.628     -15.349        -528.233     687.661              65              38
  187        1368.588     249.129         739.370    -554.291             187              34
  221       -2335.095    -884.898       -1223.035    -539.378             221              38
  180        1073.102    -658.012         -75.779     176.824             180              34
    2        -617.395     588.704       -1049.271    -235.914               2              38
  224         245.197    1353.919          -1.006     788.878             224              34
    4       -1220.090     403.878        -146.144    -490.877               4              38
  214       -1298.035   -1060.227        -589.398      55.228             214              34
   29        -569.517    -108.103        -898.100     159.826              29              38
  112        -282.056     484.324        -306.543    1155.943             112              34
  188        1281.512     304.378         182.283     402.216             188              38
  133         289.781    1886.092         221.761    1049.341             133              34
   25        1314.764    -291.896        1608.010     -54.485              25              38
   19         372.650   -1325.237         -24.457   -1485.855              19              34
  164       -1466.855      65.653       -1084.668     120.853             164              38
  179         761.692     295.418         243.147     698.730             179              34
   84         880.482     -31.288         487.176     -72.422              84              38
   63        1570.551      15.446         708.550    -435.106              63              34
  127        -814.879   -1040.099        -414.779   -1749.781             127              38
  138       -1553.078     373.951       -1980.835     498.785             138              34
   93         908.637    1590.394         882.840     809.185              93              38
  182        -616.816    -772.509        -838.800   -1368.717             182              34
  160       -2952.814    2337.232       -1474.122    1423.219             160              38
  179         561.195    -473.030         723.543    1203.182             179              34
   80        1973.632     833.776        1012.117       2.734              80              38
  186        -801.137    -552.880         -32.918    -873.597             186              34
   53        -803.506    -261.822        -295.615     114.032              53              38
  224         169.600   -1341.010        -496.726    -491.523             224              34
   83        -247.639    1982.914        -503.054    1117.947              83              38
   35         717.252   -1391.082         729.430    -372.098              35              34
  184         610.670    1179.407        -911.902     312.235             184              38
  250         557.340     890.511         894.257     409.366             250              34
  164         949.760     -43.460        -243.277    -932.527             164              38
  160       -2264.830    2143.140       -1147.205     179.764             160              34
  228       -1298.466     954.027          -0.793    1395.602             228              38
  216         961.017    -419.691         785.021    -443.416             216              34
   87       -1805.350     948.496        -841.435     540.206              87              38
   42         913.772    -943.556        1255.012     309.460              42              34
  100         788.880   -1101.412        -465.388    -801.242             100              38
   61         918.787    1312.780        -129.495     216.114              61              34
  211       -1331.247    1821.732        -845.876     107.622             211              38
  252        -453.627    2004.869         452.663    1527.401             252              34
  175         675.000    -186.745        1615.586    -673.058             175              38
  112       -1013.807   -2155.203        -804.629   -1754.580             112              34
   87       -2180.791    2422.938       -1847.120     711.946              87              38
  143       -2888.538    1074.050         -31.476    1228.420             143              34
  137        -527.558   -1207.190         139.105     954.158             137              38
  189        1938.627    -346.518         759.895     540.266             189              34
  158        1037.362    1628.401         777.407     584.280             158              38
   65         549.548   -1261.916        1230.915   -1111.658              65              34
  126       -1434.236     800.865       -1231.467     -54.280             126              38
   53        -918.308     -47.179        1409.111     476.510              53              34
  184        -359.521   -3113.413        -533.964   -1074.007             184              38
   27         939.711     372.022         627.135     575.129              27              34
   68        -247.875   -2491.587         -60.130   -1460.661              68              38
  230         308.256    -974.399        -588.421      22.751             230              34
   39         750.592    -883.667        -607.187    -677.405              39              38
  194        -142.116    1522.041       -1143.157     441.157             194              34
  245        -994.827    1808.254        -472.934    1094.219             245              38
   93        1278.181     466.451        1116.303     405.908              93              34
  162       -1333.725    -528.500        -953.188    -966.082             162              38
   21        -159.036    1480.245        -282.173    1556.789              21              34
  145        -345.063     -94.807         270.133    -477.392             145              38
  222        -260.212     286.539        -560.904    1123.448             222              34
   90        1057.346     829.140         734.332      -3.631              90              38
   79        -606.262     342.844        -424.712     483.384              79              34
    0         493.268     923.900         471.338     158.266              -0              38
   51       -1194.257     551.649        -427.387     660.112              51              34
  210         882.880      36.565        1173.061     521.897             210              38
  236        1075.802   -1340.954         -63.155    -628.247             236              34
  248         394.766    2483.695        -176.116     558.541             248              38
  218       -1033.342     559.621         212.075     277.358             218              34
  120        -371.809     911.479          77.111     651.913             120              38
  149         504.461      84.150        1082.839     797.275             149              34
   84        1811.097    -640.005        1407.754    -870.653              84              38
  113        -965.867   -1271.129        -690.531    -963.126             113              34
  202         798.657    1549.920          16.953     838.056             202              38
  245        -302.561     306.884         771.484    -576.049             245              34
   86       -1411.083    -640.623        -609.456    -245.384              86              38
  162          85.401     126.572          85.594     665.936             162              34
  102        1131.331     279.258         879.226     189.219             102              38
   55         934.012    -364.415         377.144    -747.866              55              34
  250        -799.734    1811.058          -8.098     195.376             250              38
  134        -241.859   -1367.664         902.126    -759.669             134              34
  208       -1125.705     138.722        -793.495    -636.667             208              38
  145        -981.778    -681.869         525.913     241.022             145              34
  123         458.161   -1473.901          -8.618   -1445.748             123              38
   51       -2939.815    -463.145       -1466.861    -309.963              51              34
  252        -452.913    -373.714        -404.940     992.233             252              38
  237        1449.018    -786.146         612.559    -193.597             237              34
  169         -94.334     495.205        -677.853    -416.575             169              38
  133        -639.095     493.905        -216.305     254.460             133              34
  113        -528.506    1079.059        -374.889     -70.710             113              38
   91       -2131.935      53.420        -329.683      60.413              91              34
   48       -1443.783       2.410        -815.338     292.000              48              38
   35       -1557.805    -194.889        -169.521     898.893              35              34
  253         799.693    -599.397         150.547     627.355             253              38
  163         880.696     -38.851         410.350      64.399             163              34
  152        -598.113    1366.012        -774.778     385.679             152              38
    5        -934.022    1468.911         767.473    1624.993               5              34
   15        1724.996   -1004.479        1686.119    -202.577              15              38
  205        -120.651   -1704.895         477.101   -1349.846             205              34
  148        -646.491    -430.401        -925.211    -205.042             148              38
  227        -402.282    -120.100         767.307      18.011             227              34
  186        -943.523   -2168.449       -1166.269   -1261.988             186              38
   96       -1874.636    1396.790        -832.563    1422.788              96              34
  230         530.928   -1745.829         319.783     186.889             230              38
  159         688.314    1292.187          11.873     934.209             159              34
  255         878.254    -782.943        1274.000    -120.000             255              38
   76         366.496    -945.581          85.816   -1188.117              76              34
   90       -2765.705   -1737.122       -1413.776    -771.426              90              38
  167         -79.767      18.223       -1453.187    1471.842             167              34
   39         644.077    2164.937         686.238    1428.813              39              38
  150         522.305   -1061.650         484.302     346.153             150              34
  226        1610.137    1043.353         603.646     703.809             226              38
  113         971.928    -394.990        1119.344    -265.161             113              34
   89        -167.246    -281.666        -252.226    -544.046              89              38
  119        -225.820    -151.729         184.278     609.460             119              34
   23        1176.178    -244.411         525.396    -282.436              23              38
  213        -801.839    -148.647           9.623     183.130             213              34
  132        1111.434   -1217.727         602.960      91.890             132              38
  146        2074.465    -294.796         827.385      71.303             146              34
  192        2240.147    -930.749        1393.508   -1669.247             192              38
   89       -2010.334   -1540.711       -1928.013   -2013.772              89              34
  155       -1547.055    1551.089       -1190.861    1307.748             155              38
  236         224.092   -1082.053         142.427    -155.654             236              34
   45         865.542    1325.417        -387.035     717.754              45              38
   88          79.296     257.120         619.287    -633.520              88              34
  148       -1644.744      77.414       -1123.718     104.196             148              38
  126         481.145    -461.703         460.406     -41.360             126              34
  251       -1343.240     480.051       -1369.481     -58.210             251              38
  112          56.095     162.047         474.989     826.732             112              34
  209         -94.374      48.747        -965.074    -482.369             209              38
  158        -807.900    2104.063         -56.194    1606.652             158              34
  151         210.372     169.914         572.302    -386.385             151              38
   89       -2288.440    -368.941        -617.926     318.620              89              34
   28         873.650    -342.371         103.829     422.782              28              38
  187       -1473.649     450.912        -349.018      90.715             187              34
  194        -534.382    -307.985        -484.962    1205.147             194              38
    6        1337.949     822.714        1253.027     901.038               6              34
    4         622.398   -1564.389         603.953    -419.694               4              38
  192        1300.366    -785.712         322.893    -601.878             192              34
   11       -1474.697     -26.935       -1471.668    -325.476              11              38
  198         -93.925    1423.469         -15.891    2102.268             198              34
  236        2895.110     -76.567        1618.288     -95.919             236              38
  110        -613.250     589.748        -170.388    -832.729             110              34
   42       -1810.695    -428.575        -621.883     277.173              42              38
   42         316.464    -156.669         -29.412     486.104              42              34
   61        -145.271     559.997        -126.602     674.159              61              38
    5         779.966     442.547         704.173     617.835               5              34
   32         -36.342     168.314         460.276     170.303              32              38
  134         105.443   -1521.752         766.493    -167.120             134              34
  186        1512.966   -1830.281        -131.334    -166.251             186              38
  182        2473.066    1544.086         804.062      20.696             182              34
  180       -1410.115    -687.710          38.229    -979.892             180              38
  130         403.908   -2212.525        -683.114    -965.410             130              34
  224       -1531.883    1783.236       -2232.021     778.486             224              38
  204         947.988    2333.539         895.561    2069.677             204              34
   62         220.337     -14.195         472.761    -223.191              62              38
  208        1864.200     199.410         664.137     339.388             208              34
  139        -916.703    2053.406        -507.914    -549.389             139              38
  141       -2030.005     296.215         297.419    1085.454             141              34
  179         803.201   -1342.773         146.724    -486.341             179              38
  245         171.052    1344.678         222.111     673.005             245              34
  131       -1078.234    -627.963         -29.120    -712.805             131              38
  166        -589.136      28.850        -505.597     816.239             166              34
  246        -301.248    1085.455         150.113     283.211             246              38
   59       -1327.729    -472.303         354.612     784.378              59              34
  159        1171.420   -1574.858         497.647    -215.124             159              38
  160         172.288    -242.014         120.894    -100.199             160              34
  154       -1007.066    -707.558       -1038.790      93.798             154              38
  199         997.642    1904.335         806.084    2040.241             199              34
   60         625.115   -2096.698        1281.121    -842.053              60              38
  252        2139.411   -1228.115         304.825     189.154             252              34
  190        1153.420    -845.839         236.583   -1560.890             190              38
   22        -930.391     662.300       -1758.680     663.276              22              34
  144         526.469    1928.160         550.605    1065.710             144              38
  243         926.198     -34.825         396.758     489.534             243              34
    8        1384.009    1062.213         906.467    -241.515               8              38
  197       -1115.206    -427.118        -532.304    -687.961             197              34
   53       -1196.174     919.230        -885.317     944.411              53              38
  195        1957.500    1369.904         976.749    1107.380             195              34
  170       -1217.790    1690.631         309.825    -373.181             170              38
   99        -995.504    -660.143         373.820     750.653              99              34
  183        -382.095    -248.693         533.731    -584.109             183              38
  106       -1301.453   -2084.389        -381.632     565.281             106              34
   60        2339.475     -51.676         964.392     301.091              60              38
  250         462.878   -1359.127         133.224    -520.250             250              34
   59         661.332    1732.271        -120.675     656.769              59              38
   64         304.121    -970.983        1480.086    -283.466              64              34
   57        -303.315   -1441.660        -955.598   -1080.679              57              38
  195         207.002     318.348         346.869     947.326             195              34
  153         529.333   -1111.957        -234.883   -1036.906             153              38
  196         330.005     949.720        -168.237     957.569             196              34
  206        -509.590     426.531         -70.216    -948.718             206              38
  158       -2237.687    -386.234        -913.393    1265.818             158              34
   97        2053.819     -64.610         785.932     108.327              97              38
  217        -918.890    -384.858        -367.631     131.517             217              34
   65         801.858     216.307        -508.524     414.690              65              38
  223         321.091    2391.428         485.165    1603.537             223              34
   37         272.584    -386.123         904.874    -395.646              37              38
  138         334.316    -149.550         213.799     728.180             138              34
  127         942.871     -61.251         726.221    -856.082             127              38
  211       -1721.445      25.656        -717.917     764.077             211              34
  203        1916.719    -633.675        1499.084    -140.236             203              38
  169        -561.898   -1362.908        -888.916   -1078.729             169              34
    1       -1205.868    1722.376        -711.484     938.187               1              38
   12        -471.242   -1423.008         348.825     237.537              12              34
   71         -58.453     125.761        -966.381     337.662              71              38
   62         440.300     655.860         373.766    1385.329              62              34
  154          20.807     989.694        -473.074     450.529             154              38
  207         782.342    1536.069        1138.214    2544.132             207              34
  119        2848.446     121.595        1828.930    -503.608             119              38
  172         107.719     501.826         899.861     624.396             172              34
   86        1317.438    -847.316        1434.282   -1167.072              86              38
   14        -814.039   -1693.955         152.707    -357.110              14              34
   97        1273.586   -1398.322         172.629   -1192.508              97              38
   21       -1026.425     265.662        -595.569     286.799              21              34
  187         -23.544    -113.258         340.249    -455.111             187              38
  182       -1780.856   -1619.075        -383.794    -294.029             182              34
   84        -871.194   -1481.435       -1133.575    -199.931              84              38
   60         541.511     -15.297         108.128    1486.147              60              34
  114         892.658   -1070.735          75.374    -879.598             114              38
   82           4.169     -53.631        -800.692     881.648              82              34
  219        -239.657    1838.148        -413.599     258.112             219              38
   27       -1035.855    -718.094         560.600     952.299              27              34
   64       -1071.053   -1729.293       -1703.519   -1210.721              64              38
  187        -954.525    1675.886        -575.210    3348.997             187              34
   89         835.168   -1197.614          37.843    -927.985              89              38
   58        -910.646    1711.843       -1053.891    2980.392              58              34
  104       -1250.270     201.052        -734.950    -567.381             104              38
  141       -2780.298    2535.762       -1633.348    5464.652             141              34
  110         174.980     331.794        1237.405     797.999             110              38
    2        -676.748      65.441        -427.934    6326.557               2              34
  174        -917.996     447.936         466.261     463.732             174              38
  125        -387.558   -1897.252         -29.523   19168.284             125              34
