SINAL     NFT                         FFT                         NFT INVERSA     FFT INVERSA
-----     -----------------------     -----------------------     -----------     -----------
  107       65499.000       0.000       34004.495       0.000             107              88
  249       -2230.948    -135.600        -391.335  -19880.401             249             157
  215         -58.346    -705.798        -767.701     662.607             215             142
  237        -130.593    1444.664         218.484   -5761.951             237             151
  139         103.544     -34.221         134.720     864.004             139             104
  151        1493.689     380.787        1307.584   -3519.480             151             108
    1        1174.389    -540.765         184.722    -363.777               1              35
  172         829.271    2319.951         976.720   -2559.463             172             118
  164       -2489.755   -1676.195         -57.138   -1454.341             164             116
  108       -1096.116   -1116.558       -1066.472   -1467.262             108              86
    0         858.563     439.090         495.240     307.915               0              34
  136       -1213.165    -945.682        -670.528   -1280.021             136             100
    8        3203.032     903.809         800.933    1248.185               8              38
  192         -53.742    1512.607         378.870   -1531.304             192             128
    1         799.901     417.378         329.108    1424.006               1              35
  205        3139.622    2363.836        1968.307    -733.767             205             135
   86        -297.174     539.679        1334.636    -590.173              86              77
  104         -93.545   -1614.756         480.172   -1752.099             104              84
   64        1688.608    1047.394         658.638     391.265              64              66
  111         -70.180     682.148        1473.741   -1667.515             111              88
   25        -361.352   -1607.052         637.315    -580.283              25              47
  193         937.313   -1859.857        1174.411   -2574.334             193             129
   62       -1694.835   -1882.411       -1474.832   -1241.358              62              65
    9          93.563      22.162         169.421    -543.570               9              37
  141        -706.276   -1329.862       -1366.685    -741.644             141             105
  208        -101.390    4031.874         -27.130    1881.731             208             136
  249         923.053   -1643.280        2449.742    -240.700             249             159
   59        2736.731   -1607.134         533.787   -1578.867              59              62
  164         243.282     777.974         292.863   -1027.125             164             116
    6       -1222.386     343.456        -632.681    -509.479               6              35
  199        -180.950     658.902        1032.172     329.528             199             134
  124         241.290   -2688.767         547.362   -1463.225             124              94
  235        1304.086    -482.152        -197.001    -390.757             235             152
  140        1197.400    1173.346         462.254    -204.542             140             102
  180         223.259     672.993         788.631    -975.281             180             124
  162       -1737.413    -899.890        -485.015    -696.930             162             113
  133        1497.345     -75.807         802.451    -303.258             133             101
  150       -1189.630    -116.117        -590.314    -944.698             150             107
  103         390.055    1411.742         649.603     516.671             103              86
  120       -1593.998   -1094.108         532.961    -840.215             120              92
  140        2014.460   -2080.736        1123.778    -753.940             140             104
   73       -1355.661   -1339.212       -1116.401   -1835.459              73              69
  113        1075.230     782.854         118.316    1323.373             113              91
   18         661.248    -254.856         791.357   -1382.803              18              41
    1         827.581      58.864         266.800     423.210               1              35
  121        1363.735    -639.885        1077.666   -2060.928             121              93
   56       -1197.878     396.096       -1246.358    -277.991              56              62
  103         172.427    1185.833         956.756    -323.325             103              84
   80        -693.410    -590.446          84.927   -1030.446              80              74
   57       -2102.926    -739.983        -143.392   -1374.527              57              61
   98       -1584.175   -2225.311       -1069.125    -252.849              98              83
   34        1028.444     -17.143          93.911    -359.453              34              49
  103       -1033.666     542.969        -842.868    -172.617             103              86
   29       -1163.885     551.214         128.462     242.048              29              47
  107          68.618    -730.587        -220.287     223.188             107              88
  185         923.584    1496.633        1334.078     285.619             185             125
  231        -751.708   -2863.845         243.509   -1911.405             231             150
  175       -1226.482    -299.776       -1255.380     145.441             175             120
   29        1856.018    -640.978         639.926     173.380              29              49
  119         111.679    2493.031        -460.760    -206.993             119              92
  120       -2033.039     851.996         979.689     655.833             120              94
   51          53.528   -3359.997         547.711   -1260.223              51              58
  212        1034.920    -793.206        -307.071    -103.323             212             140
  114         277.538     766.203         167.547    -147.033             114              89
   36         478.288     -19.709         479.769     393.409              36              52
  172        1264.474     573.983        1243.226    -393.355             172             118
  128         422.009   -1697.564        1161.316   -1085.166             128              98
   25         535.312   -1649.633         115.776   -2087.077              25              45
   65       -1931.762   -1307.161        -893.166   -1007.604              65              67
  243        -542.713   -1319.582        -928.056    -638.287             243             154
   36          83.490     107.141        -353.316     546.652              36              52
  156        1471.668    -146.481         224.859    -963.879             156             110
   54       -2505.794    1598.738       -1338.933     498.219              54              61
   86        1322.785    -329.708        1370.070     727.590              86              75
  226        1067.943    -280.020         294.345   -1247.224             226             147
   97       -1128.197     169.788        -141.409    -216.577              97              81
  255         175.276    -429.572        -123.132    -384.577             255             162
  100        -497.449    1160.474         264.993     300.106             100              82
  218         247.184   -1133.031         841.028    -636.746             218             143
  238        -272.890    -729.219         246.011    -976.513             238             151
  179       -1213.040   -2340.744        -557.099   -1137.941             179             124
  147         230.901     313.701        -818.359     641.478             147             106
    5        1319.387     773.904        1447.048     340.138               5              37
  237        1222.199   -1927.695        1126.448   -1552.421             237             151
  127         282.752   -1984.381        -391.718   -2218.789             127              98
  132       -1629.238     513.666       -1696.464    -466.149             132              98
  103        -754.106     406.519          37.505      -2.480             103              86
  158        -715.541    -684.037        -583.525    -600.008             158             111
   74        -535.218     136.292          -3.795    -532.102              74              71
   16       -2291.682   -1407.861       -1446.605    -630.669              16              40
   15        1041.290    1118.064          41.541     857.391              15              42
  167       -1740.379     188.818        -214.113   -1060.789             167             116
   52       -1753.828    -901.692        -824.404     472.714              52              60
  246         332.854     -89.848         315.201    -252.662             246             155
  252       -1863.721   -1448.012        -752.273    -621.396             252             160
  160        -642.544    -296.385        -948.897     574.535             160             112
   61           9.190    -349.565         351.709     361.132              61              65
  211         486.347   -1176.321        -711.485     118.135             211             138
   85        2284.935    2070.180         962.890     896.467              85              77
  143       -1082.203     -51.077         -37.198   -1103.652             143             104
  227       -1272.288     -18.461          -0.423     773.794             227             148
  146         651.298   -2417.032         318.017    -780.638             146             105
  215        1340.780     693.949         131.993     708.825             215             142
   42        1047.227   -1203.745        1080.189   -1280.342              42              53
  218          72.514    -827.268        -440.335    -584.281             218             143
  218         148.343   -1683.581         -20.802   -1616.244             218             141
  197       -1235.359    -359.973       -2055.948     -71.570             197             133
   27         766.333     886.261         -26.727     294.986              27              46
   39        -970.133    1230.297       -1202.161     369.335              39              54
   69         728.904    1075.302         989.813     607.668              69              67
  183       -1128.122    -572.200       -1056.271   -1224.025             183             126
  131       -1737.363    1846.095        -609.142    1967.459             131              98
   46        2929.877   -1378.921        1898.952    -539.101              46              57
   60        -930.731     273.994       -1269.990   -1666.614              60              62
  184       -3460.963    1183.946       -1516.060     825.420             184             126
   22       -1320.479     134.136        -514.621    1124.751              22              43
   68          98.586     694.123         548.380    1557.881              68              68
  200        1508.452   -1940.499        1439.657    -273.226             200             132
  255        1297.257   -1627.280        -466.101    -585.805             255             162
  244        1412.647    1171.460         -54.452     680.417             244             154
  118        1371.962     938.675         407.195      96.129             118              93
    5         121.696    1442.497          22.579     258.947               5              35
  117         264.474     815.007         705.921     477.371             117              93
  103         863.425    -778.222         756.139    -620.508             103              84
  195          53.198    -226.430        -435.984    -350.719             195             132
   22         931.055     850.632          95.895     677.723              22              43
  118        2162.138    1866.797        1187.016     184.614             118              93
   94        -390.174    -116.804         746.400   -1473.524              94              79
   99       -1673.052    -292.136       -1492.000    -540.000              99              84
  101        -364.389    2516.405         386.948    1435.655             101              83
  243         153.117    -804.861        1147.412    -845.135             243             156
  210       -1107.285    -788.822        -248.594    -539.655             210             137
  122        -131.834   -1452.490        -181.038    -566.058             122              95
  176          60.286     497.590        -628.102     493.680             176             120
  169        1434.963     829.977         808.915     126.433             169             119
   18        -593.541     627.059        -153.081    -360.020              18              41
  166         199.353     287.034         286.205      73.150             166             117
  246        -344.805     690.589         104.980    -160.799             246             155
  150         344.542    -442.941         291.064    -379.303             150             109
  219        -535.220    1950.169        -541.410     -29.589             219             142
   29       -1799.490    1038.782         426.304     496.610              29              49
  210         127.955    -144.839         608.299     242.734             210             137
  252         555.998    -331.110        1492.213    -988.176             252             160
   39       -2491.345   -1602.769       -1144.398   -1423.353              39              52
   22       -1063.602     261.282         -61.447     658.118              22              45
   72       -1090.513   -1229.336        -153.873    -506.476              72              68
  206          17.232    -262.156         232.002     608.495             206             137
   11         332.997    -362.642         464.294    -253.668              11              38
   68         622.471    -434.581        1291.667     -27.387              68              68
  234         264.258   -2785.523         372.965   -2232.293             234             149
    7       -1332.537    -841.932        -903.751    -636.707               7              38
  228        -888.604   -1795.270        -710.209    -965.070             228             146
   97        -727.303     598.477       -1000.954     556.593              97              83
   85        -596.838    -349.833         340.394    -206.237              85              75
  224        -703.748   -1656.217        -557.830    -299.522             224             146
  228         474.784    -536.305        -378.481     -91.188             228             146
   52        -105.009     447.695        -359.034     307.486              52              60
  138         465.386     144.819          78.467      97.932             138             101
  160         105.979    1051.634         317.082      47.989             160             114
  119       -1362.804   -1354.660          91.759    -998.678             119              92
  241       -1049.817   -1366.133       -1164.843    -425.684             241             155
  102       -1451.631     521.588       -1044.992     781.141             102              83
   98        1189.842    -119.156         723.723    1217.698              98              83
  135        1450.435    -508.177         318.296   -1055.424             135             100
   17       -1408.836    1620.673        -959.484    1208.998              17              43
  107        2107.388     311.525        2153.080     282.800             107              86
  183        -815.139   -1955.701        -217.747   -1786.246             183             126
  107         -94.864    -486.350        -576.094      93.470             107              86
  163        -459.699     379.572        -390.419    -342.133             163             116
  206        -990.174     258.541        -290.366     861.427             206             135
   85        1615.657    -805.131         996.964    -356.227              85              77
  244        -409.157      92.279        -740.825    -481.984             244             154
   12        -459.552    1149.453         408.972     672.378              12              40
   95         391.210   -1973.145         797.413    -768.343              95              80
  242         865.857   -1163.600        -348.253   -1346.232             242             155
   91       -2078.410    1071.950       -1371.801     129.425              91              78
   53         366.056    -432.296         798.148     103.685              53              61
  215       -1403.874   -1252.438       -1461.885   -1598.833             215             140
    3       -2513.536    1681.859       -1642.959    1651.738               3              36
  143         250.761     910.302         599.846    1309.192             143             104
  109         537.142    -430.690        1222.483     -36.281             109              89
   92        -327.032   -1923.825        -475.730    -930.753              92              78
  151         187.479     506.519          73.541     520.552             151             110
  168        -241.282   -1765.119        -449.901   -1025.411             168             116
  126        -283.385    1716.127       -1034.430    1010.155             126              97
   20        -840.522    1401.910         315.462     648.531              20              42
   96        -680.505   -1051.331         770.736      77.534              96              82
  187        -210.359   -2752.285       -1151.829    -900.042             187             126
   62         884.720    3383.373         -86.376    2440.870              62              65
   56        1051.292   -1274.308        1674.580   -1129.365              56              60
   18       -1477.779     636.068       -1446.784     245.499              18              43
   50        -290.913      37.622         860.379     874.356              50              57
  150         817.891    -797.673         406.230    -192.591             150             109
  231        -881.509   -1318.942        -323.158    -210.703             231             148
   79        1789.069     600.219         170.783    1410.382              79              74
  206        1469.911     -54.975        1367.754    -373.082             206             135
  187        1404.131     -27.310         252.526     270.256             187             128
  170        1267.253     227.909        1312.951   -1067.728             170             117
  237       -1544.565    -936.619        -897.802    -541.662             237             153
   87         921.410    -325.397         478.442      16.351              87              76
   63          26.353     232.814        -353.363    -354.243              63              66
  221        -731.158     386.567         -32.632     150.621             221             143
  225         254.712     323.849         283.110     588.060             225             147
  228         884.831    -782.165        1177.561    -692.760             228             146
  176        -403.350    -960.489        -572.571    -874.531             176             122
  191       -1007.790     133.644        -533.640     234.119             191             128
  162        1131.049     900.267         662.092    1036.630             162             115
    5         492.945    -939.721        1407.976   -1359.461               5              35
   94        -806.921   -1631.239        -900.314    -537.350              94              81
   92         664.885     297.937         685.473    -308.812              92              78
  191        -816.569   -1784.180        -245.186    -802.808             191             130
  153         704.928   -1142.319         -82.948   -1344.628             153             109
   38       -3356.189    -235.565       -2228.921    -396.781              38              53
   95        -697.865      59.408        -723.618    1166.576              95              80
  224        -351.897    1283.646        -235.230    1336.328             224             146
  212        1533.636    -912.030        1393.958     303.947             212             138
   98         644.264     463.291        -184.066     -25.552              98              83
  208         744.720    -635.929        1652.432    -210.393             208             136
  124        -349.566   -2554.866       -1041.952   -1853.865             124              96
  217        -788.229     522.234        -847.672     967.602             217             141
  223        1514.637     295.020          52.445     356.023             223             146
  178         539.215    1845.608         717.690     577.451             178             121
   32        -103.202    -304.519         538.536    -703.415              32              50
   90       -1443.265    -927.863          90.307    -216.366              90              77
  182        1533.103   -2070.434         286.136    -681.572             182             125
   76        -841.600     393.483        -564.118    -920.192              76              70
  129       -1850.366    -840.301       -1064.513     331.544             129              99
   19         359.688      48.981         315.764     393.352              19              42
   99         188.947   -1331.371        -196.936    -203.107              99              84
  144         262.712     321.915        -115.301    -208.455             144             104
  188        -977.580    -443.523        -896.462     557.782             188             128
  138        1993.021    1609.931        1201.869     450.276             138             101
    5       -3277.586   -1551.707        -913.550   -1180.162               5              37
  111        -302.332    -907.080        -618.981    1362.876             111              88
   19         783.435    -426.607          27.563     379.706              19              44
   29        1305.496     989.247         340.186    1648.528              29              47
    0        2410.168     254.532        1760.587     348.827              -0              34
   68        1834.135    -564.824        1286.191    -398.988              68              66
  221         918.497   -1325.275         585.533   -1090.018             221             145
  247         883.425    -306.139          65.796     -84.925             247             156
  119        1338.481      55.354         858.199    -341.481             119              94
  196         717.212    -290.273         674.548    -614.161             196             130
  146         126.770   -1179.292         635.613   -1002.626             146             107
   76         775.041   -2053.693         442.171   -1124.723              76              70
  194         539.181   -1792.752        -177.345   -1783.107             194             131
  229        -989.424    -668.960       -1130.877    -686.335             229             147
    0          63.772    -498.962        -130.780    -274.957              -0              34
   48         174.056    -704.068        -109.436    -772.593              48              56
  113        -816.437   -1408.161        -209.013   -1221.902             113              91
   88       -1225.553   -2738.202       -1406.160   -1372.396              88              76
  216       -1163.538    -502.871       -1894.868     141.443             216             142
    1         531.176    -131.709        -512.032     948.678               1              33
  209        2018.235    -162.584         237.423    -318.855             209             139
  110         -31.162      -0.479       -1061.507    -549.540             110              87
   65          54.583    1816.622        -592.132     573.263              65              67
  198        -768.084     -23.608        -118.303    -399.126             198             131
  135        -977.000      -0.076       -1096.000       0.000             135              37
  143        -767.920      23.462        -118.310     399.127             143              35
  168          55.410   -1816.270        -592.131    -573.265             168              37
  203         -30.905       1.042       -1061.510     549.537             203              35
  124        2018.204     163.777         237.422     318.856             124              37
  206         530.785     132.442        -512.031    -948.679             206              35
   67       -1163.958     503.154       -1894.867    -141.447              67              37
   61       -1226.441    2738.228       -1406.164    1372.393              61              35
  152        -816.684    1407.980        -209.016    1221.903             152              37
  116         174.046     704.217        -109.437     772.593             116              35
  224          63.716     499.166        -130.780     274.957             224              37
  183        -989.392     668.922       -1130.878     686.332             183              35
  246         538.947    1793.167        -177.349    1783.106             246              37
  197         774.570    2053.920         442.169    1124.724             197              35
  206         126.592    1179.110         635.610    1002.628             206              37
   61         717.395     290.311         674.547     614.163              61              35
  186        1338.673     -54.960         858.198     341.481             186              37
   23         883.412     306.507          65.796      84.925              23              35
   89         918.187    1325.544         585.531    1090.019              89              37
  125        1834.013     565.222        1286.190     398.989             125              35
   80        2410.017    -253.910        1760.587    -348.824              80              37
  155        1305.341    -988.741         340.190   -1648.527             155              35
    1         782.702     427.089          27.564    -379.705               1              37
  183        -303.283     907.086        -618.977   -1362.877             183              35
  169       -3278.178    1550.406        -913.551    1180.161             169              37
  148        1993.609   -1609.367        1201.871    -450.271             148              35
  189        -977.924     443.339        -896.461    -557.784             189              37
  196         262.768    -321.655        -115.300     208.454             196              35
  247         188.355    1331.540        -196.938     203.106             247              37
  151         359.404     -48.838         315.766    -393.349             151              35
  240       -1850.800     839.715       -1064.512    -331.547             240              37
   23        -841.246    -393.630        -564.120     920.192              23              35
  196        1532.404    2071.006         286.135     681.572             196              37
  130       -1443.647     927.114          90.307     216.366             130              35
  135        -103.105     304.115         538.534     703.416             135              37
  219         539.991   -1845.537         717.692    -577.449             219              35
   72        1514.612    -294.313          52.445    -356.023              72              37
   78        -788.237    -522.130        -847.669    -967.602              78              35
  109        -350.345    2554.906       -1041.955    1853.862             109              37
  171         744.570     635.949        1652.432     210.397             171              35
  232         644.370    -463.160        -184.066      25.552             232              37
  182        1533.026     912.434        1393.958    -303.941             182              35
  216        -351.944   -1283.800        -235.226   -1336.328             216              37
   83        -698.281     -59.419        -723.614   -1166.576              83              35
   52       -3356.224     234.703       -2228.921     396.776              52              37
  237         704.815    1142.767         -82.951    1344.629             237              35
  157        -817.037    1783.838        -245.187     802.806             157              37
  241         665.082    -297.775         685.473     308.815             241              35
  252        -807.374    1630.925        -900.316     537.348             252              37
  126         492.814     939.560        1407.971    1359.466             126              35
  228        1131.265    -900.096         662.095   -1036.628             228              37
  125       -1007.837    -133.924        -533.639    -234.121             125              35
  183        -403.503     960.352        -572.573     874.529             183              37
  132         884.660     782.255        1177.559     692.765             132              35
  131         254.732    -323.977         283.112    -588.060             131              37
  123        -731.011    -386.881         -32.632    -150.621             123              35
  183          26.595    -232.763        -353.364     354.243             183              37
  172         921.296     325.777         478.442     -16.349             172              35
   17       -1544.713     936.022        -897.803     541.660              17              37
   17        1267.681    -227.616        1312.950    1067.733              17              35
   48        1404.223      27.735         252.528    -270.257              48              37
  187        1469.815      55.422        1367.753     373.085             187              35
   40        1788.891    -599.515         170.787   -1410.383              40              37
   52        -882.288    1318.725        -323.158     210.703              52              35
  209         817.396     797.765         406.230     192.591             209              37
  106        -291.238     -37.943         860.379    -874.354             106              35
   20       -1477.598    -636.615       -1446.783    -245.502              20              37
  189        1050.917    1274.434        1674.575    1129.370             189              35
  127         885.594   -3382.944         -86.371   -2440.871             127              37
   87        -211.630    2752.509       -1151.833     900.040              87              35
   29        -681.109    1050.752         770.737     -77.532              29              37
   20        -840.157   -1402.460         315.462    -648.530              20              35
    7        -282.842   -1715.971       -1034.428   -1010.156               7              37
  174        -241.902    1765.246        -449.905    1025.410             174              35
  247         187.567    -506.380          73.542    -520.551             247              37
   80        -327.767    1923.707        -475.732     930.752              80              35
   87         536.838     430.538        1222.484      36.284              87              37
   14         250.638    -910.458         599.849   -1309.191              14              35
  144       -2513.222   -1682.529       -1642.955   -1651.742             144              37
  201       -1404.115    1252.186       -1461.890    1598.829             201              35
  157         365.978     432.344         798.149    -103.684             157              37
  185       -2077.870   -1072.521       -1371.802    -129.429             185              35
  193         865.764    1164.128        -348.255    1346.232             193              37
  227         390.559    1973.081         797.411     768.344             227              35
  247        -459.160   -1149.827         408.972    -672.377             247              37
  216        -408.953     -92.339        -740.826     481.983             216              35
  185        1615.343     805.647         996.964     356.229             185              37
  255        -990.261    -258.955        -290.363    -861.427             255              35
  197        -459.526    -379.639        -390.419     342.133             197              37
  254         -94.971     486.489        -576.094     -93.470             254              35
  192        -815.581    1955.289        -217.751    1786.245             192              37
  143        2107.493    -311.180        2153.081    -282.794             143              35
  173       -1408.347   -1621.147        -959.482   -1208.999             173              37
   20        1450.319     508.820         318.292    1055.425              20              35
  170        1189.415     119.582         723.726   -1217.696             170              37
    0       -1451.833    -521.899       -1044.989    -781.144              -0              35
  167       -1050.375    1365.936       -1164.844     425.683             167              37
  211       -1363.142    1353.999          91.756     998.680             211              35
  124         106.528   -1051.764         317.083     -47.988             124              37
    2         465.461    -144.595          78.467     -97.931               2              35
  118        -104.905    -447.546        -359.032    -307.486             118              37
   47         474.462     536.742        -378.481      91.188              47              35
   36        -704.489    1656.044        -557.829     299.520              36              37
  167        -597.050     349.531         340.393     206.238             167              35
   97        -727.160    -598.559       -1000.953    -556.593              97              37
  243        -889.201    1795.162        -710.212     965.068             243              35
  169       -1332.618     841.552        -903.751     636.706             169              37
   95         263.593    2785.428         372.960    2232.294              95              35
  138         622.393     434.380        1291.668      27.390             138              37
  196         332.773     362.479         464.293     253.669             196              35
   97          16.919     261.984         232.003    -608.494              97              37
   87       -1091.121    1228.706        -153.874     506.476              87              35
  112       -1063.610    -261.879         -61.446    -658.118             112              37
   24       -2491.642    1601.643       -1144.403    1423.349              24              35
  233         556.228     330.793        1492.211     988.180             233              37
  242         127.909     144.340         608.300    -242.734             242              35
  151       -1799.017   -1039.876         426.304    -496.609             151              37
  158        -534.194   -1950.480        -541.410      29.587             158              35
   98         344.663     443.002         291.063     379.304              98              37
   64        -344.365    -690.871         104.979     160.800              64              35
   30         199.649    -287.084         286.205     -73.149              30              37
   19        -593.051    -627.360        -153.081     360.020              19              35
    4        1435.416    -829.475         808.916    -126.432               4              37
  131          60.402    -497.370        -628.100    -493.682             131              35
  185        -132.363    1452.512        -181.040     566.058             185              37
  235       -1107.445     788.222        -248.594     539.655             235              35
  122         153.018     804.428        1147.410     845.137             122              37
   48        -363.479   -2516.776         386.955   -1435.651              48              35
   59       -1672.844     291.591       -1492.000     540.000              59              37
   38        -389.574     116.420         746.394    1473.522              38              35
  213        2163.178   -1866.202        1187.015    -184.612             213              37
   91         931.398    -850.152          95.896    -677.724              91              35
   91          53.228     226.592        -435.985     350.719              91              37
  185         863.282     778.392         756.137     620.509             185              35
   78         264.820    -815.145         705.921    -477.370              78              37
   41         122.376   -1442.465          22.579    -258.946              41              35
   60        1372.448    -938.033         407.196     -96.127              60              37
    1        1413.014   -1170.560         -54.450    -680.419               1              35
    4        1296.534    1628.093        -466.103     585.804               4              37
   17        1507.383    1940.856        1439.656     273.230              17              35
  156          98.205    -694.354         548.383   -1557.879             156              37
  245       -1320.979    -134.708        -514.619   -1124.753             245              35
  237       -3460.561   -1185.103       -1516.058    -825.424             237              37
   62        -930.089    -274.112       -1269.994    1666.612              62              35
  226        2929.457    1379.815        1898.952     539.103             226              37
  203       -1736.993   -1846.741        -609.136   -1967.461             203              35
  168       -1128.118     571.880       -1056.274    1224.022             168              37
  217         729.394   -1075.088         989.815    -607.665             217              35
  103        -969.619   -1230.415       -1202.161    -369.338             103              37
  153         766.709    -885.565         -26.727    -294.985             153              35
   21       -1235.380     360.090       -2055.949      71.565              21              37
  167         148.047    1683.936         -20.806    1616.245             167              35
   42          72.494     827.390        -440.335     584.281              42              37
   50        1047.016    1204.060        1080.185    1280.346              50              35
    1        1340.954    -693.396         131.996    -708.826               1              37
  121         650.195    2417.254         318.013     780.639             121              35
  225       -1272.460      17.762          -0.422    -773.793             225              37
   80       -1081.958      50.492         -37.201    1103.652              80              35
  233        2285.723   -2069.292         962.893    -896.464             233              37
   78         485.649    1176.773        -711.485    -118.136              78              35
  235           8.733     349.650         351.709    -361.132             235              37
  238        -642.983     296.310        -948.896    -574.538             238              35
   93       -1864.290    1447.395        -752.273     621.394              93              37
   45         332.750      89.877         315.199     252.663              45              35
  157       -1754.257     900.996        -824.402    -472.714             157              37
  191       -1740.083    -189.574        -214.116    1060.789             191              35
  242        1041.725   -1117.596          41.544    -857.391             242              37
  193       -2292.139    1407.213       -1446.608     630.664             193              35
  122        -534.910    -136.488          -3.796     532.103             122              37
  168        -715.562     683.789        -583.526     600.006             168              35
   98        -753.749    -406.766          37.506       2.481              98              37
  141       -1628.620    -513.917       -1696.464     466.145             141              35
   26         282.686    1984.715        -391.722    2218.789              26              37
   43        1221.932    1927.885        1126.445    1552.423              43              35
  249        1319.707    -773.667        1447.049    -340.133             249              37
  246         230.874    -313.430        -818.355    -641.480             246              35
   99       -1213.790    2340.380        -557.100    1137.939              99              37
  252        -272.904     728.888         246.008     976.512             252              35
  132         246.959    1132.755         841.027     636.748             132              37
   79        -496.910   -1160.884         264.994    -300.105              79              35
   75         175.279     429.564        -123.133     384.576              75              37
   49       -1127.856    -170.260        -141.409     216.577              49              35
  163        1068.173     280.305         294.342    1247.224             163              37
  254        1322.569     329.956        1370.072    -727.585             254              35
   39       -2505.133   -1599.577       -1338.932    -498.220              39              37
   38        1471.918     147.202         224.857     963.880              38              35
  114          83.502    -106.842        -353.314    -546.654             114              37
  223        -543.164    1319.646        -928.057     638.286             223              35
   53       -1931.880    1306.589        -893.167    1007.602              53              37
   10         535.256    1649.724         115.771    2087.076              10              35
   12         421.805    1697.329        1161.312    1085.169              12              37
  198        1264.875    -573.925        1243.227     393.362             198              35
   18         478.342      19.698         479.770    -393.409              18              37
  191         277.883    -766.086         167.545     147.029             191              35
   35        1034.622     793.750        -307.070     103.322              35              37
  151          52.189    3359.673         547.706    1260.222             151              35
   88       -2032.664    -853.349         979.691    -655.830              88              37
  135         112.907   -2493.052        -460.761     206.990             135              35
   66        1855.817     641.822         639.926    -173.379              66              37
  148       -1226.690     299.511       -1255.380    -145.445             148              35
  117        -752.440    2863.343         243.506    1911.406             117              37
    1         924.226   -1496.667        1334.080    -285.616               1              35
    7          68.276     730.486        -220.286    -223.189               7              37
   77       -1163.708    -551.774         128.464    -242.047              77              35
   56       -1033.235    -543.279        -842.868     172.615              56              37
   22        1028.510      17.702          93.911     359.454              22              35
  124       -1584.979    2224.773       -1069.126     252.846             124              37
  192       -2102.840     738.965        -143.394    1374.527             192              35
  144        -693.045     589.817          84.925    1030.445             144              37
  223         173.280   -1186.033         956.756     323.327             223              35
   67       -1197.167    -396.477       -1246.357     277.987              67              37
  177        1364.116     640.312        1077.659    2060.930             177              35
  107         827.931     -58.677         266.800    -423.209             107              37
  182         661.420     254.999         791.353    1382.805             182              35
  181        1075.568    -782.395         118.321   -1323.373             181              37
   99       -1355.870    1338.939       -1116.406    1835.455              99              35
   14        2013.930    2081.231        1123.776     753.942              14              37
  171       -1594.273    1093.053         532.958     840.215             171              35
  218         390.807   -1411.953         649.605    -516.669             218              37
  243       -1189.289     115.637        -590.316     944.695             243              35
  115        1497.612      76.212         802.451     303.260             115              37
  177       -1737.404     899.077        -485.016     696.928             177              35
  221         224.112    -673.196         788.628     975.283             221              37
  121        1198.275   -1172.903         462.255     204.546             121              35
   10        1304.147     482.821        -197.001     390.757              10              37
  132         240.499    2688.643         547.358    1463.222             132              35
  198        -180.565    -659.391        1032.174    -329.526             198              37
   76       -1221.838    -344.051        -632.682     509.474              76              35
   37         244.257    -777.852         292.861    1027.126              37              37
   21        2736.585    1608.035         533.783    1578.866              21              35
  188         922.494    1643.015        2449.741     240.706             188              37
   95        -100.024   -4032.054         -27.124   -1881.732              95              35
  172        -706.520    1329.931       -1366.687     741.642             172              37
   72          93.820     -21.999         169.420     543.569              72              35
   64       -1694.989    1881.913       -1474.835    1241.354              64              37
  137         937.273    1859.904        1174.406    2574.337             137              35
  129        -361.398    1606.341         637.315     580.283             129              37
  121         -69.263    -682.776        1473.738    1667.516             121              35
   48        1689.508   -1047.066         658.638    -391.264              48              37
   94         -93.637    1614.364         480.169    1752.103              94              35
  215        -296.198    -540.437        1334.635     590.174             215              37
  128        3141.020   -2363.103        1968.303     733.766             128              35
  107         800.299    -417.218         329.111   -1424.006             107              37
  208         -52.702   -1512.674         378.865    1531.303             208              35
  109        3203.613    -902.532         800.935   -1248.184             109              37
    9       -1213.306     945.373        -670.532    1280.016               9              35
  130         859.095    -438.777         495.240    -307.914             130              37
  179       -1096.095    1116.209       -1066.476    1467.260             179              35
  157       -2489.305    1674.936         -57.141    1454.340             157              37
    6         831.414   -2319.965         976.712    2559.461               6              35
  183        1175.465     541.130         184.722     363.778             183              37
  175        1495.014    -380.437        1307.575    3519.482             175              35
  200         104.937      34.085         134.723    -864.003             200              37
   15        -128.072   -1444.708         218.468    5761.945              15              35
  221         -55.454     705.860        -767.700    -662.609             221              37
    8       -2224.151     134.766        -391.387   19880.389               8              35
