SINAL     NFT                         FFT                         NFT INVERSA     FFT INVERSA
-----     -----------------------     -----------------------     -----------     -----------
  130       64840.000       0.000       34553.495       0.000             130              99
  194        -223.708    -719.797        -293.578  -20203.542             194             130
  110       -1109.875     133.621        -710.352     235.102             110              89
   72         268.163     488.432        -257.522   -5812.925              72              69
  192         184.345    1229.467         495.977     535.244             192             130
  183        -306.347    -583.052        -179.166   -3985.136             183             125
   60         737.582    1922.558         349.161    1351.292              60              64
  215        1257.896    -316.215        1443.694   -3298.968             215             141
  238         -75.025    1000.200        -288.493    -170.027             238             153
    3        -869.790     418.150         916.124   -2391.867               3              35
  146       -1228.472   -1509.855        -830.621    -753.348             146             107
   39        -735.861    1667.225        -174.945    -515.236              39              53
  220         530.282    -429.561        1178.146     110.333             220             144
   74        -315.003    -557.671          41.277   -1956.744              74              70
    8         632.288      35.010         566.493     552.035               8              38
   28         495.441    -306.716         827.137   -2528.743              28              47
  150       -2103.198   -1175.380       -1120.775    -146.503             150             109
   83        1355.383    1071.966         452.826    -665.608              83              75
  211       -1744.124     422.396         -24.410      -1.176             211             140
  178         404.561    -688.901         527.908   -1116.151             178             122
   75       -1612.593      62.611        -712.192     109.810              75              72
  243        1321.441    1187.841        1073.970     313.591             243             155
   93        -763.563      39.126        1152.723    -760.778              93              81
   65        -812.905   -2107.454         444.400   -1378.704              65              66
   68        -923.654   -1760.156         -10.586    -827.352              68              68
  182        -244.696   -1818.577        -131.281    -728.335             182             124
   31         533.483   -1370.580         383.471    -381.725              31              50
   25         763.675   -1578.059        -267.284   -1134.863              25              46
  194         121.240     821.406        -123.243     281.905             194             131
  165         264.198    -396.627         585.658    -540.311             165             116
  168        -202.730   -1226.206         666.004    -486.424             168             118
  182        1274.510   -3318.084         -51.196   -1594.966             182             124
   46        1239.330    1561.127        -229.661     199.985              46              57
   22          91.475   -1304.701         937.351   -1700.689              22              44
    4       -1925.465   -1636.055       -1724.426   -1081.636               4              36
  141         676.026    -803.981        -156.824     472.412             141             104
  171        1606.405      55.456        -183.270    -830.995             171             120
   72       -1034.899    1025.761       -1000.816     412.325              72              69
  118        1840.154    1634.665        1209.883     786.090             118              93
  232         507.318   -1761.079         906.269   -1922.132             232             149
   85        -446.131    -161.933       -1500.029   -1097.488              85              77
  159       -1864.188    1765.830        -628.357     642.587             159             113
   32          94.524    -391.837         503.562    -415.676              32              50
  205       -2118.318   -1040.088       -1051.068    -612.647             205             136
    6         899.790     155.769           6.197     594.573               6              37
  123       -1304.986    -344.977        -376.053    -858.857             123              95
  111        -520.819    -697.664        -844.774     553.302             111              90
  209        -102.922     404.167        -434.394      87.270             209             138
  104        -307.707     624.648        -525.797    1268.811             104              86
   15        1500.145     913.615         571.885     720.719              15              41
  172         504.004    1672.935         627.711     932.698             172             120
  228         611.473   -1013.296        1110.441    -131.440             228             147
  207        1778.717     111.307         603.158     507.786             207             138
   70        2235.715   -1387.065        1826.410    -861.241              70              68
  129        2076.718    -943.710        -405.258   -1175.562             129              99
   76         602.457    1597.469         223.831    -115.814              76              71
   40         653.259     794.028        -298.490    -153.434              40              54
   91         642.518    2223.728        1299.001     497.470              91              79
  204        1002.117   -1637.748         811.194   -2048.665             204             136
   29       -2400.160     746.467       -1152.945    -731.954              29              48
   35        -410.024   -1431.383        -219.794     -78.389              35              52
   74         980.797    1381.419        -207.587     -61.601              74              70
  175       -1029.194     503.576          58.523    -488.108             175             122
  228       -1142.111     176.808        -751.749     -14.443             228             147
   75        -103.190     482.903         301.874      47.948              75              72
   31       -1532.764    -336.316        -974.610    -385.138              31              49
   55          10.997    1480.359        -326.596    1343.000              55              62
  240         263.668    2203.709         793.234     754.440             240             153
  242        -638.752     -25.540        1368.264       3.677             242             155
  224        -271.519   -2647.366         278.267   -1078.148             224             145
  123         741.845    -670.557          83.385    -107.016             123              96
  125         409.552    -970.114        -119.312    -752.622             125              96
  226         402.143    1114.799        -345.693     372.288             226             147
   83        -208.850     694.183         266.893    -140.245              83              75
   96        -825.003     736.039          94.371     326.934              96              82
  228         164.395   -1952.766         769.918    -518.926             228             147
   92        1390.639    -186.967        -436.191    -758.553              92              80
   95       -2499.276    1248.588        -785.477     -10.489              95              81
  126        -578.234    -280.398        -426.505    1103.602             126              97
  142        1550.698     968.092        1218.316     611.793             142             104
  186         -77.486    -880.136         226.884    -918.838             186             127
  240       -1073.947     192.437        -813.052     788.431             240             153
   46        2472.541    1347.625        1496.066    1221.988              46              57
  253         701.134    -702.194        1516.718   -1030.014             253             160
  202         795.594   -1825.473        -178.052   -1223.121             202             135
   63       -1189.021    1409.604        -826.644     247.993              63              65
   69         780.282       8.173         698.977     781.957              69              69
   27        1088.044     945.155         701.580     -47.295              27              47
  173         570.224     -28.186        1072.001    -283.632             173             121
  223        -850.464     -91.245         -71.467    -457.669             223             145
   60        1139.393    -566.888        1695.439     478.470              60              64
  199        1319.597   -2854.434         971.863   -2356.482             199             133
  127         431.336   -1789.549        -261.647    -986.572             127              98
  204         691.240   -1312.091        -707.775   -1870.485             204             135
   13       -1137.647    1198.977       -1397.614     271.714              13              41
  138        -347.402     409.649        -660.615    -470.953             138             102
  118       -1575.214    3065.557       -1068.995    1753.310             118              93
  160         643.765     718.870        1741.603     344.535             160             113
  208        -811.549    -305.413          32.840    -365.385             208             138
   91          -9.561    -900.304         734.959    -285.739              91              79
   64         -57.936    -528.266         138.247    -262.357              64              66
   62         459.082   -2328.292         837.619   -1114.870              62              64
  161         322.567   -1218.115       -1209.914   -1050.119             161             115
    6        -944.902     898.776        -616.666     299.258               6              36
   21         348.689     525.045        -172.168     615.005              21              45
  221         283.636       0.151         826.208    -285.989             221             144
  162         381.802    -871.669        -478.431    -333.688             162             115
  213         459.307     797.479         532.842    -200.733             213             140
   52        -450.877   -1189.706        -593.379    -691.511              52              60
  111         372.559     530.281        -267.787    -214.425             111              89
  144       -1182.855    1240.833       -1128.320     352.915             144             106
  159         120.858    1008.764        1080.514     565.139             159             113
   84        -966.644   -1846.302       -1040.934   -1463.392              84              76
  176       -1290.908    1788.182       -1004.881    1616.125             176             121
   66        1274.075      96.312         213.749     224.327              66              67
   44        -815.678    3678.130        -255.414    1773.565              44              55
  248        1833.247    -534.807        2532.174     167.738             248             158
  228        -288.251    -821.786        -467.468   -2025.749             228             147
  135       -2944.237     828.647       -1493.768    1028.512             135             102
   85         777.258    1058.956         578.425    1360.319              85              76
  246         624.533     958.520         832.384     663.823             246             157
   81         609.608     616.266        1098.198     423.850              81              74
   47        1486.865    -331.569        1435.279     -22.333              47              58
  235         971.543    -176.875        1066.356   -1270.775             235             151
  239       -1348.113    -869.311        -286.750    -762.957             239             154
  140        -193.834     119.260          20.636    -635.392             140             103
   48       -3521.085    -149.217       -1250.395     152.535              48              58
   13         838.885     175.677         622.878    1593.074              13              40
  237         478.025     347.914        1325.000     -32.000             237             153
   39         397.663   -2239.908         824.352    -430.515              39              53
  149         756.509      68.129         144.478    -206.681             149             109
   98         134.258    -529.015        1221.098     355.784              98              82
   64        2122.377   -1813.009        1270.815   -1151.573              64              66
  244        -390.730   -1717.567         444.342   -1507.511             244             155
    9        -565.300   -2686.187       -1147.451   -1065.006               9              39
  214        1155.133     812.872         329.302     944.685             214             140
  246        1631.588   -2091.596         893.807   -1793.246             246             157
  255       -1267.823    -150.035       -1568.634    -621.100             255             161
  120        -521.889    -180.101        -544.812     360.779             120              94
   14         528.167    1174.790        -449.730    1105.861              14              40
   98        1348.922    1287.016        1417.303     722.260              98              83
  150         828.919    -858.640         703.498    -439.864             150             108
  227        1340.896     290.531         926.766    -193.431             227             148
  220          23.817   -1458.270         421.441    -901.595             220             143
  242        1738.030    -157.880         238.852     -56.627             242             155
   69        1094.135     546.985        1178.057    -440.143              69              68
  117        1360.656   -1727.081         802.055   -1682.514             117              93
  170        -880.531    -341.976        -911.959   -1658.385             170             118
  177       -1715.325     697.573       -1019.152     402.205             177             123
  101         448.077     145.208        1106.146     117.494             101              84
    5         313.000   -2373.772         203.532   -1589.867               5              37
  202         223.861    -147.535        -467.747    -609.469             202             134
   20        -487.169    -444.632        -328.746    -999.494              20              44
  134        -979.261     308.531        -708.908    -193.163             134             100
   86        -939.789    -744.084        -188.297    -970.129              86              77
  123       -2255.727    -468.196       -1719.904      52.159             123              95
  134         522.746     246.283         317.724     603.398             134             101
   43        -799.047    -403.428        -925.801    -361.312              43              55
  221         685.258    1563.739         449.201    1228.053             221             145
  253        -300.664   -1032.368         277.049   -1314.397             253             160
   46       -1290.845     593.248       -1129.250     810.286              46              57
  240         699.726     301.809        1034.686     274.703             240             153
  181        -411.929    -415.868         -45.559    -262.199             181             125
  102          90.112   -1309.738         639.252    -366.030             102              84
  110         602.665   -1164.193        -760.851    -587.803             110              89
   48         -49.576    1893.554         337.236     787.926              48              57
   44         224.424   -2129.778         628.934    -834.234              44              56
  164        1153.061    -315.255        -206.375    -277.120             164             115
  222         432.509     347.891         246.252    -586.388             222             145
   77       -1020.278    -181.052        -521.656    -438.448              77              72
  209         -22.114     232.506        -106.823     210.501             209             139
  149         302.629     543.779         748.975      57.824             149             108
  221         309.257   -1770.943         865.300   -1642.551             221             145
  192       -2198.959   -1771.528       -1461.120   -1524.834             192             129
  183       -1084.020    -652.142        -711.100     181.628             183             126
  197       -1115.221   -1946.050        -795.907    -987.245             197             132
  216        -880.020    -341.688       -1619.942     909.899             216             142
  111        1658.704     131.372        1009.915     629.575             111              89
   45        1052.893   -1831.160        -473.636   -1419.111              45              57
   31       -1196.774    1486.935       -1170.390     480.764              31              49
  173         514.157   -1730.273          68.007     -97.519             173             121
   38        1054.037     661.499       -1021.364    -346.370              38              52
  158       -1500.147     980.973       -1054.268     413.351             158             113
   17         -40.752     813.120        -861.344    1195.659              17              42
  166        2073.469    1385.061         681.725    1182.448             166             117
  224        1902.452    1554.730         527.190    -245.140             224             145
  170        -550.337    1422.307        -135.667    -132.529             170             119
   52        -319.295    1212.576        -315.644     -47.751              52              59
  194       -1451.440    1598.507        -371.529     158.613             194             131
   84       -2145.295    1050.588        -665.924     423.743              84              75
  116       -1438.219     558.000         236.017    1188.382             116              92
   18         462.420   -1498.663         664.576    -360.342              18              42
   35        -470.674    -579.091        -707.874     299.948              35              52
  105        2057.970     530.358         734.612     318.640             105              86
  153       -1760.262     380.053       -1037.609    -609.954             153             111
   11        -355.153    1263.458        -527.770    1961.901              11              39
   33        1133.650    1851.163        1231.270     687.895              33              51
  212        -345.506    -663.966         812.233     151.728             212             139
   33         702.627   -1339.661         175.172    -743.788              33              51
  140        -288.226     418.296        -557.416    1174.999             140             103
  125        3897.349     319.813        1852.869     274.931             125              97
   32         475.629    1413.539        -108.769    -949.873              32              49
  158       -1807.096    1722.006         -81.000     455.672             158             113
   64        -569.866    -211.004         600.452     683.979              64              65
  204        2069.616    -737.583        1692.476    -466.931             204             136
   65        -677.111   -1295.732          10.528   -1414.376              65              66
  120        -386.028   -1956.480        -352.980    -707.447             120              94
  186         413.755      82.215       -1002.943     218.201             186             126
   55        1148.055    1410.512         987.452     303.760              55              62
  105       -1236.620   -1298.050        -875.125   -1073.159             105              86
   91         691.438    1327.273         -67.022    1128.657              91              80
  203        -137.956     106.492         -28.345    -770.391             203             135
  160       -1429.922    1384.438        -762.338    1315.569             160             114
  166        1726.071    -113.373        1348.736     557.194             166             116
  129        1140.295     555.459         389.327    -436.417             129              99
  131        -715.072     672.987         176.308     406.176             131              99
  251        2159.271    -632.575        1633.768    -199.991             251             160
  219         389.712   -1388.573        -256.223   -1939.441             219             143
   46        -841.714    1586.299       -1070.608     368.814              46              57
  140        -850.676    1052.440         -92.326     617.503             140             103
  250        2040.700    1759.327        1477.075     960.949             250             159
  133        -668.560    -823.125        1139.628   -2280.877             133             100
  141       -2574.163   -1652.741       -1612.864    -293.701             141             105
  217         926.245     461.915         463.083     245.169             217             142
   17        -917.605      36.611        -328.095    -175.040              17              43
   98         271.868      80.281         549.435     237.580              98              82
  207         533.357    -523.856         423.504    -486.550             207             138
   10         169.921     271.515         417.297    -587.867              10              38
   62       -1538.574   -1285.818         116.512   -1029.604              62              65
   76        -320.124   -2913.689        -661.523   -1064.283              76              71
  204         696.171     588.983        -808.023      31.851             204             136
  120          97.384     451.844         308.259    -520.022             120              93
  197       -1920.464    -728.041       -1259.796   -1453.664             197             133
  224       -3146.000    -204.056       -2068.318     664.889             224             145
  218         921.983     816.891        -292.661    1196.411             218             143
   18        -235.120    1488.821        -190.284     640.701              18              42
   83         587.278    1163.493         464.320     377.206              83              76
   62       -2236.138     260.174        -618.745     -81.698              62              64
  209        1182.460     237.999         449.438    1066.702             209             139
  240        -587.391     844.432         268.089    -735.462             240             153
   54       -1030.793   -1064.070        -241.738     354.469              54              61
  185         440.127     -27.992        -198.819    -589.062             185             126
  104       -1130.395     762.019        -616.935     622.991             104              86
  215        -999.221     353.321        -394.337    -232.968             215             141
  132       -1380.773     576.619        -663.053    1517.817             132             100
  131        1099.982     263.435         698.901     -90.751             131              99
   96       -1844.188    1014.073       -1169.215    1250.877              96              82
   79        1918.310    2030.514        1709.128    1454.951              79              73
  160        -717.111    -394.419         991.203    -420.950             160             114
  231         -94.091   -1698.907         262.641    -416.635             231             149
   77         273.558    -208.270          63.774     547.035              77              73
  119        1413.180    -457.165         944.199    -439.615             119              93
   21        -885.011      66.993        -447.523     266.999              21              45
  202        1867.288    -486.705        1537.075      92.794             202             134
   79         291.374   -1478.602         -51.120   -1322.833              79              74
   91         -13.468     -38.480        -417.802    -287.842              91              79
  138        -840.000      -0.077        -551.000       0.000             138              37
  178         -13.326      38.654        -417.809     287.841             178              36
   74         291.064    1478.729         -51.124    1322.833              74              37
   45        1867.046     487.149        1537.074     -92.790              45              36
   30        -885.086     -67.408        -447.523    -267.001              30              37
   78        1412.982     457.552         944.196     439.618              78              36
   49         273.235     208.289          63.776    -547.035              49              37
  196         -94.882    1698.602         262.638     416.635             196              36
   19        -717.275     393.572         991.202     420.952              19              37
  192        1918.740   -2030.273        1709.131   -1454.946             192              36
  198       -1844.120   -1014.741       -1169.212   -1250.880             198              37
  214        1099.868    -263.108         698.900      90.754             214              36
  192       -1380.898    -577.140        -663.050   -1517.820             192              37
  217        -999.193    -353.694        -394.340     232.968             217              36
  176       -1130.068    -762.359        -616.933    -622.993             176              37
  255         440.122      28.248        -198.822     589.061             255              36
   27       -1031.201    1063.599        -241.738    -354.469              27              37
   14        -586.979    -844.834         268.085     735.463              14              36
  140        1182.419    -237.697         449.440   -1066.701             140              37
  174       -2236.104    -261.086        -618.747      81.698             174              36
  159         587.794   -1163.417         464.322    -377.205             159              37
   41        -234.669   -1488.790        -190.283    -640.702              41              36
   20         921.927    -816.271        -292.658   -1196.411              20              37
   30       -3146.283     203.319       -2068.316    -664.894              30              36
  126       -1920.338     727.528       -1259.799    1453.662             126              37
   17          97.959    -451.707         308.257     520.024              17              36
  227         696.510    -588.338        -808.023     -31.851             227              37
   41        -321.130    2913.789        -661.524    1064.282              41              36
  182       -1538.816    1285.013         116.510    1029.603             182              37
   51         170.344    -271.693         417.295     587.868              51              36
   65         533.338     523.876         423.503     486.552              65              37
  102         271.886     -80.372         549.437    -237.578             102              36
   46        -917.514     -37.047        -328.095     175.039              46              37
    3         926.357    -461.589         463.083    -245.169               3              36
    6       -2574.635    1651.774       -1612.866     293.698               6              37
  242        -668.281     822.393        1139.622    2280.881             242              36
  140        2041.522   -1759.043        1477.077    -960.946             140              37
   96        -850.313   -1052.815         -92.325    -617.502              96              36
  162        -840.856   -1586.383       -1070.606    -368.816             162              37
  205         389.710    1388.862        -256.228    1939.440             205              36
   84        2159.187     633.079        1633.767     199.994              84              37
  119        -714.794    -673.449         176.309    -406.175             119              36
  115        1140.666    -555.154         389.327     436.418             115              37
  124        1725.836     113.814        1348.736    -557.191             124              36
  115       -1429.622   -1384.975        -762.335   -1315.570             115              37
   82        -137.775    -106.499         -28.348     770.392              82              36
  253         691.893   -1326.873         -67.019   -1128.656             253              37
  220       -1236.928    1297.718        -875.128    1073.156             220              36
   60        1148.717   -1410.085         987.453    -303.758              60              37
  166         413.737     -81.716       -1002.942    -218.204             166              36
  164        -386.688    1956.508        -352.981     707.447             164              37
   77        -677.302    1295.303          10.525    1414.376              77              36
   11        2069.419     737.908        1692.476     466.935              11              37
   41        -570.135     210.317         600.453    -683.978              41              36
  226       -1806.272   -1722.958         -80.999    -455.671             226              37
  194         476.700   -1413.374        -108.770     949.871             194              36
   87        3897.492    -318.401        1852.870    -274.928              87              37
   91        -288.403    -418.244        -557.413   -1175.001              91              36
  118         702.013    1339.883         175.169     743.788             118              37
  153        -345.839     663.451         812.233    -151.726             153              36
  163        1134.098   -1851.085        1231.272    -687.892             163              37
  100        -355.044   -1263.528        -527.765   -1961.902             100              36
  151       -1760.063    -380.523       -1037.610     609.953             151              37
  220        2058.154    -529.512         734.615    -318.637             220              36
   89        -471.138     579.070        -707.874    -299.948              89              37
   89         461.612    1498.600         664.573     360.343              89              36
   93       -1438.368    -558.903         236.020   -1188.381              93              37
  222       -2144.940   -1051.613        -665.924    -423.746             222              36
  176       -1450.583   -1599.137        -371.529    -158.614             176              37
  153        -318.491   -1212.702        -315.646      47.751             153              36
  107        -549.360   -1422.447        -135.667     132.530             107              37
  108        1903.365   -1553.924         527.189     245.140             108              36
  201        2073.821   -1384.054         681.726   -1182.447             201              37
  126         -40.797    -812.760        -861.342   -1195.661             126              36
   71       -1499.786    -981.038       -1054.267    -413.352              71              37
  220        1054.391    -660.540       -1021.365     346.367             220              36
   61         513.439    1730.806          68.006      97.520              61              37
   47       -1196.238   -1486.963       -1170.388    -480.766              47              36
  243        1052.424    1831.930        -473.639    1419.111             243              37
  174        1658.468    -130.581        1009.918    -629.573             174              36
  229        -880.549     341.815       -1619.942    -909.901             229              37
  195       -1116.065    1945.943        -795.909     987.244             195              36
   87       -1084.317     651.912        -711.099    -181.630              87              37
    4       -2199.316    1770.863       -1461.124    1524.830               4              36
   65         309.041    1770.784         865.296    1642.552              65              37
   54         302.971    -543.952         748.976     -57.821              54              36
  235         -21.977    -232.546        -106.821    -210.500             235              37
   86       -1020.128     180.715        -521.656     438.446              86              36
  191         432.954    -347.666         246.250     586.388             191              37
   50        1153.067     315.844        -206.375     277.120              50              36
   96         223.680    2129.722         628.933     834.235              96              37
   84         -48.909   -1893.620         337.239    -787.926              84              36
   41         602.271    1164.619        -760.852     587.801              41              37
  226          89.578    1309.688         639.250     366.033             226              36
   96        -412.084     415.498         -45.559     262.200              96              37
  195         699.720    -301.751        1034.688    -274.700             195              36
   68       -1290.723    -593.669       -1129.249    -810.287              68              37
  130        -300.871    1032.174         277.044    1314.397             130              36
  112         685.763   -1563.537         449.204   -1228.051             112              37
    2        -799.245     403.318        -925.802     361.309               2              36
  254         522.675    -245.986         317.725    -603.397             254              37
   92       -2255.956     467.594       -1719.904     -52.163              92              36
  125        -939.808     743.790        -188.298     970.130             125              37
  221        -978.856    -308.813        -708.907     193.161             221              36
   16        -486.928     444.599        -328.748     999.494              16              37
  191         224.161     147.806        -467.747     609.468             191              36
  172         312.441    2373.826         203.529    1589.868             172              37
  215         448.185    -145.340        1106.147    -117.490             215              36
   93       -1714.890    -698.151       -1019.150    -402.207              93              37
  206        -880.030     341.848        -911.962    1658.382             206              36
  151        1360.658    1727.456         802.052    1682.515             151              37
  133        1094.674    -546.767        1178.057     440.145             133              36
  250        1738.114     158.533         238.851      56.629             250              37
  113          23.444    1458.179         421.441     901.595             113              36
  145        1341.147    -290.260         926.765     193.432             145              37
  185         828.675     858.697         703.498     439.866             185              36
  123        1349.276   -1286.757        1417.305    -722.258             123              37
   39         528.335   -1174.438        -449.727   -1105.863              39              36
   69        -522.095     180.230        -544.811    -360.779              69              37
    2       -1267.648     149.948       -1568.634     621.095               2              36
  180        1631.142    2092.262         893.803    1793.246             180              37
  100        1155.290    -812.304         329.307    -944.684             100              36
   70        -566.281    2686.224       -1147.454    1065.002              70              37
  168        -391.076    1717.302         444.339    1507.513             168              36
   39        2121.839    1813.399        1270.813    1151.576              39              37
  244         133.943     528.666        1221.100    -355.780             244              36
  105         756.432     -68.054         144.478     206.681             105              37
  222         396.747    2239.703         824.355     430.519             222              36
  167         477.926    -348.259        1325.000      32.000             167              37
  163         838.447    -175.690         622.879   -1593.077             163              36
   73       -3521.311     147.792       -1250.396    -152.538              73              37
  234        -193.545    -119.516          20.634     635.391             234              36
   22       -1348.065     868.610        -286.752     762.956              22              37
  104         971.899     176.835        1066.352    1270.777             104              36
  110        1486.850     331.637        1435.280      22.337             110              37
   45         609.728    -616.509        1098.200    -423.849              45              36
   68         624.707    -958.631         832.384    -663.823              68              37
   33         777.223   -1058.862         578.427   -1360.317              33              36
  163       -2944.053    -829.631       -1493.766   -1028.515             163              37
  172        -288.126     821.578        -467.474    2025.747             172              36
  228        1833.135     534.889        2532.174    -167.733             228              37
  186        -814.506   -3678.609        -255.409   -1773.567             186              36
  110        1273.988     -95.735         213.750    -224.327             110              37
  143       -1290.505   -1788.376       -1004.877   -1616.128             143              36
   66        -967.164    1846.071       -1040.936    1463.391              66              37
   81         121.281   -1008.911        1080.516    -565.136              81              36
   94       -1182.285   -1241.136       -1128.320    -352.917              94              37
  106         372.952    -529.863        -267.787     214.424             106              36
   94        -451.089    1189.668        -593.382     691.510              94              37
  113         459.779    -797.267         532.841     200.736             113              36
   15         381.610     871.881        -478.432     333.687              15              37
   94         283.683      -0.123         826.208     285.992              94              36
   66         348.822    -524.910        -172.167    -615.006              66              37
  109        -944.535    -898.804        -616.665    -299.258             109              36
  198         322.336    1218.587       -1209.915    1050.115             198              37
  145         458.345    2328.409         837.616    1114.873             145              36
  222         -58.123     527.984         138.247     262.357             222              37
  109          -9.884     900.001         734.958     285.742             109              36
  171        -811.572     304.698          32.840     365.384             171              37
    2         644.017    -719.135        1741.603    -344.529               2              36
  179       -1574.138   -3066.123       -1068.993   -1753.310             179              37
  213        -347.020    -409.457        -660.617     470.951             213              36
  242       -1136.856   -1198.911       -1397.613    -271.717             242              37
   89         691.253    1312.834        -707.780    1870.482              89              36
  124         431.084    1789.938        -261.650     986.571             124              37
   58        1318.870    2854.684         971.857    2356.485              58              36
   19        1139.168     566.806        1695.442    -478.466              19              37
   66        -850.428      90.592         -71.468     457.667              66              36
   85         570.467      28.035        1071.999     283.633              85              37
  187        1088.461    -944.997         701.580      47.297             187              36
   64         780.184      -8.034         698.980    -781.956              64              37
  239       -1188.463   -1409.908        -826.643    -247.997             239              36
  131         795.252    1825.797        -178.055    1223.120             131              37
   74         701.089     702.068        1516.715    1030.018              74              36
  184        2472.827   -1347.019        1496.069   -1221.984             184              37
  112       -1074.134    -192.766        -813.050    -788.433             112              36
  186         -77.699     879.966         226.883     918.839             186              37
  115        1550.881    -967.729        1218.318    -611.790             115              36
  156        -578.675     280.109        -426.503   -1103.602             156              37
  224       -2498.715   -1249.421        -785.475      10.487             224              36
  122        1390.837     187.637        -436.192     758.551             122              37
  211         163.672    1952.679         769.915     518.927             211              36
  117        -824.718    -736.640          94.371    -326.932             117              37
   15        -208.420    -694.361         266.894     140.246              15              36
  236         402.684   -1114.515        -345.693    -372.290             236              37
  170         409.315     970.444        -119.314     752.623             170              36
   12         741.571     670.865          83.385     107.016              12              37
  110        -272.518    2646.956         278.265    1078.149             110              36
   16        -638.730      24.616        1368.264      -3.676              16              37
  238         264.448   -2204.027         793.235    -754.437             238              36
  187          11.384   -1480.313        -326.593   -1343.000             187              37
   75       -1532.844     335.840        -974.610     385.138              75              36
  226        -102.888    -483.013         301.874     -47.948             226              37
    6       -1141.896    -177.256        -751.751      14.437               6              36
   22       -1028.627    -504.006          58.522     488.110              22              37
  166         981.551   -1380.938        -207.585      61.599             166              36
   40        -410.439    1431.319        -219.794      78.387              40              37
  192       -2399.434    -747.320       -1152.947     731.949             192              36
  115        1002.248    1637.843         811.189    2048.668             115              37
  138         643.714   -2223.779        1299.003    -497.468             138              36
  206         653.947    -793.737        -298.492     153.433             206              37
  224         603.480   -1596.965         223.830     115.815             224              36
  125        2076.805     944.775        -405.260    1175.561             125              37
   45        2235.352    1387.814        1826.409     861.245              45              36
   39        1778.604    -110.824         603.158    -507.787              39              37
   45         610.939    1013.251        1110.439     131.443              45              36
  163         504.472   -1672.990         627.712    -932.696             163              37
  161        1500.214    -913.031         571.886    -720.717             161              36
   26        -307.815    -624.576        -525.796   -1268.812              26              37
   50        -102.996    -403.938        -434.395     -87.271              50              36
   58        -521.233     697.689        -844.771    -553.303              58              37
  110       -1305.059     344.593        -376.055     858.856             110              36
  124         899.796    -155.366           6.199    -594.574             124              37
  136       -2118.667    1039.406       -1051.070     612.643             136              36
  152          94.550     391.659         503.561     415.678             152              37
   26       -1863.349   -1766.432        -628.355    -642.588              26              36
  161        -445.654     162.084       -1500.031    1097.484             161              37
  188         507.240    1761.180         906.264    1922.135             188              36
  141        1840.879   -1634.174        1209.885    -786.088             141              37
  158       -1034.373   -1025.821       -1000.815    -412.328             158              36
  106        1606.655     -54.483        -183.272     830.994             106              37
   53         675.638     804.618        -156.824    -472.412              53              36
  255       -1925.876    1635.618       -1724.429    1081.633             255              37
   94          91.528    1304.652         937.347    1700.696              94              36
   63        1240.194   -1560.457        -229.661    -199.983              63              37
  245        1273.461    3318.766         -51.200    1594.961             245              36
  116        -203.107    1225.904         666.003     486.426             116              37
  231         264.201     396.493         585.658     540.311             231              36
  243         121.676    -821.281        -123.242    -281.906             243              37
   51         763.258    1578.519        -267.287    1134.861              51              36
  155         532.984    1370.783         383.469     381.726             155              37
   30        -245.384    1818.396        -131.282     728.335              30              36
    0        -924.195    1759.577         -10.588     827.352               0              37
   73        -813.393    2106.619         444.397    1378.704              73              36
  160        -763.155     -40.074        1152.722     760.780             160              37
    5        1322.042   -1187.780        1073.972    -313.588               5              36
  212       -1612.386     -63.299        -712.191    -109.812             212              37
  211         404.627     688.771         527.905    1116.152             211              36
  248       -1743.558    -423.303         -24.410       1.176             248              37
  164        1356.127   -1071.563         452.825     665.612             164              36
   55       -2103.167    1174.630       -1120.775     146.502              55              37
  205         496.025     306.631         827.130    2528.741             205              36
  235         632.772     -35.004         566.494    -552.033             235              37
   53        -314.720     557.336          41.273    1956.744              53              36
  211         530.589     429.343        1178.147    -110.331             211              37
  255        -734.866   -1667.637        -174.947     515.233             255              36
  196       -1228.280    1509.286        -830.622     753.347             196              37
   84        -868.664    -418.852         916.120    2391.871              84              36
   96         -73.510   -1000.442        -288.493     170.025              96              37
   57        1258.926     316.388        1443.684    3298.967              57              36
   87         739.259   -1922.431         349.165   -1351.292              87              37
   53        -305.274     582.904        -179.178    3985.134              53              36
    3         186.423   -1229.505         495.977    -535.244               3              37
  160         270.454    -488.255        -257.538    5812.918             160              36
   61       -1106.469    -133.872        -710.351    -235.103              61              37
  114        -216.986     719.725        -293.631   20203.529             114              36
