SINAL     NFT                         FFT                         NFT INVERSA     FFT INVERSA
-----     -----------------------     -----------------------     -----------     -----------
   44       63959.000       0.000       33594.495       0.000              44              55
  249        -126.381     198.106       -1215.593  -19425.280             249             157
   86       -1196.296    1837.589        -575.491    1267.496              86              76
   34         799.533    1168.614         405.026   -4901.632              34              50
  221        2249.201      41.999        2241.614     167.966             221             143
   36        1424.971   -1691.016         -63.301   -5658.285              36              51
  138        -554.951    1913.354        -402.434     414.374             138             102
  159         241.218    -293.733         273.855   -3551.714             159             112
  234       -2362.003     715.356       -1081.295    -125.504             234             150
   41        -953.659    -444.188        -664.676   -1348.022              41              53
  165        1214.959    1497.276         517.495    1423.316             165             115
   11        2272.244     377.866        1270.549   -2077.110              11              38
   93       -1343.349    2172.302        -112.795    -199.770              93              79
  217       -1903.355   -1230.556         451.535   -1425.340             217             141
  173         868.137   -1085.800         249.448      83.278             173             119
  174        1061.104    -297.083         790.400   -1565.127             174             120
   70         513.369     -84.525         241.099    -284.565              70              68
  108         825.916    -318.333        1164.156   -2062.360             108              87
  160       -2036.313   -2144.408        -963.228   -1889.872             160             113
  148        -848.538    -670.948        -970.846    -756.885             148             107
  157        -225.881    -658.556        -230.059    -656.756             157             111
    4       -1095.925   -1052.657       -1424.520   -1260.379               4              35
  166       -1067.008    1719.433       -1498.846     985.477             166             116
   15        -293.191    1563.282         450.562    1002.155              15              40
   76        1131.349   -1137.197         696.495    -881.536              76              71
   41       -2179.973    1045.194       -1947.427     195.338              41              53
    7        1545.056    2133.677        1577.216    2386.573               7              36
  205        1535.846   -1342.084        1653.083   -1459.134             205             135
  116        1586.644    -992.824         392.799    -546.723             116              91
   89         394.455     585.209           4.578   -1331.102              89              77
  125       -1164.474    -247.335        -226.542    -161.005             125              95
   85         131.054    -800.538        -561.020    -583.967              85              75
  189        1505.003    1968.596         401.797     989.482             189             127
  227         -87.792     488.251         629.060   -1245.003             227             146
    3        -744.817     296.660        -344.569     445.492               3              34
  170         813.997     645.742        1051.273    -649.287             170             118
  172       -1171.626    -674.521         -18.750    -474.205             172             119
  161         486.638    -909.549         554.997   -1020.254             161             113
  235       -1392.251   -1137.864        -850.036    -919.190             235             150
  126        -410.549     -27.224        -544.474     224.290             126              96
  230         822.910     322.465         233.196     264.948             230             148
  196         356.210    1348.753         654.349     -45.425             196             131
   86        -282.014   -2200.065        1036.133   -1453.158              86              76
  117       -1115.567   -1713.557       -1957.409   -1573.367             117              91
  155       -1368.705    1978.534        -372.966    1693.296             155             110
    0        1174.515   -2255.491         850.765   -1065.992               0              33
  111        -190.373     -76.882        -707.316    -145.570             111              88
    6         934.246   -1359.580         -48.840    -960.589               6              36
   94       -1050.818    1818.175       -1949.367     185.555              94              80
  155       -1212.194    2399.555        -169.537    1554.291             155             110
   94        -295.190    1175.061         521.610    1043.579              94              80
   13        1008.724    -727.335        1637.561     359.865              13              39
   38        1395.921   -1468.868         546.924   -1275.589              38              52
  172        -520.072    -147.379        -130.290     206.434             172             119
   24        2240.537   -1559.171        1122.296    -971.314              24              45
    2        -599.103    -953.006       -1181.750    -965.781               2              34
  101        1674.567     758.922          36.786     290.567             101              83
  104        -859.915     887.518        -883.912    -368.100             104              85
   93        1106.389    1788.511         243.087    1110.911              93              79
  209        -371.265    1333.392         214.194    -382.641             209             137
  161         157.488    1156.351         385.328     598.563             161             113
  249       -1182.931     546.058         477.311    -641.531             249             157
   67        -380.018   -1744.765         222.850    -209.581              67              66
   48        -258.407     -96.359        -738.695    -748.496              48              57
    9        -581.830     939.586           0.191    1294.570               9              37
  108        1369.019    -277.320         623.975    -754.963             108              87
   19       -1430.036    1893.712        -341.800     540.583              19              42
   61       -1751.660   -1379.906         326.203    -328.361              61              63
  177         843.350    -726.031         -71.470    1119.064             177             121
   38        2044.139      92.007        1622.623    -529.421              38              52
   36        -500.243   -1339.932        -423.692    -494.858              36              51
  180        1171.569      80.922         351.035     -79.809             180             123
   45         -56.728     434.191        -184.236     353.450              45              55
   92        1445.665     228.320        1202.632     -52.702              92              79
   23        -437.522    -537.543        -411.856    -706.521              23              44
  144        -137.111    1150.127         208.192    1142.002             144             105
  135        2206.879    -710.196        1877.590     -95.377             135             100
   45         759.193   -1187.346         382.117   -1486.524              45              55
  230          98.765       9.910         -25.889     150.344             230             148
    6        1363.573    -885.193        1089.168    -809.249               6              36
   92         744.737    -674.521        -241.273    -866.986              92              79
  158        -209.394     860.220         203.179    -376.846             158             112
   76        -325.385    -856.042         -36.861    -416.345              76              71
   29         -94.957     393.375         424.947    -218.021              29              47
   56        -126.633   -2518.343         509.023    -818.526              56              61
    5        1295.157   -1674.516        -203.026   -1069.941               5              35
  212         632.096     -68.429        -365.670    -249.350             212             139
  179         441.668     375.604         267.773    -475.652             179             122
   24           0.422   -2064.332         -66.049   -1035.304              24              45
  215         610.376    -502.059       -1151.581    -648.377             215             140
  212        1294.093    1186.157          -6.440     629.981             212             139
  120         950.696     839.323        -196.502   -1369.958             120              93
  166       -2320.255    2422.165       -1553.085    1113.397             166             116
  140        1286.620    1925.241        1559.388     480.516             140             103
  146       -1828.220    -577.827        -167.542    -930.254             146             106
  148        -144.483    -211.435         279.619    -161.720             148             107
   95       -1136.706   -1550.868        -340.589    -729.324              95              80
   95        1193.685      60.734         -17.374    -170.601              95              80
  198       -2103.703    -327.675        -470.016    -775.677             198             132
  136         438.897   -1873.545        -728.557     -51.236             136             101
  233         177.793    2314.705        -677.412     306.480             233             149
   29       -1032.840     288.058         413.998     589.008              29              47
  247         825.568   -1461.970          41.157    -991.815             247             156
  198       -1157.057     376.763       -1190.892     192.239             198             132
    2         878.377     734.314        -107.585     540.055               2              34
  101       -1210.129    1890.683        -508.729     495.314             101              83
  101         103.002     -66.957         515.053    1036.703             101              83
   56        1109.107     714.999         555.145    -209.844              56              61
   94       -1305.054    -692.630          29.946     380.191              94              80
   71        2858.408   -1079.480         617.914     -87.590              71              68
  181         485.197    1702.905        -262.046     216.881             181             123
  248        1418.293     985.667        1131.546     487.770             248             157
  197         309.349     -87.708           0.355   -1045.906             197             131
  229        -534.341    2555.128        -263.227    1387.620             229             147
   62        1262.437     113.763        2267.482     -66.971              62              64
  201         566.194   -1139.827         365.574   -1251.573             201             133
  119        -341.472    -425.729         715.605    -790.926             119              92
   90        -571.986   -2572.505        -694.198   -1344.759              90              78
   18         626.535     873.803        -287.411     467.127              18              42
   59         341.998     -89.892         596.380    -441.470              59              62
  111         799.828   -1398.286         358.399    -939.631             111              88
  123        -130.412    -421.796       -1027.783   -1454.916             123              94
  131       -2313.864    1022.032       -1442.906     614.379             131              98
   91         651.458     525.179        -155.780     719.689              91              78
   74          30.686    1732.639         216.354     777.990              74              70
  225        1040.143     170.139         700.149     127.060             225             145
  207          -8.662    1151.038         495.141      39.615             207             136
   47         519.711   -1137.137         716.841    -367.889              47              56
  216         852.908     178.063         257.000    -805.000             216             141
  131       -1626.431    -323.926        -568.796    -256.983             131              98
  145        1463.325    -435.073         789.631     408.031             145             105
  117        1536.740   -1259.284         222.779   -1540.928             117              91
  140         169.347    1630.206        -887.779      16.084             140             103
  220       -1104.461    1467.023        -192.847    -305.571             220             143
  233       -1408.178     718.383        -713.715     963.888             233             149
  151        1925.071    1568.384        1372.325     504.188             151             108
  191        -920.988      -9.235         453.033    -713.958             191             128
  226         614.505    -290.148         246.734    -355.609             226             146
   15       -1170.419     958.146         242.176    -396.462              15              40
  115        -704.494   -1962.502          18.482    -790.090             115              90
  126        -748.971     323.144        -602.725     -83.676             126              96
  170         -98.218    -970.758          20.674      67.660             170             118
  188         552.856    1442.112        -204.130     503.674             188             127
  168         442.663     224.738        1266.819     437.553             168             117
   14        1627.924    -916.103         800.270   -1079.352              14              40
  112        -199.079    -164.098         -19.944    -609.788             112              89
   56         925.515     123.816         382.718    -566.493              56              61
  207        -896.242      -8.970        -198.180   -1121.388             207             136
  203       -1755.039     -25.552        -886.030    -217.008             203             134
  224        -389.148      22.763        -122.236     537.752             224             145
  175        1512.203     597.036         857.331      -6.765             175             120
  149        -579.191    -255.050          57.727   -1040.381             149             107
  225        -542.248     599.124        -301.559      90.349             225             145
  203        -662.412      -7.118         299.495    -457.465             203             134
  192        -495.006     171.493        -237.068     142.651             192             129
  230         275.083     387.385         969.255    -186.729             230             148
   67        -432.721    -759.869         227.876   -1006.329              67              66
  240       -1774.893    -239.443        -221.383    -743.988             240             153
  173       -2002.256   -1698.657        -266.307      15.074             173             119
  134        2030.440   -2205.953         874.510    -449.455             134             100
   84         672.382    -594.367        -114.398   -1455.099              84              75
  229       -1355.095    -717.454        -795.778    -690.646             229             147
   59        -403.551     -30.786        -623.398    -230.514              59              62
  113       -1306.844     402.224        -636.851      52.799             113              89
   61        -729.022     746.371         126.239     854.823              61              63
   59         629.222   -1598.250        1402.596    -347.064              59              62
    3        1240.916   -2508.102         414.185   -1564.624               3              34
   63         -31.989   -1453.175        -740.887   -1302.265              63              64
   51          -7.700     739.428        -579.597    -222.990              51              58
   80       -1963.064   -1170.794        -418.336   -1153.490              80              73
  153        -889.843   -1250.479       -1604.749     334.628             153             109
  185        1501.356    1056.263         568.654     469.356             185             125
  145        -322.232    -210.683        -245.187    -413.906             145             105
   65         823.257    -582.629         634.471    -374.621              65              65
  225        -225.396   -1053.632       -1060.669   -1261.192             225             145
  191         -50.887    1889.912        -203.472     967.296             191             128
  164         432.418    -627.955         822.316   -1277.989             164             115
  168       -1713.971   -1206.973       -1045.232    -956.278             168             117
   58         186.872    -474.482        -544.096    -449.455              58              62
   46       -1272.957     295.903        -768.617    -472.943              46              56
  110        -735.313    -754.321        -803.185    -618.116             110              88
  144       -2321.078     555.011       -1547.384     -77.522             144             105
  203       -1075.981    -519.928       -1026.087     677.786             203             134
   67         279.589    1898.111        -543.010    1124.883              67              66
  140         237.469     787.250         839.002     415.040             140             103
   22       -1025.465    -556.326        -413.929    -754.293              22              44
   81       -1143.369   -1185.132        -732.030     277.922              81              73
   77        1287.045     828.920        -860.124     721.765              77              71
   90         358.429    3571.809         875.126    1569.761              90              78
  218         -45.741   -1098.632        1072.442    -647.150             218             142
   11         774.842     -92.130         542.805      73.305              11              38
   70         670.479   -1739.269        1053.848   -1687.320              70              68
  161        -542.077   -2130.327       -1172.191   -1519.430             161             113
  193        -739.890     891.106       -1400.534    -490.733             193             129
  142       -2923.389    1274.330       -1076.361     907.244             142             104
   68         937.455   -1681.125         666.357      75.927              68              67
  141         500.023    -307.971        -614.970   -1067.252             141             103
  130       -2218.874      70.632       -1439.205     -64.457             130              98
  189        -314.966      -3.907        -854.756     705.621             189             127
   69         -24.734     936.504        -892.703     711.149              69              67
   60        1158.542    2409.551         394.926    1595.360              60              63
  154         179.830     717.817         336.177    -508.190             154             110
   54        -996.082    2009.191        -293.158    1477.164              54              60
  148         966.710    -518.526        1506.415    -409.048             148             107
   72         -61.060     154.328        -298.644     370.219              72              69
  100        2131.962    -230.568        1814.415    -921.684             100              83
   44       -2384.037    -640.075       -1458.923   -1324.882              44              55
  237        -984.310    -797.162        -305.657     318.920             237             151
  208         350.843     312.619        -874.104     708.905             208             137
  147        2112.537    1162.656        1873.807     578.904             147             106
  202         316.693   -1718.364        -273.887   -1592.008             202             134
   35        1257.481    1119.605         285.631     358.716              35              50
  165         806.540    -185.027         254.805   -1534.553             165             115
   22       -1380.063     800.239        -961.720    -669.783              22              44
    6        -968.912     574.666        -536.531     -90.387               6              36
  212        -501.296     505.227        -299.452    -782.497             212             139
  160       -3060.293    1416.508       -1459.511     277.982             160             113
  187        -424.258    -730.354         757.853      43.868             187             126
  109       -1144.518    -675.015       -1549.591    -819.531             109              87
  119        -302.472    1334.939         376.971     895.019             119              92
  235        -546.217   -1362.923        -784.359   -1619.644             235             150
  189       -2134.875    1834.337       -1328.684     699.128             189             127
  160       -1459.560      67.448        -641.710      95.233             160             113
   18        -814.908     736.829        -419.943     507.351              18              42
   10       -1140.861     952.679        -938.810     207.706              10              38
  165       -1485.372    1616.614         442.972     848.630             165             115
    2       -1785.841   -2545.471        -992.226    -999.039               2              34
   97        -133.071    1686.533        -712.205    1415.599              97              81
  171       -1128.308     379.238        -640.614    -202.321             171             118
   80       -1224.330    2568.676        -325.011    2019.973              80              73
  248        -262.575    -583.360         479.940    -372.488             248             157
  178       -1089.808    2534.915        -395.893    1679.532             178             122
  192        -673.652    -762.475        1514.123    -538.754             192             129
   93       -1914.486   -1417.533        -929.602      -3.960              93              79
  144        -211.884    -731.099         103.007     219.647             144             105
  104        -482.862     291.088        -165.016    1182.805             104              85
  207        1920.745   -1431.093        1737.481    -548.401             207             136
  221        -846.179   -1713.192        -961.027   -1071.101             221             143
  207         546.201    -522.506        -511.880     -24.153             207             136
  235       -1090.018    1404.710       -1100.391     447.956             235             150
  111          80.066      22.775          64.706     648.341             111              88
   91        -131.934    1930.292        -536.859     521.627              91              78
  110       -1383.491     255.723         263.754     538.339             110              88
  190         104.779     492.079        -643.923     733.712             190             128
    4         216.688    2421.397        1198.297    1316.604               4              35
  232        -672.973   -1196.710         833.827    -810.218             232             149
   57       -1471.173   -1701.929        -483.798    -220.944              57              61
  229         639.587    -654.414        -152.119     478.711             229             147
  164         247.228      85.520          85.873      23.138             164             115
    9        -424.985     390.981        -638.840     623.865               9              37
  187         294.360    1689.279         615.139    1217.546             187             126
   39         -64.972    -340.730        1049.109     145.057              39              52
  246         -38.967   -1962.294         345.024    -487.821             246             156
   73         432.176    -741.059        -287.707     451.635              73              69
  194        1775.978    -120.752         987.998     478.832             194             130
  119        1444.426    -937.482         465.280    -504.682             119              92
   49        1039.000       0.305         -44.000       0.000              49              36
   86        1444.053     938.095         465.273     504.683              86              36
  111        1775.647     121.405         988.000    -478.830             111              36
  207         431.510     741.301        -287.708    -451.637             207              36
   23         -39.949    1962.092         345.023     487.821              23              36
    4         -65.319     340.224        1049.107    -145.055               4              36
   66         294.678   -1689.414         615.141   -1217.544              66              36
  199        -425.066    -391.060        -638.839    -623.866             199              36
   95         247.090     -85.329          85.873     -23.137              95              36
  143         639.002     654.722        -152.119    -478.711             143              36
  118       -1472.049    1701.273        -483.798     220.943             118              36
   32        -673.415    1195.890         833.823     810.219              32              36
   68         217.416   -2421.737        1198.300   -1316.601              68              36
   16         104.688    -492.097        -643.923    -733.714              16              36
   81       -1383.551    -256.355         263.755    -538.338              81              36
   78        -131.292   -1930.328        -536.858    -521.629              78              36
   60          79.940     -22.608          64.707    -648.340              60              36
   86       -1089.594   -1404.828       -1100.391    -447.961              86              36
  196         545.991     523.103        -511.882      24.154             196              36
  138        -846.754    1713.064        -961.029    1071.098             138              36
  221        1920.087    1431.544        1737.478     548.405             221              36
  166        -483.218    -291.434        -165.013   -1182.805             166              36
    1        -212.567     730.950         103.007    -219.646               1              36
    7       -1915.255    1416.584        -929.601       3.957               7              36
  134        -674.032     761.603        1514.121     538.756             134              36
  115       -1089.069   -2535.669        -395.889   -1679.532             115              36
  116        -262.922     583.010         479.940     372.489             116              36
   55       -1223.654   -2569.282        -325.006   -2019.975              55              36
  181       -1128.239    -379.563        -640.616     202.321             181              36
  114        -132.674   -1686.352        -712.201   -1415.600             114              36
  147       -1786.883    2544.825        -992.229     999.038             147              36
  166       -1484.832   -1617.450         442.975    -848.627             166              36
  128       -1140.487    -953.092        -938.809    -207.706             128              36
    1        -814.662    -737.051        -419.942    -507.351               1              36
   99       -1459.555     -67.959        -641.710     -95.234              99              36
  229       -2134.052   -1834.890       -1328.680    -699.131             229              36
  129        -546.363    1362.853        -784.363    1619.642             129              36
  140        -301.895   -1335.016         376.974    -895.017             140              36
   13       -1144.646     674.756       -1549.594     819.528              13              36
  255        -424.486     730.020         757.854     -43.864             255              36
  255       -3059.577   -1417.688       -1459.511    -277.985             255              36
  124        -500.634    -505.358        -299.454     782.497             124              36
   14        -968.312    -574.950        -536.532      90.386              14              36
  217       -1379.169    -800.566        -961.721     669.782             217              36
  201         807.145     185.406         254.802    1534.554             201              36
  149        1258.225   -1118.970         285.633    -358.715             149              36
  180         316.407    1718.540        -273.891    1592.008             180              36
  106        2112.990   -1162.014        1873.809    -578.898             106              36
   20         350.692    -312.299        -874.103    -708.904              20              36
   86        -984.741     796.960        -305.654    -318.920              86              36
  124       -2383.890     639.213       -1458.925    1324.878             124              36
  201        2132.244     231.122        1814.413     921.690             201              36
  120         -60.972    -154.506        -298.644    -370.221             120              36
    0         966.494     518.534        1506.413     409.054              -0              36
  220        -995.422   -2009.766        -293.155   -1477.165             220              36
   71         180.241    -717.819         336.174     508.192              71              36
   84        1159.310   -2409.034         394.929   -1595.359              84              36
   41         -24.642    -936.085        -892.702    -711.150              41              36
    3        -315.213       4.185        -854.753    -705.623               3              36
  121       -2218.796     -71.052       -1439.204      64.454             121              36
  219         500.138     308.462        -614.972    1067.249             219              36
  163         936.667    1681.459         666.357     -75.924             163              36
   92       -2923.032   -1275.332       -1076.358    -907.247              92              36
  101        -739.246    -890.928       -1400.535     490.732             101              36
  181        -542.408    2130.479       -1172.192    1519.430             181              36
  207         670.214    1739.344        1053.843    1687.323             207              36
   87         774.906      92.129         542.806     -73.303              87              36
  132         -46.069    1098.151        1072.440     647.152             132              36
  124         359.695   -3571.871         875.130   -1569.760             124              36
  194        1287.130    -828.061        -860.124    -721.768             194              36
  181       -1144.023    1184.985        -732.030    -277.923             181              36
   19       -1025.617     555.876        -413.932     754.293              19              36
   15         237.778    -787.312         839.003    -415.038              15              36
  194         280.034   -1897.810        -543.008   -1124.884             194              36
   65       -1076.423     519.880       -1026.085    -677.787              65              36
  220       -2320.860    -555.534       -1547.384      77.518             220              36
  225        -735.344     754.303        -803.186     618.114             225              36
  211       -1272.584    -296.138        -768.619     472.941             211              36
  197         186.927     474.809        -544.096     449.454             197              36
   55       -1714.087    1206.491       -1045.234     956.275              55              36
   45         432.593     627.946         822.314    1277.991              45              36
  103         -50.027   -1889.804        -203.468    -967.296             103              36
  159        -225.477    1053.871       -1060.671    1261.191             159              36
  120         823.237     582.985         634.471     374.623             120              36
   71        -322.162     210.592        -245.189     413.905              71              36
    5        1501.669   -1055.510         568.655    -469.352               5              36
  158        -890.484    1250.518       -1604.747    -334.631             158              36
   26       -1963.298    1170.189        -418.338    1153.490              26              36
  135          -7.099    -739.233        -579.598     222.989             135              36
  155         -32.171    1453.526        -740.890    1302.264             155              36
   17        1240.215    2508.525         414.183    1564.626              17              36
  244         628.531    1598.079        1402.596     347.067             244              36
  237        -728.954    -746.924         126.241    -854.822             237              36
   12       -1306.671    -402.666        -636.850     -52.800              12              36
  150        -403.427      30.785        -623.398     230.512             150              36
    0       -1355.048     717.141        -795.778     690.645              -0              36
  240         672.547     594.754        -114.400    1455.100             240              36
   61        2029.538    2206.639         874.509     449.457              61              36
   94       -2003.097    1697.649        -266.306     -15.075              94              36
   90       -1774.773     238.475        -221.383     743.987              90              36
  122        -432.621     759.359         227.874    1006.329             122              36
  102         275.421    -387.642         969.256     186.732             102              36
  106        -494.830    -171.880        -237.068    -142.652             106              36
  120        -662.221       6.677         299.494     457.466             120              36
   11        -541.782    -599.451        -301.559     -90.349              11              36
  133        -578.887     254.726          57.725    1040.381             133              36
  127        1512.588    -596.646         857.331       6.767             127              36
  234        -389.225     -22.931        -122.234    -537.752             234              36
  218       -1754.873      24.901        -886.030     217.006             218              36
  124        -895.735       8.596        -198.182    1121.388             124              36
   19         925.986    -123.550         382.718     566.495              19              36
  202        -198.771     164.020         -19.944     609.787             202              36
  249        1627.867     916.487         800.268    1079.353             249              36
  154         442.768    -224.877        1266.822    -437.550             154              36
  119         553.312   -1441.931        -204.129    -503.676             119              36
  199         -98.631     970.780          20.674     -67.660             199              36
  169        -748.868    -323.400        -602.725      83.674             169              36
   84        -705.041    1962.054          18.479     790.090              84              36
  177       -1169.794    -958.874         242.176     396.463             177              36
   54         614.700     290.147         246.734     355.609              54              36
   73        -920.667       8.558         453.032     713.959              73              36
  128        1925.736   -1567.997        1372.326    -504.183             128              36
   54       -1407.941    -718.955        -713.712    -963.889              54              36
  161       -1103.578   -1467.400        -192.847     305.572             161              36
  132         170.434   -1629.815        -887.778     -16.087             132              36
  172        1536.666    1260.096         222.776    1540.929             172              36
   50        1463.126     435.568         789.632    -408.030              50              36
  248       -1626.445     323.316        -568.793     256.984             248              36
  197         853.277    -177.812         257.000     805.000             197              36
   42         519.458    1137.111         716.836     367.888              42              36
  243          -8.115   -1151.288         495.142     -39.614             243              36
   29        1040.288    -169.941         700.149    -127.059              29              36
    9          31.255   -1732.652         216.357    -777.990               9              36
   95         651.501    -524.797        -155.780    -719.689              95              36
   15       -2313.437   -1022.527       -1442.904    -614.382              15              36
   59        -130.103     422.113       -1027.787    1454.913              59              36
  238         799.665    1398.649         358.397     939.631             238              36
   36         342.146      89.930         596.378     441.472              36              36
  124         626.910    -873.383        -287.408    -467.127             124              36
   89        -572.737    2572.387        -694.201    1344.756              89              36
   22        -341.306     425.359         715.604     790.928              22              36
  117         566.156    1139.658         365.571    1251.572             117              36
   60        1262.604    -113.897        2267.482      66.977              60              36
  212        -533.352   -2555.517        -263.222   -1387.622             212              36
  188         309.656      87.817           0.353    1045.906             188              36
    1        1418.840    -985.284        1131.546    -487.768               1              36
  169         485.937   -1702.521        -262.046    -216.881             169              36
  217        2857.890    1080.671         617.914      87.592             217              36
  170       -1305.500     692.068          29.946    -380.192             170              36
  166        1109.315    -714.771         555.142     209.846             166              36
  143         102.756      66.839         515.056   -1036.701             143              36
  195       -1209.503   -1891.113        -508.727    -495.315             195              36
  105         878.629    -733.774        -107.584    -540.056             105              36
  236       -1156.915    -376.826       -1190.893    -192.242             236              36
  206         825.111    1462.342          41.155     991.817             206              36
  208       -1032.735    -288.570         414.001    -589.007             208              36
   35         178.689   -2314.372        -677.412    -306.482              35              36
  232         438.179    1874.033        -728.557      51.234             232              36
  233       -2103.690     326.969        -470.018     775.676             233              36
  211        1193.876     -60.235         -17.373     170.603             211              36
  246       -1137.195    1550.449        -340.589     729.323             246              36
  242        -144.436     211.141         279.618     161.720             242              36
   87       -1828.090     576.822        -167.544     930.255              87              36
  178        1287.533   -1925.159        1559.390    -480.511             178              36
   76       -2319.086   -2422.823       -1553.082   -1113.400              76              36
  123         951.600    -838.649        -196.506    1369.957             123              36
  216        1294.800   -1185.231          -6.439    -629.981             216              36
  216         610.347     502.854       -1151.583     648.374             216              36
   86          -0.080    2064.557         -66.050    1035.304              86              36
  102         442.046    -375.371         267.772     475.653             102              36
   94         632.301      68.988        -365.670     249.350              94              36
  104        1294.651    1675.252        -203.028    1069.941             104              36
   14        -127.496    2518.158         509.023     818.527              14              36
  136         -94.733    -393.641         424.947     218.021             136              36
   35        -325.483     855.792         -36.862     416.346              35              36
   10        -208.771    -860.335         203.180     376.847              10              36
  194         744.877     674.872        -241.275     866.986             194              36
  171        1363.450     885.592        1089.165     809.252             171              36
  143          98.909      -9.921         -25.888    -150.344             143              36
  113         759.054    1187.515         382.113    1486.524             113              36
   30        2206.624     710.619        1877.590      95.380              30              36
   84        -136.894   -1150.338         208.194   -1142.002              84              36
  244        -437.577     537.352        -411.857     706.521             244              36
  102        1445.828    -227.957        1202.633      52.706             102              36
   89         -56.572    -434.214        -184.235    -353.450              89              36
   60        1171.581     -80.404         351.033      79.812              60              36
  153        -500.642    1339.744        -423.692     494.858             153              36
   18        2044.142     -91.442        1622.622     529.427              18              36
  131         842.669     726.232         -71.466   -1119.064             131              36
  135       -1752.401    1378.929         326.202     328.362             135              36
  160       -1429.194   -1894.478        -341.799    -540.585             160              36
  227        1369.048     277.709         623.973     754.968             227              36
  220        -581.585    -939.828           0.192   -1294.570             220              36
  113        -258.403      96.376        -738.700     748.490             113              36
   56        -380.567    1744.425         222.850     209.582              56              36
   72       -1182.545    -546.906         477.308     641.531              72              36
   54         158.170   -1156.587         385.329    -598.561              54              36
    3        -370.506   -1333.646         214.192     382.641               3              36
  204        1107.199   -1788.038         243.091   -1110.910             204              36
  101        -859.359    -887.512        -883.913     368.097             101              36
  235        1675.051    -757.935          36.787    -290.567             235              36
   61        -599.214     953.210       -1181.753     965.777              61              36
  224        2240.128    1560.004        1122.294     971.317             224              36
   26        -520.115     147.189        -130.289    -206.436              26              36
  182        1395.499    1469.222         546.922    1275.590             182              36
  219        1008.268     727.247        1637.561    -359.862             219              36
   61        -295.074   -1175.587         521.611   -1043.577              61              36
    4       -1211.460   -2399.998        -169.532   -1554.290               4              36
   60       -1049.968   -1818.055       -1949.366    -185.558              60              36
  250         933.991    1360.320         -48.844     960.588             250              36
  230        -190.312      77.061        -707.317     145.569             230              36
   93        1173.681    2255.836         850.761    1065.995              93              36
   85       -1368.162   -1978.950        -372.964   -1693.297              85              36
   71       -1115.936    1713.466       -1957.414    1573.361              71              36
   89        -282.420    2199.697        1036.129    1453.161              89              36
  144         356.941   -1348.929         654.349      45.428             144              36
    0         823.092    -322.140         233.196    -264.947               0              36
  198        -410.593      27.219        -544.473    -224.292             198              36
   81       -1392.416    1137.439        -850.038     919.188              81              36
   97         486.592     909.548         554.995    1020.256              97              36
  233       -1171.553     673.806         -18.750     474.206             233              36
  185         814.530    -645.763        1051.272     649.290             185              36
  212        -744.444    -297.092        -344.568    -445.493             212              36
    6         -87.159    -488.477         629.057    1245.009               6              36
  127        1505.951   -1967.993         401.798    -989.481             127              36
   25         130.855     800.788        -561.022     583.961              25              36
  165       -1164.238     246.912        -226.542     161.004             165              36
  148         395.200    -585.015           4.574    1331.101             148              36
  242        1586.696     993.409         392.798     546.725             242              36
   71        1535.508    1342.243        1653.079    1459.135              71              36
   70        1545.536   -2133.437        1577.221   -2386.570              70              36
   73       -2179.633   -1045.747       -1947.426    -195.343              73              36
  236        1131.155    1137.565         696.494     881.536             236              36
   63        -292.711   -1563.479         450.565   -1002.155              63              36
  162       -1066.344   -1719.420       -1498.844    -985.480             162              36
  178       -1095.977    1052.721       -1424.522    1260.376             178              36
  203        -225.763     658.688        -230.060     656.755             203              36
  200        -848.448     670.864        -970.848     756.882             200              36
  238       -2036.365    2143.679        -963.233    1889.870             238              36
  154         826.609     318.355        1164.153    2062.366             154              36
   54         513.947      84.555         241.099     284.565              54              36
  146        1061.480     297.368         790.396    1565.126             146              36
   86         867.987    1085.919         249.450     -83.278              86              36
  128       -1903.378    1229.397         451.532    1425.340             128              36
  250       -1341.654   -2173.148        -112.795     199.769             250              36
   79        2273.246    -377.217        1270.542    2077.111              79              36
  168        1215.849   -1496.852         517.497   -1423.315             168              36
   58        -953.395     443.917        -664.680    1348.022              58              36
  244       -2360.787    -716.171       -1081.295     125.501             244              36
    9         242.439     293.745         273.844    3551.711               9              36
  193        -552.806   -1913.408        -402.432    -414.373             193              36
  194        1426.139    1691.612         -63.315    5658.282             194              36
   73        2250.875     -41.497        2241.615    -167.962              73              36
   87         801.818   -1168.507         405.012    4901.626              87              36
   61       -1192.481   -1837.815        -575.488   -1267.497              61              36
  243        -119.480    -197.789       -1215.644   19425.265             243              36
