SINAL     NFT                         FFT                         NFT INVERSA     FFT INVERSA
-----     -----------------------     -----------------------     -----------     -----------
  233       64617.000       0.000       33311.495       0.000             233             150
  223       -1248.798     536.930        -981.563  -19770.140             223             143
   12       -2629.796     923.156       -1503.124     722.690              12              39
   68        -424.405     222.468        -187.246   -5079.664              68              66
  155         744.392    1317.730         264.767     304.822             155             111
   44       -2403.063    -209.898        -407.043   -3491.273              44              54
   70        1039.938    -561.285         244.528     593.005              70              68
   93        -610.665    -528.637        -228.642   -3049.046              93              78
    4         277.722      72.206        -761.110     856.012               4              35
  107         901.889    1078.602         408.852   -1347.078             107              85
    8        1212.491    1130.450         200.254     249.950               8              37
   98       -1393.255     854.032         108.262   -1758.661              98              81
   50          39.741    -840.098        -606.139     241.528              50              58
   30        -188.280    2266.698        -158.614    -663.335              30              47
   97        -725.427      94.135        -129.945     707.880              97              82
  110         962.948    1629.843         283.502    -231.984             110              87
  105        -102.289    1437.181         628.335     602.034             105              86
  199        -124.609      -4.681         597.468    -801.615             199             131
  196         580.185     177.469         161.370     112.769             196             131
  187        -385.404    1731.042         286.858     -63.793             187             125
   24         827.499    -426.074        1442.097     -56.875              24              45
  102        -617.523   -1120.302        -613.406   -1973.640             102              83
   66        -992.468    1983.694        -959.248    1624.937              66              66
   24         874.394    1765.502        1411.385     536.778              24              44
  200         700.311     563.216        1239.369      98.976             200             133
  116        -739.996    -473.914         990.053   -1168.497             116              90
   97        -424.644   -2282.608          -9.640    -392.220              97              82
   47        1693.634    -187.714         415.200    -393.538              47              55
  254         705.565     444.587         115.832    -497.641             254             160
   78       -1306.382    1845.518        -507.300     200.415              78              71
   19         -50.285     271.945        1062.942     689.381              19              43
  178         387.681    -105.080          73.784    -367.872             178             121
  188         659.305    2121.989        1388.971    1256.311             188             127
  249         173.352   -1661.410        1406.581   -1317.863             249             156
   42         746.538    -407.889         689.763     398.196              42              54
   80        2424.772   -1600.452        2126.451   -1426.678              80              72
   91         770.951   -1592.818         171.318   -1729.357              91              79
  114         540.230    -676.201          57.507   -1367.623             114              89
   32        -840.796     395.314        -536.407   -1200.867              32              49
   45       -2783.077    -600.364       -1160.361    -416.685              45              54
  186         373.628     586.431          28.795     695.748             186             126
   24        -703.347    -677.415         191.978    -478.268              24              44
  133        1601.890     227.045         315.908     304.482             133             100
   89        -466.331      91.781         350.229   -1158.236              89              76
  125        -512.253     253.226        -874.600     266.914             125              96
  205        -369.381    2071.304         870.897     309.615             205             134
  114       -1169.310   -1911.584         393.684    -818.735             114              90
  164        -104.256   -1141.930        -402.137    -605.424             164             114
  105        -649.977     530.269        -471.146     206.129             105              86
  106         -73.273    -286.631         330.119     377.355             106              85
  191        1235.027     -78.603         171.979    -627.507             191             129
   12       -1931.287    1491.973        -871.100     774.972              12              38
   64        2159.892    1098.553        1710.381     578.340              64              65
   83       -2721.267      88.777        -306.737   -1178.098              83              73
   61        -859.330    -986.494         185.535     752.074              61              64
   31        -761.833    -853.167          -4.902    -265.882              31              47
  121        1604.744    -951.215         906.554     861.150             121              94
   74        1090.509    -163.784         388.158   -1180.239              74              69
  249       -1274.225     211.045        -233.219     563.391             249             158
  170         445.505    -953.348         135.435      86.025             170             117
  215        2271.650    1450.705         999.785    1099.689             215             141
  191          81.794     832.008         913.517    -569.687             191             127
   48         596.185     -40.385        1746.360     441.759              48              57
  156        -580.002   -3444.517         323.765   -2841.734             156             110
  159       -1033.974    -194.457        -785.212    1522.916             159             113
  228        3087.588   -2972.985        2000.051   -1719.246             228             146
   26         321.186     232.210       -1278.023     200.794              26              46
   29        2494.771    -400.150        2104.468   -1229.595              29              46
  241       -2424.694    -875.378       -2416.327   -1144.714             241             154
   58         884.389    1096.192         855.186    1404.553              58              61
   68        1169.916    -535.025         284.153    -917.236              68              67
   51           9.712    -325.784         520.898    -448.751              51              57
   43         356.677   -1382.722        -977.614   -1029.384              43              55
  196         295.505    1746.273        -167.902     583.875             196             130
  123         299.409     207.500        -580.225    -662.494             123              95
   96       -1344.286    3632.479        -910.863    1370.216              96              80
  150        -341.860    2235.360        1064.970    1042.530             150             108
   25       -1095.192      24.243        1091.763    -173.543              25              44
   56        -550.315   -2000.916          25.133    -938.783              56              61
  230       -1717.331    1049.168       -1020.407     986.548             230             147
   98        1651.981     584.802        2090.003    1355.882              98              82
  132         734.092   -2229.135        1117.139   -1906.700             132              98
   54        -553.669    -972.760        -766.630    -312.736              54              60
   81        -256.657     342.912        -271.341     202.836              81              72
  212         670.492    1358.297         678.900    1290.057             212             139
  217        1050.639   -1350.904        1720.322   -1169.045             217             140
   10        -196.008    -819.897        -970.343    -714.587              10              38
  231       -1185.355    1662.963         193.348     474.749             231             147
   87       -1070.183   -1281.501          14.181     241.964              87              77
  179         811.093    -346.679         871.098     582.669             179             121
  159        2027.297   -1429.580        1047.310    -414.096             159             113
   59         353.763     -18.088         283.931    -750.094              59              61
   93         -46.786   -1148.770         -25.558    -109.884              93              80
  222         870.006     376.328         248.274     -27.900             222             143
    0         402.825    -401.322         579.245     -11.599              -0              33
  119         305.159    -656.457         -79.311    -548.265             119              91
  177        1307.253     735.300         522.553    1083.702             177             122
   18        2221.216      96.898        1644.576   -1256.132              18              41
  134       -1384.349    -358.695        -537.400    -654.878             134             100
  130         174.235    -736.635         581.589    -816.013             130              97
  197       -1336.572   -1619.185       -1265.714    -596.106             197             132
  219        1099.346    1236.573        -245.007     490.136             219             141
  202       -1576.501    1633.120        -645.566     801.383             202             134
  217        1743.745    1277.221        1465.112    1312.812             217             140
   69         622.323     294.211        1257.412   -1052.567              69              68
  122       -2127.689    -700.907        -338.617    -663.155             122              93
   80        -945.829   -1052.916          18.903     395.731              80              73
  150        1114.801   -1265.270         413.788    -429.827             150             107
  194       -1067.273     425.708        -633.860     452.758             194             130
  245        1641.408    -660.059         932.771     750.407             245             154
  240        1746.075    1455.227         471.338     112.754             240             153
   53        -373.542    1067.110        1119.237     419.867              53              58
   18        1083.572   -1091.048        1309.186    -273.767              18              42
  223         884.851   -1144.577        1116.238   -1375.861             223             143
   27       -1703.408   -1524.668        -793.766    -664.617              27              47
  225        1910.230    -527.990        1066.886     445.125             225             144
  208         304.526   -1114.037         585.491   -1603.570             208             137
    6        -670.342   -2581.809        -562.450    -691.833               6              35
   11        1617.476    -293.694        -500.246    -293.227              11              39
  192         198.011     968.087        -206.951     257.396             192             128
   64         856.905     851.408          30.377     -50.416              64              65
  152        -742.202    1445.988        -142.899     320.571             152             108
   83         417.405     706.930         566.619     258.176              83              75
   38        -910.903     940.055         -27.783    -382.450              38              51
  232       -2383.597     875.219         -59.770     813.946             232             149
   52        -411.663   -1938.266         796.614      68.223              52              58
  232         617.770    -350.850          99.563     708.172             232             149
  171        1839.437    -109.479        1893.738     472.174             171             117
  253        1397.135   -1617.983        1323.000    -968.000             253             160
   67        1070.182   -2394.879         779.011   -1412.205              67              65
   89         133.002   -1161.453        -485.834    -991.408              89              78
   70          51.675   -1549.861         -50.824    -580.741              70              67
  212         711.568    -284.085        -980.561      36.061             212             139
  171        1712.407    1719.508         972.920     718.783             171             117
  240        -514.151    -284.210         183.402   -1119.596             240             153
  107        -515.250   -1367.264        -244.495     287.256             107              85
  103        2569.569     441.839         446.779    -276.378             103              85
   21       -1199.933     324.631         -91.536    -348.801              21              42
  214         882.148    -362.214        -347.603     -52.850             214             140
  143       -1132.809    1826.014        -270.966     436.467             143             103
   51         -48.093    -197.594          79.217    1012.552              51              59
  140        1980.079    1225.986        1320.529     729.943             140             102
   64        1270.883    -259.432        1002.164    -253.492              64              65
   15        1043.731    1101.620         747.324    -214.964              15              39
   51        -988.411     468.776         601.012     280.018              51              59
  198        2507.765   -1454.019        2315.442    -398.645             198             131
  185         268.189   -2271.265          82.074   -2650.996             185             126
  222        -892.761      31.797       -1091.640     450.642             222             143
  152        1682.111     996.481        1441.682    -141.116             152             109
  198       -1343.193   -1657.183        -220.127   -1160.475             198             131
   20        1270.021     518.282         428.343     322.405              20              43
  154        -740.835    -987.832         727.491   -1371.911             154             109
  106        -409.104   -2045.981        -600.659    -471.099             106              86
  255        1245.964    -276.246         129.052    -597.929             255             159
  156        -985.773    1350.906        -613.032     338.307             156             111
  196         604.776    -935.867        1522.245    -325.319             196             130
  206        -360.377   -1865.995        -837.214   -1555.893             206             136
   32        -451.017      71.921        -359.739     333.537              32              48
  248         147.149     346.152        -543.132    -134.713             248             157
  225        -585.762     989.710         672.507     929.686             225             144
  174        1568.912   -2376.737         619.917   -1247.344             174             120
   66        -241.840    1077.009        -787.876    -136.107              66              65
   41        -825.551     826.798        -130.001     222.557              41              54
  143        -964.123     364.122           7.170     574.258             143             103
   66        1044.410      -4.196         725.630     466.851              66              66
  226         216.799     794.885         947.137    -201.800             226             145
   52       -1353.534   -1634.367         305.963    -406.326              52              59
  160        1170.000   -1253.600         647.382       7.152             160             112
  125         177.774    -923.785         776.538    -576.847             125              96
  204         702.967   -3436.204         393.133    -952.965             204             134
  114        2116.477    -957.146        -319.348    -347.416             114              90
   14        2358.873     390.125         823.599    -352.808              14              39
  139        -253.481     373.457        -531.419   -1034.157             139             103
  181         445.755      40.035         321.055     406.852             181             122
  193        1326.905     586.747         156.742   -1281.383             193             130
   77       -2725.600    1299.612        -753.450     359.142              77              70
  200         418.284    -245.489         972.070     155.282             200             133
  197          -5.844   -1838.043         617.496   -1040.558             197             130
  142         476.298    -964.042        -261.557   -1284.030             142             104
   36       -3150.511   -1054.293       -1474.472    -833.685              36              50
  239        -747.645     532.356       -1471.506    1836.876             239             153
   95        2025.381    1162.789        2226.845    1426.583              95              79
  127        2512.031   -1786.489        1069.244   -1220.553             127              97
  159         344.525     517.000         953.213    -845.648             159             111
   54       -1713.473   -3325.740        -825.362   -1805.710              54              60
  138         678.354    -662.985        -443.584     704.396             138             101
   29        2237.600    -433.244         264.887    -753.862              29              48
  210        -107.864    1498.904         -63.262     258.407             210             137
   98         581.346    -722.224         490.105    -802.487              98              82
  160        -619.788    -157.876          10.181    -440.741             160             112
  153         141.302   -2427.797        -285.564   -1150.308             153             110
  149         701.693     343.483        -658.624    -195.254             149             106
  172       -1348.050     273.557       -1220.789    -465.084             172             119
  102         -48.735    1716.867        -298.772    2121.181             102              83
    1        2915.920     807.220        1832.515    -332.801               1              34
   71       -1066.136     296.990         485.552    -481.740              71              67
   87         846.951   -3341.654         554.889   -1857.554              87              77
   95         -79.664     -24.899       -1348.369    -543.983              95              79
  231          20.882     381.587        -261.221    -586.712             231             149
    9       -1254.178    1106.752        -975.806     440.508               9              36
  151         318.679    -234.489         542.952    -896.232             151             109
  122       -3461.919     -52.876       -2364.499      52.396             122              93
   67        1281.222     791.905         659.827    1584.253              67              67
   80         456.597     408.780         -38.585    -227.490              80              72
  201        1140.458    1281.028         989.255     586.462             201             134
  224        -552.209   -1286.013         303.199   -1764.227             224             144
  184       -1322.344    -756.598       -1493.574    -196.102             184             125
  238         308.036    1124.130          -0.882     596.975             238             151
  143         -73.633    -470.839        -273.820    -819.538             143             105
   16       -1404.759    1499.478       -1472.821     693.906              16              40
   39         437.598    2133.117         542.983     946.298              39              53
   15       -1900.671     759.573        -127.678    -238.367              15              39
  150       -1371.774    -671.988        -424.670     290.803             150             108
   44        -599.438     965.542        -489.446     971.899              44              54
   47         692.201     733.606         988.147     809.290              47              57
  224        -406.233      19.192          -4.119    -314.710             224             144
   37        -647.503    1030.398         -22.075     944.303              37              52
  144        -292.702     712.580         811.582     656.579             144             104
  230         429.124    -869.640        1071.448     248.904             230             148
   28        1353.874    -244.925        1124.198    -130.755              28              46
   17         570.649   -1075.816        1333.871   -1083.873              17              42
  189       -1149.925   -2188.283        -335.772   -1638.319             189             126
  246       -1247.953   -1723.592        -707.252    -400.951             246             156
  179         303.463    -816.512        -491.274       0.250             179             121
   90          72.712    -202.065         296.557    -202.736              90              78
  106        -795.689   -1751.012       -1140.550    -896.356             106              85
   22       -1316.828    1901.785        -953.465    1489.229              22              44
  160         735.053   -1794.211        1001.043     437.717             160             112
  189        2233.778      66.295        -297.385    -331.278             189             128
  194       -1284.324    2160.602        -139.832     965.062             194             129
  194        1147.540    -783.736        1257.514     135.213             194             130
  144        -641.658   -1106.752        -397.544   -1008.093             144             104
    1        -319.943     318.946        -465.484    1254.789               1              34
   47        1708.530    -349.244        1349.008     -81.791              47              55
   26        -532.702    -876.419        -724.661    -321.826              26              46
  244        1365.886     740.027         720.530    1469.472             244             154
  140        2971.978    -551.848        1780.540    -661.878             140             103
  231         225.580    -952.445         109.852   -1283.573             231             147
  255         177.453    -678.062        -539.493    -445.375             255             161
  107         459.415     993.149        -209.152     356.290             107              85
   35         748.231    1058.275         672.358     290.752              35              51
   56         512.656    -602.564         979.044    -886.100              56              60
   31       -1057.596   -1315.487        -911.773   -1410.044              31              49
  182       -1531.909     634.967        -922.562    1035.282             182             123
  171        1740.931    -665.804        1062.378      81.588             171             119
  147         329.694    -478.758        -193.293    -619.845             147             105
  202         723.247     191.892        -132.420     -77.045             202             134
   47        -294.482    1680.606        -153.680     444.361              47              55
  143         462.390    -196.756        1417.350    -220.024             143             105
  105        -757.463   -2789.949        -499.435   -1885.776             105              84
   38          68.673    -102.075       -1247.002     205.100              38              52
  181        -326.248    1760.626        -402.461     260.505             181             122
   75       -1236.057     588.419        -106.380     694.259              75              71
  194         379.159    -787.593         440.126     -53.816             194             129
  250         821.955    -373.285          10.884       4.386             250             158
   23         564.468     705.245         174.640    -484.309              23              43
  252       -2167.000      -0.403        -777.000       0.000             252              36
  158         564.957    -705.007         174.632     484.310             158              35
  138         821.833     373.677          10.884      -4.385             138              36
  226         378.702     787.630         440.124      53.818             226              35
   79       -1235.939    -589.004        -106.378    -694.259              79              36
   55        -325.540   -1760.562        -402.461    -260.507              55              35
  135          68.707     102.571       -1247.002    -205.102             135              36
  165        -758.255    2789.748        -499.440    1885.774             165              35
  224         462.496     196.536        1417.349     220.027             224              36
  164        -293.755   -1680.781        -153.679    -444.361             164              35
   69         723.477    -191.436        -132.419      77.045              69              36
  213         329.640     479.022        -193.295     619.844             213              35
  196        1740.544     666.381        1062.378     -81.586             196              36
  225       -1531.885    -635.401        -922.560   -1035.285             225              35
  132       -1057.789    1315.193        -911.776    1410.042             132              36
  112         512.779     602.511         979.043     886.103             112              35
   31         748.763   -1058.163         672.358    -290.752              31              36
  144         459.852    -992.802        -209.152    -356.291             144              35
   97         177.381     678.376        -539.493     445.375              97              36
   87         225.596     952.571         109.850    1283.572              87              35
  185        2971.887     552.732        1780.539     661.882             185              36
   35        1365.787    -739.549         720.534   -1469.470              35              35
  128        -533.177     876.318        -724.661     321.823             128              36
  244        1708.218     349.747        1349.007      81.794             244              35
   60        -320.170    -319.020        -465.481   -1254.790              60              36
   50        -642.093    1106.537        -397.547    1008.092              50              35
  144        1147.155     783.818        1257.515    -135.211             144              36
  150       -1283.609   -2161.095        -139.830    -965.063             150              35
   41        2233.762     -65.220        -297.387     331.278              41              36
  202         733.968    1794.459        1001.044    -437.713             202              35
   84       -1316.548   -1902.118        -953.460   -1489.231              84              36
   85        -796.333    1751.008       -1140.551     896.352              85              35
    0          72.617     202.166         296.557     202.735              -0              36
   24         302.999     816.791        -491.275      -0.252              24              35
  107       -1248.671    1723.248        -707.252     400.950             107              36
   62       -1150.479    2187.669        -335.777    1638.316              62              35
   60         570.536    1075.556        1333.868    1083.875              60              36
  113        1353.759     244.962        1124.198     130.758             113              35
  232         428.575     869.301        1071.450    -248.901             232              36
   59        -292.718    -713.182         811.583    -656.578              59              35
   97        -647.299   -1030.880         -22.074    -944.302              97              36
  175        -406.252     -19.546          -4.121     314.709             175              35
  136         692.285    -733.617         988.149    -809.287             136              36
   59        -599.427    -965.816        -489.443    -971.901              59              35
   44       -1372.182     671.357        -424.670    -290.805              44              36
  129       -1900.280    -760.573        -127.680     238.367             129              35
    1         438.445   -2133.089         542.985    -946.295               1              36
  164       -1404.159   -1499.703       -1472.818    -693.910             164              35
  222         -73.565     470.998        -273.820     819.537             222              36
  190         308.451   -1123.848          -0.881    -596.975             190              35
   82       -1322.500     756.390       -1493.574     196.100              82              36
  206        -552.284    1285.686         303.196    1764.227             206              35
  220        1141.118   -1280.815         989.256    -586.461             220              36
   12         456.742    -408.593         -38.587     227.490              12              35
   27        1281.160    -791.361         659.831   -1584.250              27              36
   91       -3462.001      51.874       -2364.499     -52.403              91              35
  141         318.888     234.615         542.950     896.234             141              36
   47       -1253.566   -1107.074        -975.804    -440.511              47              35
  161          21.367    -381.270        -261.222     586.713             161              36
  204         -79.342      25.320       -1348.368     543.978             204              35
  226         846.042    3341.946         554.884    1857.555             226              36
  156       -1065.676    -297.745         485.552     481.741             156              35
   21        2916.370    -806.438        1832.514     332.807              21              36
  170         -48.390   -1716.765        -298.763   -2121.181             170              35
   44       -1347.857    -273.666       -1220.789     465.084              44              36
  181         702.029    -342.793        -658.624     195.252             181              35
   46         140.559    2428.056        -285.566    1150.309              46              36
    1        -619.644     157.602          10.181     440.738               1              35
  132         581.359     722.326         490.101     802.488             132              36
  149        -107.057   -1498.839         -63.260    -258.407             149              35
   30        2237.581     434.364         264.884     753.864              30              36
  105         677.889     663.592        -443.580    -704.396             105              35
   81       -1714.529    3325.133        -825.365    1805.709              81              36
   84         345.129    -517.096         953.212     845.651              84              35
  218        2511.573    1787.125        1069.240    1220.556             218              36
   35        2025.344   -1162.335        2226.850   -1426.577              35              35
   94        -748.049    -532.440       -1471.502   -1836.880              94              36
   48       -3150.847    1053.418       -1474.475     833.681              48              35
  240         476.298     964.238        -261.560    1284.031             240              36
  235          -6.336    1837.826         617.496    1040.560             235              35
    0         418.163     245.194         972.071    -155.282              -0              36
   77       -2724.867   -1300.739        -753.448    -359.146              77              35
  238        1327.622    -586.243         156.739    1281.383             238              36
  146         446.014     -39.788         321.058    -406.852             146              35
  175        -252.933    -373.394        -531.421    1034.155             175              36
  241        2359.359    -388.985         823.598     352.810             241              35
  105        2116.075     958.339        -319.349     347.415             105              36
  217         701.580    3436.510         393.131     952.966             217              35
  183         177.331     923.582         776.537     576.848             183              36
  110        1169.335    1253.764         647.383      -7.151             110              35
  234       -1354.233    1633.451         305.962     406.326             234              36
  128         217.160    -795.256         947.136     201.802             128              35
  235        1044.277       4.294         725.631    -466.849             235              36
  246        -964.165    -364.682           7.172    -574.258             246              35
  214        -825.173    -827.180        -130.001    -222.556             214              36
   90        -241.216   -1076.878        -787.874     136.106              90              35
   43        1568.163    2377.255         619.916    1247.344              43              36
  238        -585.512    -990.121         672.509    -929.685             238              35
   30         147.281    -346.028        -543.131     134.710              30              36
   39        -450.959     -71.853        -359.737    -333.539              39              35
  136        -360.843    1865.929        -837.217    1555.891             136              36
  143         604.548     935.778        1522.244     325.323             143              35
  245        -985.155   -1351.321        -613.031    -338.308             245              36
  181        1246.016     276.908         129.052     597.930             181              35
   21        -409.791    2045.863        -600.660     471.097              21              36
  168        -740.926     987.292         727.487    1371.912             168              35
  216        1270.338    -518.000         428.344    -322.403             216              36
  110       -1343.538    1656.531        -220.129    1160.474             110              35
  170        1682.660    -996.134        1441.682     141.119             170              36
  253        -892.606     -31.965       -1091.638    -450.646             253              35
   78         267.856    2271.290          82.067    2650.997              78              36
   21        2507.376    1454.352        2315.444     398.651              21              35
  225        -988.209    -469.657         601.012    -280.019             225              36
  193        1044.381   -1101.541         747.322     214.964             193              35
   28        1270.930     259.631        1002.164     253.494              28              36
  129        1980.331   -1225.499        1320.532    -729.941             129              35
   50         -48.467     197.435          79.218   -1012.554              50              36
  143       -1132.185   -1826.398        -270.966    -436.468             143              35
  192         882.107     362.647        -347.603      52.850             192              36
  233       -1199.599    -324.990         -91.536     348.801             233              35
   26        2569.831    -440.788         446.778     276.379              26              36
  211        -515.837    1367.168        -244.493    -287.256             211              35
   62        -514.022     283.852         183.399    1119.596              62              36
  191        1713.150   -1718.836         972.923    -718.780             191              35
  117         711.397     284.743        -980.561     -36.062             117              36
  181          51.139    1550.146         -50.823     580.742             181              35
  213         132.745    1161.629        -485.837     991.407             213              36
  175        1069.522    2395.161         779.012    1412.210             175              35
   43        1396.594    1618.052        1323.000     968.000              43              36
  247        1839.133     109.709        1893.736    -472.173             247              35
  119         617.164     350.842          99.565    -708.172             119              36
   70        -412.815    1937.662         796.613     -68.222              70              35
  163       -2383.455    -876.614         -59.769    -813.946             163              36
   13        -910.339    -940.692         -27.784     382.449              13              35
   10         417.828    -707.022         566.620    -258.175              10              36
  229        -741.505   -1446.308        -142.898    -320.571             229              35
   40         857.431    -850.999          30.377      50.415              40              36
  223         198.511    -967.708        -206.951    -257.397             223              35
  163        1617.379     294.721        -500.248     293.225             163              36
  254        -671.239    2581.774        -562.451     691.832             254              35
  106         304.345    1113.986         585.488    1603.571             106              36
  152        1909.949     528.532        1066.889    -445.122             152              35
   39       -1703.945    1523.948        -793.767     664.614              39              36
  236         884.714    1144.538        1116.236    1375.864             236              35
  222        1083.215    1090.875        1309.186     273.768             222              36
  179        -373.099   -1067.727        1119.237    -419.866             179              35
  189        1746.646   -1454.719         471.338    -112.753             189              36
  182        1640.869     660.613         932.774    -750.405             182              35
  184       -1067.373    -426.069        -633.859    -452.761             184              36
   30        1114.181    1265.624         413.785     429.828              30              35
    1        -946.492    1052.333          18.904    -395.731               1              36
   98       -2127.780     699.757        -338.618     663.153              98              35
   73         622.779    -294.498        1257.410    1052.568              73              36
   69        1744.097   -1276.984        1465.115   -1312.809              69              35
  126       -1576.003   -1633.697        -645.565    -801.385             126              36
  255        1099.793   -1235.899        -245.005    -490.136             255              35
   33       -1337.091    1618.951       -1265.715     596.104              33              36
   99         174.167     736.577         581.588     816.015              99              35
  141       -1384.064     358.043        -537.401     654.877             141              36
  102        2221.647     -96.339        1644.575    1256.137             102              35
  240        1307.482    -734.873         522.555   -1083.702             240              36
   13         304.889     656.599         -79.315     548.264              13              35
  230         402.721     401.363         579.246      11.601             230              36
  126         870.101    -376.028         248.274      27.899             126              35
   30         -47.188    1148.745         -25.558     109.882              30              36
  189         353.885      18.154         283.928     750.093             189              35
  178        2026.738    1430.146        1047.308     414.098             178              36
    7         810.557     346.722         871.100    -582.667               7              35
   78       -1070.932    1280.762          14.181    -241.965              78              36
    1       -1184.774   -1663.588         193.349    -474.749               1              35
  216        -196.061     819.838        -970.345     714.585             216              36
  180        1050.290    1350.916        1720.319    1169.050             180              35
  158         670.826   -1358.365         678.903   -1290.056             158              36
  106        -256.673    -342.944        -271.340    -202.837             106              35
    9        -553.939     972.621        -766.631     312.733               9              36
  118         733.438    2229.014        1117.134    1906.703             118              35
  123        1651.882    -584.789        2090.005   -1355.881             123              36
   61       -1717.284   -1049.905       -1020.406    -986.552              61              35
   87        -551.013    2000.412          25.131     938.783              87              36
  148       -1095.121     -25.365        1091.762     173.546             148              35
  146        -340.990   -2236.089        1064.972   -1042.527             146              36
  162       -1342.805   -3632.906        -910.858   -1370.219             162              35
  145         299.849    -207.127        -580.227     662.493             145              36
  150         296.345   -1745.825        -167.899    -583.875             150              35
  235         356.416    1383.175        -977.616    1029.381             235              36
  245           9.849     325.835         520.898     448.754             245              35
  231        1169.913     535.368         284.152     917.235             231              36
  246         884.651   -1095.798         855.191   -1404.549             246              35
   10       -2424.700     874.770       -2416.329    1144.709              10              36
   26        2495.052     401.059        2104.466    1229.602              26              35
   36         321.427    -231.829       -1278.022    -200.799              36              36
   77        3086.447    2974.093        2000.047    1719.255              77              35
   97       -1034.362     194.019        -785.210   -1522.916              97              36
  208        -581.065    3443.983         323.755    2841.730             208              35
  179         596.317      39.879        1746.361    -441.756             179              36
  233          82.255    -832.446         913.514     569.687             233              35
  211        2272.115   -1450.029         999.787   -1099.687             211              36
   40         444.850     953.468         135.434     -86.026              40              35
    3       -1274.199    -211.611        -233.218    -563.392               3              36
  219        1090.555     164.117         388.154    1180.240             219              35
  237        1604.134     951.656         906.556    -861.149             237              36
  177        -762.526     852.673          -4.904     265.881             177              35
  179        -859.906     985.794         185.537    -752.074             179              36
   41       -2721.011     -90.209        -306.742    1178.096              41              35
  235        2160.423   -1098.217        1710.383    -578.336             235              36
  207       -1930.744   -1492.690        -871.098    -774.975             207              35
  121        1235.163      79.075         171.978     627.508             121              36
    2         -73.464     286.538         330.120    -377.355               2              35
  201        -649.808    -530.475        -471.146    -206.130             201              36
   95        -104.631    1141.910        -402.139     605.421              95              35
    9       -1169.863    1910.741         393.682     818.735               9              36
  153        -368.477   -2071.823         870.897    -309.613             153              35
  159        -511.935    -253.429        -874.599    -266.916             159              36
  224        -465.935     -91.998         350.226    1158.237             224              35
  208        1602.118    -226.528         315.909    -304.482             208              36
   15        -703.580     677.086         191.978     478.269              15              35
   13         373.781    -586.384          28.796    -695.749              13              36
  248       -2783.091     599.394       -1160.362     416.681             248              35
   92        -840.001    -395.600        -536.410    1200.864              92              36
   99         540.653     676.487          57.504    1367.623              99              35
  195         770.988    1593.017         171.315    1729.357             195              36
  139        2424.512    1600.923        2126.447    1426.683             139              35
   41         746.397     407.722         689.765    -398.195              41              36
   80         172.873    1660.825        1406.577    1317.869              80              35
   81         660.109   -2122.311        1388.973   -1256.310              81              36
  121         387.664     104.954          73.782     367.866             121              35
  230         -50.193    -272.364        1062.943    -689.378             230              36
   28       -1305.504   -1846.146        -507.300    -200.419              28              35
   68         706.145    -444.272         115.831     497.641              68              36
  216        1693.669     188.392         415.199     393.537             216              35
   54        -425.438    2282.245          -9.642     392.220              54              36
   11        -739.910     473.058         990.050    1168.499              11              35
   94         700.798    -563.598        1239.370     -98.974              94              36
  171         875.041   -1765.616        1411.386    -536.776             171              35
  204        -991.710   -1983.998        -959.245   -1624.940             204              36
   67        -617.519    1120.102        -613.411    1973.637              67              35
   19         827.686     425.946        1442.095      56.877              19              36
   14        -384.534   -1731.462         286.857      63.793              14              35
  115         580.560    -177.395         161.370    -112.769             115              36
  102        -124.331       4.329         597.465     801.618             102              35
  206        -101.417   -1437.525         628.336    -602.034             206              36
  235         963.778   -1629.569         283.500     231.980             235              35
   76        -725.123     -94.453        -129.945    -707.880              76              36
  148        -187.074   -2266.688        -158.616     663.334             148              35
   18          39.894     840.211        -606.138    -241.529              18              36
  219       -1392.280    -854.622         108.257    1758.660             219              35
   53        1213.677   -1130.023         200.254    -249.949              53              36
  137         902.826   -1078.099         408.848    1347.081             137              35
  232         278.286     -71.846        -761.109    -856.014             232              36
   95        -610.086     528.576        -228.651    3049.042              95              35
  200        1040.515     561.599         244.530    -593.004             200              36
  104       -2402.017     208.902        -407.053    3491.271             104              35
  158         746.430   -1317.559         264.768    -304.822             158              36
  132        -422.482    -222.558        -187.260    5079.658             132              35
   77       -2626.252    -923.944       -1503.122    -722.693              77              36
    1       -1241.602    -537.109        -981.616   19770.125               1              35
