SINAL     NFT                         FFT                         NFT INVERSA     FFT INVERSA
-----     -----------------------     -----------------------     -----------     -----------
   30       65879.000       0.000       36346.495       0.000              30              51
  230         259.315   -2113.906         778.469  -21134.156             230             150
   62        -641.131   -1242.443        -220.708    -826.819              62              67
   99          44.635    -366.806        -147.875   -6432.369              99              84
   58        1090.387    -199.587         989.223    -558.207              58              65
  172        -958.447    -859.032        -641.058   -5060.629             172             121
  198        -223.467     507.001         149.335     117.312             198             135
   48       -1311.774    -970.977        -472.097   -4317.820              48              59
    5       -3010.871     476.106       -1503.239     634.973               5              39
  165        -523.198    -415.040         240.190   -1667.380             165             117
  181        -677.009     -73.983         -42.726     494.211             181             127
  228         732.450   -1177.416        1049.171   -1897.805             228             149
  232        -185.315   -1256.868          18.585    -880.461             232             152
   93        -626.212   -2374.837         -82.403   -2332.422              93              81
  168         377.093   -1552.109       -1285.898    -397.213             168             120
   26        1034.310    1608.400         220.808    -692.529              26              48
  165        -928.084   -1274.380        -390.740   -1387.396             165             119
  217       -1307.304      90.816       -1788.425    -626.791             217             143
  226         289.185    2156.542          59.271    1107.909             226             149
  203        -886.424    -482.011         372.240   -1237.308             203             136
  230        -236.521    -816.711        -982.049    -290.029             230             151
  167        -882.415    1655.398        -267.170      58.658             167             118
  112        -367.759    -972.758        -297.300    -284.832             112              92
  129       -1357.200    1526.734        -642.144     554.129             129              99
   59        1670.937   -2302.371         883.743    -137.045              59              66
  121         729.233    2400.852       -1445.270    -283.298             121              95
  167        -746.715    2664.711         898.920    1757.003             167             120
   50        1115.238    -403.911         807.062    -894.949              50              60
  171        -393.386     659.476          30.329     134.749             171             122
   68         338.713    1202.075         211.287     345.818              68              69
   15        1627.013     800.170        1818.820      39.960              15              44
   89        -582.345     534.628         -42.082   -1430.994              89              79
  255       -1110.139     561.680        1289.821     149.357             255             164
  149       -1189.286   -3512.807        -214.006   -2843.642             149             109
  170       -1538.311     380.745       -1179.565     743.848             170             121
  237         138.558    -497.722         835.464   -1160.050             237             153
  226       -2990.914   -1302.907       -1259.128    -469.136             226             149
  239        -106.052   -1165.792           7.428    -147.436             239             154
   53       -1444.045   -1462.673        -902.615    -468.636              53              63
   27         196.759    -289.379        -844.146     772.507              27              48
  247         843.206    1577.250         552.772     872.389             247             160
  178         -67.764    -803.726         581.245    -257.764             178             124
   74         498.922   -1351.199          57.969    -541.531              74              73
  176        -277.541    -238.924       -1063.157     248.060             176             123
   95        2176.724    2089.750         873.271    1581.657              95              84
  112        1200.073     631.633        1433.117    -582.049             112              91
  169          27.720   -1073.199         390.599    -780.823             169             121
  162         744.444     112.960        -127.092    -336.694             162             116
  178         -60.836    1016.708         762.456    -573.889             178             125
  254       -3002.828   -1758.675       -1448.011    -789.404             254             162
  208        1735.218    1283.993         835.374    1788.409             208             140
  138         333.459   -1561.236         777.652   -1876.955             138             104
    8        -402.758     743.692        -917.163     935.157               8              40
  245        1039.063     263.018        1582.317    -504.308             245             157
  144       -1061.676    -697.392        -778.681    -537.633             144             108
   44        -388.663     764.463         797.403     570.635              44              57
  221         467.314   -2483.918         708.245    -925.724             221             147
  241          35.808    -478.263        -175.811    -326.931             241             155
  119         975.126   -1329.606        1068.148    -143.603             119              96
   39        1354.743   -2906.546         177.751   -2007.596              39              54
   13         328.603     478.810       -1441.897    -201.012              13              43
  177        -809.224    2167.159         332.947     693.167             177             123
  180        1003.935   -2385.211        1126.961    -458.135             180             126
   13        1728.011   -1254.840         284.231   -1723.476              13              41
  179        -380.965    -679.720        -962.299    -723.282             179             126
   32         678.960    1320.603         290.967    -422.930              32              51
  207       -2000.935   -2227.742        -631.705   -1803.247             207             140
  162       -1147.305    -421.956       -1739.044    -340.397             162             116
   83       -1392.056    -916.439        -895.071     -83.449              83              78
   28         707.361      18.147       -1434.832     239.695              28              49
   72        -811.771    2217.780        -873.664     718.778              72              72
  202        -546.277    1588.833        -847.053    1426.134             202             136
  124        1167.534    2270.459        1133.476    1166.508             124              98
   73        -253.336    -189.750         252.521    -453.148              73              71
  200         146.424     290.681        -120.467     258.616             200             136
   11          93.451    1576.199        -121.731     371.632              11              40
   10        -615.358     642.200         609.193     301.259              10              41
  212          34.826    -387.810        -197.501    -354.126             212             141
  198       -1193.303    1082.652        -104.008     499.568             198             135
  120         244.899    -743.590         178.886     354.829             120              95
  196         942.183     791.510         482.649     -41.725             196             134
   69        -966.422     234.722        -443.962      82.270              69              69
  113         164.667     801.165         436.493     428.788             113              93
  248        -970.079       3.697        -547.920     290.449             248             159
   50        1062.766    1864.014         948.501    1470.022              50              61
  168         802.315      36.735        1398.899     -89.871             168             119
  139         939.477    -456.005        1220.021    -938.524             139             106
  127       -2551.821   -1024.837        -888.766    -964.036             127              98
   94        -282.714    -887.887         232.140     735.522              94              83
  218         472.615    -744.599         -99.923    -169.708             218             144
  204         466.436     362.797         803.533     705.067             204             138
  163         542.222   -1548.580          67.140    -302.920             163             116
  208        2519.664     924.667        1570.174     932.071             208             140
   41        1337.120   -2112.635         774.138   -2058.020              41              55
  145        -358.513     704.961        -511.473     145.973             145             109
   85         443.504   -1355.329         219.368    -565.212              85              77
  161         986.313    1572.045         -25.402     555.777             161             117
  120        -181.729    -587.824         561.144    -286.852             120              95
  156        1887.689    1034.975         472.958     656.344             156             114
  239         700.744     109.826        1594.533    -533.458             239             154
  138        1507.722   -1329.262         603.349   -1111.493             138             105
  231        -309.675     355.303         174.446    -672.829             231             150
  246        1166.627   -1432.227        1015.273   -1176.332             246             159
   45       -1624.586   -1008.226       -1524.874   -1695.641              45              57
  196         -60.580    1580.022          70.676    1154.754             196             134
  149        -979.394   -1549.375         171.460   -1587.538             149             109
   59          24.809    -312.609        -723.341     586.513              59              66
  145         439.561     923.975         304.699    -330.534             145             107
  202         -21.941     450.420         777.165     295.124             202             137
   62       -1016.914   -2466.834        -209.022   -2130.621              62              66
  182        -536.298     498.730       -1019.221    1430.135             182             127
   90        2045.232    -740.108        1416.187   -1151.677              90              80
  131       -1023.484    1158.328       -1434.027     163.704             131             102
  183        -492.218    1440.586        1200.285     350.305             183             126
  222        -635.082   -1495.218         237.388    -400.661             222             147
  221        -117.725   -1002.425         705.792    -684.646             221             145
   76         143.097   -2305.759         125.062    -325.923              76              74
  217        2198.016   -1584.692         867.149   -1199.456             217             143
   29         743.987    -766.197        -243.600   -1162.580              29              51
   92       -1024.853    -800.304        -464.848   -1748.564              92              81
    2       -1799.801   -1070.188       -1699.416    -196.165               2              37
  229        -502.310    -193.784        -583.538    -423.965             229             149
   17        -999.149      20.860       -1741.013     949.042              17              45
  148        1475.101    2998.728         848.508    1277.991             148             109
   65        -472.851    -446.490         711.781     -19.264              65              69
  178         926.003    -212.688         447.863    -543.620             178             124
   94        -734.735    -153.620         469.774     385.810              94              83
  219        2457.493   -2952.702        1401.527   -1901.635             219             144
   52        -901.056    -445.993       -1581.000    -933.000              52              62
  184         549.431      36.539         426.677    -448.242             184             127
  137       -1722.868    -545.463       -1477.521    -605.201             137             105
   25         867.544     504.974         657.628     497.932              25              47
  254        -435.137   -1134.054        -317.762   -1467.073             254             163
  201       -1449.512    -786.550        -855.526    -451.477             201             135
  220        -487.252    -689.641       -1226.143     119.866             220             146
   80         718.104    1237.226         490.699     507.710              80              75
  166        -640.730   -2188.225        -596.013   -1254.325             166             119
  197         138.514    1017.047       -1134.028     592.428             197             133
  117         149.917     517.461          63.772     241.973             117              95
  169         312.666     601.321        -351.104    -200.537             169             119
  247       -1148.304     397.154        -681.400     152.914             247             160
  146         315.902    1313.843        -477.002     605.672             146             108
  132       -1241.863    1862.483         134.302    1008.715             132             102
  179        1213.494    -835.947        1062.356     136.140             179             124
   25         431.036     382.274         245.722    -502.255              25              49
  135        -280.481    -469.075         307.439    -249.230             135             102
    5         346.350    -522.622         299.296    -701.052               5              39
   97       -1109.988   -1868.536        -471.048   -1251.762              97              83
  179           4.476    -539.461       -1386.174      71.451             179             126
  224         138.025    1563.572        -104.358      43.100             224             147
  143       -2322.758      37.101       -1655.190     189.781             143             108
  172         416.705    2524.310         389.826    2111.794             172             121
  128         368.643   -1273.735        1079.323    -520.152             128             100
   78         960.892     222.604        -289.037     443.961              78              74
    2        1101.788     199.380        1412.328    -241.818               2              37
  241         406.129   -1859.360        -682.173   -1322.675             241             155
   97         319.942    2299.528        -356.928     665.375              97              85
  255        -608.803     292.037         189.372    -576.327             255             162
   84       -1609.100     150.200        -560.066     246.421              84              78
  142         589.982   -1488.142          33.928    -257.409             142             106
   38         451.445    1889.216        -880.296     769.368              38              55
  231         815.518    1920.869        1340.466     832.027             231             150
  210          -5.407    -617.908         589.158   -1104.251             210             141
  161        -899.562   -1059.582        -501.531    -653.598             161             115
  100        -372.450     798.741       -1025.745     295.482             100              86
  131        -142.032    2310.964         481.515    1587.998             131             100
  243        1757.867    -185.053        2104.926    -466.807             243             158
  179        -885.632   -2027.229         -35.065   -1875.469             179             124
   22           2.395    -967.575        -422.333    -483.166              22              47
  116        -693.217   -1067.534        -768.239   -1391.734             116              93
  127       -1293.511     809.256       -1982.772     683.193             127             100
  247         129.836    2551.623         166.395     992.026             247             158
  193       -1336.608     782.485        -283.640     517.119             193             133
  188         871.151     793.526         779.937     578.292             188             129
  198        -617.351     457.332         -52.301    -492.971             198             135
  248       -1009.860    1091.412        -252.221     741.825             248             159
  167        -461.838    1026.905         822.500     297.827             167             120
   97       -1435.937   -1547.500         -55.960    -216.556              97              83
    0        1347.975    1149.157         520.372    1048.045              -0              36
   77        -371.896    -192.291        1452.914    -582.381              77              73
   39         -97.092   -1844.436          89.028    -280.332              39              56
   59        1502.626    -780.005        1260.791    -497.154              59              64
  173         815.516   -1096.117          50.561   -1211.063             173             123
   68        -711.102     513.493         154.153    -817.052              68              69
   64       -2228.572   -1164.678        -791.666    -712.217              64              68
   25        -747.355    -581.116         198.308     344.234              25              47
  249         583.201   -1993.292         507.909    -899.777             249             161
   11        -457.040   -1916.453        -178.052   -1150.053              11              40
    0         -70.344   -1856.541       -1273.077   -1017.249              -0              36
  175       -1821.469    1625.054       -1435.051     755.435             175             122
  146         278.193     -95.147         313.209    1304.473             146             109
  222        1888.420     365.644        1224.280     -36.894             222             146
  147         363.046   -1339.743         470.300    -825.281             147             110
  252         710.141    -637.485         195.504    -749.226             252             161
  202         386.916    -892.496          10.571    -932.233             202             137
  194       -1005.264    -388.021        -512.796   -1209.067             194             132
  111       -1472.295   -1884.542       -1333.028    -395.903             111              92
   16        1210.860    1683.884        -565.408     291.058              16              43
   54       -2935.721    1276.979        -463.772     -22.579              54              63
   41       -1265.825   -2112.722        -528.512     267.101              41              55
   88        1358.968     609.124         -69.689     735.033              88              80
   72         387.654     375.501         998.851     101.187              72              71
   66         831.249   -2020.124         396.739   -1190.801              66              69
  215        -611.407    -654.144        -829.524    -959.588             215             142
  185        -794.276    -271.997        -899.882      53.910             185             129
   27        -341.694    -154.686        -446.472     267.743              27              48
  222        2296.334     108.841         327.606     323.426             222             147
   95        -201.404    1630.590        -236.983   -1245.134              95              82
   22       -3417.999    1017.144       -1395.251     903.938              22              47
   19         233.527    -630.233        1235.895      12.012              19              44
  188        -813.134   -2385.054       -1273.918    -787.375             188             130
   33        1133.470    1926.986         227.304     892.698              33              51
  220        -963.817    -894.876        -222.844    -877.581             220             146
  122        -893.862     565.469        -688.607     249.758             122              96
   61       -1147.581    -559.822        -650.968     267.357              61              67
   38         577.736    1336.732         190.228     825.303              38              54
  229       -1263.508    -546.240        -175.892     -66.498             229             151
    5         585.015     869.073         506.752    1069.566               5              37
  150        -286.516   -2129.063         880.022    -899.682             150             111
  120        1136.196   -1769.451        -398.129    -187.393             120              95
  152         767.401     188.723        -109.572    -492.363             152             112
  210       -1223.140     693.911        -806.617     821.125             210             140
  210        2058.310    -602.320        1411.657     592.605             210             141
  189        1926.129    -548.141         466.188    -998.016             189             129
   18         143.845     306.893         171.876    -265.053              18              45
   78         539.297   -1097.764         531.430    -937.456              78              74
  213          17.916   -2142.867        -730.312   -1446.232             213             143
  127          65.482    1040.459       -1476.831     366.522             127              98
   30        1119.656    1996.575         724.546     740.972              30              51
   50          17.773    -228.278         313.637   -1246.294              50              60
  120        -873.835    -202.718        -865.536    -504.321             120              96
  201       -1058.122    1483.841        -604.698     -62.887             201             135
  147       -2143.501     -74.974        -277.357     356.081             147             110
  248         444.464   -1283.521         356.303    -172.005             248             159
  154         600.219   -1267.635          -9.811    -840.126             154             113
  253        -810.664    -455.592       -1240.017    -839.732             253             161
  167        -530.853    1117.399        -875.230    1184.807             167             120
  179        1033.148     597.669         914.691    -373.125             179             124
  189       -1618.674   -1033.915       -1275.838    -603.197             189             131
   64         121.274    1311.408        -300.272     603.113              64              67
  185        -985.563     -45.322        -605.310     524.920             185             129
  103        2841.890    1662.381        1678.905     851.453             103              86
  196        -235.709   -2542.002         386.014   -2820.101             196             134
  121       -1389.262     739.220       -2431.548    -267.097             121              95
  122       -2134.526    1952.569        -451.551     690.875             122              97
  162       -1093.943    -332.482        -454.131     279.120             162             116
  115        -281.171    -467.792         -70.739     -52.876             115              94
   13        -392.959     380.564       -1022.371      27.902              13              41
   18        -976.191    1362.456        -148.772     956.528              18              45
  193         176.177    -343.737          12.568     -90.287             193             131
  246        -278.592     839.221        -359.539     790.504             246             159
  103        2039.143    1180.134        1137.067    -128.804             103              86
   44       -3550.647     340.773       -1166.074   -1215.803              44              58
   65       -2038.340     -79.718        -923.460    1747.284              65              67
  244        2104.146     126.465        1453.141     271.309             244             158
  198        -449.962    -486.133        -149.914    -816.550             198             134
   20        -985.000      -0.170        -520.000       0.000              20              39
  201        -449.946     485.885        -149.923     816.549             201              38
    7        2103.964    -125.917        1453.141    -271.305               7              39
  183       -2038.813      78.862        -923.456   -1747.286             183              38
   47       -3550.204    -342.188       -1166.077    1215.801              47              39
  234        2039.909   -1179.561        1137.065     128.808             234              38
  210        -278.369    -839.232        -359.537    -790.503             210              39
    4         175.968     343.785          12.567      90.287               4              38
   64        -975.814   -1362.769        -148.770    -956.528              64              39
  223        -392.828    -380.489       -1022.373     -27.904             223              38
  234        -281.416     467.800         -70.739      52.878             234              39
  209       -1094.173     331.978        -454.130    -279.121             209              38
  119       -2133.745   -1953.256        -451.549    -690.876             119              39
   43       -1388.566    -739.256       -2431.549     267.090              43              38
   51        -235.957    2541.963         386.007    2820.103              51              39
   43        2842.577   -1661.573        1678.909    -851.448              43              38
   43        -985.735      45.069        -605.310    -524.921              43              39
   43         121.684   -1311.173        -300.271    -603.113              43              38
  159       -1618.879    1033.543       -1275.840     603.195             159              39
   92        1033.503    -597.315         914.690     373.129              92              38
  223        -530.511   -1117.305        -875.228   -1184.809             223              39
   35        -810.668     455.718       -1240.019     839.729              35              38
  181         599.914    1268.036          -9.814     840.127             181              39
   70         443.853    1283.573         356.304     172.007              70              38
   82       -2143.579      73.998        -277.356    -356.082              82              39
  229       -1057.348   -1484.213        -604.698      62.887             229              38
  149        -873.502     202.563        -865.536     504.319             149              39
  168          18.165     228.216         313.633    1246.296             168              38
  212        1120.604   -1996.090         724.548    -740.969             212              39
   24          65.974   -1039.856       -1476.828    -366.526              24              38
  160          17.426    2143.296        -730.315    1446.229             160              39
  216         539.161    1097.934         531.428     937.458             216              38
  170         144.238    -306.818         171.876     265.052             170              39
    2        1926.137     548.897         466.184     998.017               2              38
  100        2057.842     602.991        1411.659    -592.601             100              39
  245       -1223.103    -694.257        -806.615    -821.127             245              38
   73         767.510    -188.137        -109.573     492.363              73              39
   84        1135.413    1770.071        -398.129     187.391              84              38
  130        -287.464    2128.735         880.019     899.685             130              39
   52         585.041    -869.142         506.755   -1069.564              52              38
   37       -1263.871     545.668        -175.892      66.497              37              39
  110         578.031   -1336.570         190.230    -825.302             110              38
  199       -1147.974     559.513        -650.967    -267.358             199              39
  201        -893.689    -565.711        -688.606    -249.759             201              38
   20        -963.957     894.534        -222.846     877.581              20              39
   37        1134.125   -1926.414         227.308    -892.696              37              38
  208        -814.073    2384.974       -1273.920     787.371             208              39
   65         233.097     630.020        1235.895     -12.008              65              38
  239       -3417.556   -1018.514       -1395.250    -903.940             239              39
  251        -200.266   -1630.526        -236.987    1245.134             251              38
  206        2296.517    -107.753         327.607    -323.425             206              39
  168        -341.929     154.842        -446.472    -267.744             168              38
  192        -794.364     271.994        -899.882     -53.911             192              39
   30        -611.427     654.203        -829.526     959.585              30              38
   59         830.724    2020.376         396.736    1190.802              59              39
   67         387.777    -375.539         998.852    -101.183              67              38
  131        1358.890    -608.518         -69.688    -735.032             131              39
   27       -1266.950    2112.241        -528.512    -267.101              27              38
  182       -2935.150   -1278.164        -463.771      22.578             182              39
   69        1211.622   -1683.128        -565.408    -291.059              69              38
  132       -1472.903    1884.403       -1333.029     395.902             132              39
   34       -1005.059     387.779        -512.797    1209.067              34              38
   48         386.985     892.719          10.569     932.232              48              39
  174         710.133     637.770         195.503     749.227             174              38
   95         362.758    1339.758         470.299     825.282              95              39
   32        1888.461    -365.148        1224.279      36.896              32              38
   73         277.763      95.209         313.211   -1304.472              73              39
   83       -1821.072   -1625.352       -1435.049    -755.437              83              38
  111         -70.895    1856.975       -1273.078    1017.247             111              39
  218        -457.632    1916.413        -178.054    1150.053             218              38
   97         582.465    1993.320         507.907     899.778              97              39
  166        -747.755     580.621         198.309    -344.232             166              38
  239       -2228.848    1163.658        -791.667     712.216             239              39
  134        -710.477    -513.899         154.152     817.053             134              38
  181         815.531    1096.333          50.558    1211.064             181              39
   46        1502.401     780.360        1260.791     497.158              46              38
  198         -97.835    1844.042          89.028     280.332             198              39
  218        -371.931     191.607        1452.914     582.385             218              38
   92        1348.199   -1148.986         520.375   -1048.046              92              39
  157       -1436.671    1546.671         -55.961     216.556             157              38
   15        -461.510   -1027.573         822.501    -297.825              15              39
   95       -1009.443   -1092.010        -252.220    -741.826              95              38
  157        -616.998    -457.730         -52.302     492.971             157              39
  136         871.436    -793.432         779.939    -578.289             136              38
  235       -1336.359    -783.135        -283.638    -517.120             235              39
  166         130.745   -2551.493         166.398    -992.025             166              38
   51       -1293.169    -809.223       -1982.770    -683.199              51              39
  162        -693.314    1067.656        -768.243    1391.733             162              38
   94           2.304     967.700        -422.334     483.165              94              39
  170        -885.966    2026.713         -35.070    1875.468             170              38
  144        1758.008     185.098        2104.925     466.812             144              39
   79        -141.324   -2311.243         481.519   -1587.996              79              38
  252        -372.168    -798.673       -1025.744    -295.484             252              39
  127        -899.743    1059.332        -501.531     653.597             127              38
   71          -5.313     617.580         589.156    1104.252              71              39
  192         816.341   -1920.835        1340.469    -832.022             192              38
    6         452.105   -1888.793        -880.295    -769.369               6              39
   20         589.346    1488.538          33.926     257.408              20              38
    6       -1609.065    -150.853        -560.067    -246.422               6              39
   12        -608.408    -292.371         189.371     576.329              12              38
  214         321.015   -2299.189        -356.926    -665.377             214              39
   51         405.750    1859.738        -682.176    1322.672              51              38
  206        1101.981    -199.090        1412.326     241.820             206              39
  212         960.894    -222.241        -289.037    -443.960             212              38
  123         368.042    1273.646        1079.322     520.154             123              39
  205         417.236   -2524.277         389.831   -2111.792             205              38
   42       -2322.812     -37.706       -1655.190    -189.784              42              39
  245         138.740   -1563.233        -104.358     -43.098             245              38
   97           4.313     539.933       -1386.173     -71.454              97              39
  186       -1110.482    1868.305        -471.051    1251.762             186              38
   99         346.371     522.625         299.295     701.052              99              39
  223        -280.483     468.820         307.438     249.231             223              38
  239         431.337    -382.250         245.722     502.256             239              39
  149        1213.120     836.102        1062.356    -136.137             149              38
   54       -1241.319   -1863.122         134.304   -1008.715              54              39
  205         316.370   -1313.607        -477.001    -605.672             205              38
   56       -1148.084    -397.342        -681.398    -152.914              56              39
  150         313.051    -601.030        -351.104     200.535             150              38
  211         150.158    -517.175          63.771    -241.973             211              39
   22         138.853   -1016.544       -1134.027    -592.429              22              38
   28        -641.391    2188.254        -596.016    1254.324              28              39
  191         718.533   -1236.854         490.701    -507.707             191              38
   42        -487.609     689.820       -1226.142    -119.868              42              39
  144       -1449.685     786.271        -855.526     451.477             144              38
   12        -435.222    1133.929        -317.763    1467.073              12              39
  219         867.800    -504.634         657.632    -497.929             219              38
   34       -1722.892     545.041       -1477.523     605.196              34              39
  238         549.743     -36.176         426.679     448.248             238              38
   76        -900.833     446.022       -1581.000     933.000              76              39
  147        2456.683    2953.513        1401.519    1901.636             147              38
   14        -734.803     153.066         469.774    -385.809              14              39
   98         925.988     212.806         447.861     543.621              98              38
  127        -472.951     445.998         711.782      19.266             127              39
    8        1476.020   -2998.222         848.510   -1277.989               8              38
  197        -999.342     -20.756       -1741.010    -949.046             197              39
  249        -502.433     193.997        -583.539     423.965             249              38
  155       -1800.022    1069.882       -1699.416     196.162             155              39
  188       -1024.637     800.149        -464.853    1748.564             188              38
  109         744.252     766.657        -243.602    1162.580             109              39
  121        2197.601    1585.594         867.147    1199.459             121              38
   11         142.172    2305.690         125.063     325.923              11              39
  156        -118.150    1002.078         705.791     684.649             156              38
   37        -635.582    1494.512         237.388     400.660              37              39
    5        -491.631   -1441.172        1200.285    -350.301               5              38
  197       -1022.764   -1158.630       -1434.027    -163.706             197              39
    1        2045.131     740.872        1416.182    1151.681               1              38
  211        -536.262    -498.785       -1019.217   -1430.137             211              39
  192       -1017.615    2466.410        -209.029    2130.621             192              38
    9         -21.542    -450.770         777.167    -295.122               9              39
  187         440.008    -923.852         304.698     330.535             187              38
  189          24.722     312.753        -723.338    -586.514             189              39
  243        -979.787    1548.900         171.456    1587.539             243              38
  249         -59.860   -1580.091          70.679   -1154.755             249              39
  142       -1624.519    1007.862       -1524.879    1695.636             142              38
  204        1166.614    1432.486        1015.271    1176.334             204              39
   78        -309.160    -355.545         174.445     672.829              78              38
  133        1507.655    1329.596         603.347    1111.494             133              39
   40         701.026    -109.924        1594.532     533.463              40              38
    1        1888.100   -1034.450         472.961    -656.344               1              39
  219        -181.909     587.678         561.143     286.855             219              38
  246         986.937   -1571.653         -25.401    -555.777             246              39
   29         443.062    1355.588         219.365     565.210              29              38
    6        -358.080    -705.001        -511.473    -145.974               6              39
   88        1336.706    2113.045         774.132    2058.021              88              38
  151        2519.897    -923.924        1570.175    -932.068             151              39
   60         541.404    1548.705          67.139     302.919              60              38
  172         466.321    -362.777         803.535    -705.066             172              39
  132         472.073     744.723         -99.925     169.708             132              38
  170        -283.366     887.644         232.143    -735.521             170              39
  221       -2552.089    1023.681        -888.770     964.033             221              38
   12         939.638     455.885        1220.019     938.528              12              39
   71         802.371     -36.976        1398.899      89.874              71              38
   92        1063.196   -1863.930         948.504   -1470.020              92              39
  156        -970.238      -4.127        -547.920    -290.452             156              38
  137         164.894    -801.242         436.494    -428.788             137              39
   65        -966.281    -235.133        -443.963     -82.271              65              38
  175         942.510    -791.213         482.650      41.726             175              39
  231         244.472     743.559         178.886    -354.830             231              38
   84       -1192.989   -1083.195        -104.007    -499.568              84              39
   59          34.765     387.697        -197.503     354.124              59              38
  107        -615.059    -642.662         609.193    -301.257             107              39
   19          94.112   -1576.226        -121.730    -371.633              19              38
  162         146.587    -290.575        -120.467    -258.616             162              39
   79        -253.290     189.478         252.519     453.149              79              38
  155        1168.261   -2270.192        1133.477   -1166.505             155              39
   40        -545.908   -1588.838        -847.049   -1426.137              40              38
  246        -810.989   -2217.564        -873.662    -718.780             246              39
   67         707.305     -17.237       -1434.831    -239.698              67              38
  204       -1392.477     916.446        -895.072      83.449             204              39
   88       -1147.349     421.950       -1739.043     340.395              88              38
  136       -2001.263    2227.144        -631.708    1803.245             136              39
  115         679.899   -1320.307         290.967     422.934             115              38
   25        -380.752     679.950        -962.300     723.281              25              39
  149        1727.927    1255.645         284.225    1723.472             149              38
   62        1003.126    2385.330        1126.960     458.137              62              39
  104        -808.405   -2167.546         332.949    -693.167             104              38
  216         329.072    -478.188       -1441.898     201.010             216              39
   71        1353.936    2907.291         177.746    2007.596              71              38
   69         974.620    1329.803        1068.147     143.605              69              39
  116          35.572     478.222        -175.812     326.930             116              38
  151         466.402    2483.793         708.244     925.726             151              39
   32        -388.501    -764.952         797.405    -570.634              32              38
   20       -1061.751     696.836        -778.683     537.631              20              39
   35        1039.300    -262.909        1582.315     504.312              35              38
  139        -402.450    -743.827        -917.160    -935.158             139              39
  165         333.093    1561.230         777.647    1876.957             165              38
   91        1735.430   -1283.508         835.378   -1788.408              91              39
   56       -3003.458    1757.553       -1448.014     789.401              56              38
  145         -60.051   -1016.959         762.456     573.890             145              39
    0         744.770    -112.697        -127.094     336.692               0              38
   45          27.629    1073.040         390.597     780.825              45              39
  169        1200.556    -631.544        1433.115     582.052             169              38
   84        2177.332   -2088.941         873.274   -1581.654              84              39
  220        -277.826     239.180       -1063.156    -248.063             220              38
  113         498.376    1351.469          57.967     541.532             113              39
  120         -68.116     803.501         581.244     257.766             120              38
  129         843.582   -1576.967         552.773    -872.388             129              39
  205         196.307     289.757        -844.144    -772.509             205              38
  195       -1444.767    1462.347        -902.616     468.633             195              39
  247        -106.650    1165.717           7.427     147.438             247              38
  142       -2991.316    1301.719       -1259.128     469.135             142              39
  169         138.604     497.500         835.462    1160.053             169              38
  197       -1538.062    -381.279       -1179.562    -743.852             197              39
  156       -1190.146    3512.063        -214.014    2843.644             156              38
  138       -1109.491    -562.764        1289.821    -149.356             138              39
    3        -581.533    -535.299         -42.087    1430.987               3              38
  168        1627.723    -800.007        1818.819     -39.956             168              39
    4         339.273   -1202.188         211.287    -345.820               4              38
   98        -392.893    -659.707          30.329    -134.748              98              39
  200        1115.303     403.974         807.059     894.949             200              38
  165        -745.622   -2665.184         898.923   -1757.002             165              39
  213         730.352   -2400.189       -1445.273     283.294             213              38
  147        1670.117    2303.142         883.742     137.047             147              39
  239       -1356.775   -1527.205        -642.143    -554.132             239              38
  195        -367.941     972.660        -297.301     284.832             195              39
  204        -881.646   -1655.630        -267.170     -58.658             204              38
   58        -236.530     816.808        -982.048     290.029              58              39
   40        -886.254     481.568         372.237    1237.308              40              38
   39         290.206   -2156.374          59.273   -1107.908              39              39
   50       -1306.943     -90.846       -1788.426     626.789              50              38
  222        -927.878    1274.216        -390.742    1387.395             222              39
   81        1035.419   -1607.769         220.807     692.525              81              38
   12         376.901    1552.735       -1285.900     397.210              12              39
   91        -626.614    2374.725         -82.409    2332.422              91              38
    7        -185.194    1256.643          18.584     880.462               7              39
  144         732.480    1177.391        1049.166    1897.806             144              38
  135        -676.670      73.492         -42.726    -494.210             135              39
  144        -522.928     414.650         240.186    1667.383             144              38
  118       -3009.939    -477.218       -1503.238    -634.975             118              39
  244       -1310.803     970.424        -472.109    4317.816             244              38
    7        -221.883    -507.181         149.336    -117.311               7              39
  121        -957.041     858.656        -641.070    5060.626             121              38
  115        1092.270     199.827         989.222     558.209             115              39
   45          46.804     366.770        -147.891    6432.363              45              38
   56        -637.996    1242.119        -220.708     826.818              56              39
   86         265.698    2113.505         778.414   21134.145              86              38
