SINAL     NFT                         FFT                         NFT INVERSA     FFT INVERSA
-----     -----------------------     -----------------------     -----------     -----------
  137       65724.000       0.000       33070.495       0.000             137             102
  228         969.953    2532.993        1377.139  -18745.412             228             145
  152        -704.336    -612.183         319.360    -529.179             152             109
  201         454.230     559.361         801.618   -5918.580             201             132
  169         348.069    -264.447         906.001     -84.961             169             118
  223        1588.593    -615.175        1553.937   -4075.513             223             143
  234         578.878    -943.039         355.805   -1546.489             234             150
   77       -1488.737     865.938        -350.224   -2422.946              77              70
  235         394.184    -632.059        1322.699      96.818             235             151
  226         559.572   -1893.056         497.549   -3296.829             226             144
   62        -317.389     481.076        -344.368     211.275              62              64
  226         623.903    -263.161        1490.461   -1435.244             226             144
  238        1618.355   -1926.084         817.463   -1336.647             238             152
    6        -402.232     398.439         -70.073   -1972.695               6              34
   47        -456.956    -810.039         576.705    -259.182              47              57
  143         174.819   -2011.012         301.349   -2252.457             143             103
  204         402.036    -495.999        -288.114     107.021             204             135
  152        1758.034    -338.103        1283.838   -1628.875             152             107
   34        -894.505    -500.714        -876.322    -949.282              34              50
  199         401.834     579.614        1128.095     186.049             199             131
  244        2699.134   -2909.588        1328.562   -2339.475             244             155
  118       -1496.229     436.063       -1304.717   -1550.870             118              90
  146        1007.069    -873.852         568.137    -229.812             146             106
    3        -250.731     334.888        -514.125   -1919.316               3              33
   52        -727.290     -61.026        -532.793     158.622              52              59
   34         228.708    1920.492         231.841    -995.003              34              48
   79       -3106.118    -997.284        -443.819    -353.588              79              73
  160         868.293    -474.089         -30.949    -590.646             160             111
  195       -1854.084     552.648        -562.968     -58.491             195             131
  106         184.515     686.675         503.377     620.780             106              84
  224          25.114   -1236.360        1223.221    -781.174             224             145
  209         683.693   -1060.733        -133.020    -594.846             209             136
   40         615.262     283.461        1379.452    -480.912              40              53
  227        -113.098   -2693.645        -155.635   -1990.616             227             145
   51       -1075.827     778.626        -392.429    -277.594              51              59
   89        -946.172   -2734.982         340.449    -673.109              89              76
  227        2412.011   -1992.600         302.458   -1457.885             227             147
  127       -2015.168    -382.881       -1735.692   -1124.068             127              95
   77         497.664     899.446        -154.999    1274.386              77              72
  122        1384.774     -63.456        1251.739    -916.918             122              92
   46       -1099.242   -1356.988        -598.514   -1656.990              46              56
  208       -1849.611    -699.709       -1135.152     159.201             208             135
  104        2043.918   -1228.486         652.267    -599.539             104              85
    0       -1769.772    -245.667       -1751.172    -841.824               0              31
   95         992.228     316.409         -51.319     804.175              95              81
  116        -783.902    1219.449       -1111.102    -215.802             116              89
  170         394.581    1510.480         670.791    1566.913             170             118
  218         171.481    -459.028         191.744   -1005.552             218             140
   10        -271.168     151.027         -45.792     855.339              10              38
  142        1441.213    -434.274          93.183    -449.474             142             102
   76         685.914    2159.097         358.582    1130.753              76              71
  244        1136.758    -564.844         811.409    -727.244             244             153
  236         819.217    1956.022         173.115     562.171             236             151
   46         -50.077     239.216         780.313    -472.371              46              54
  251         827.259    1398.176         759.611     636.289             251             159
   25         432.977   -1427.169        1746.889   -1428.159              25              44
   39         993.699   -1327.317        -154.576   -1202.388              39              53
  112       -1183.618     299.632         -91.151   -1076.840             112              87
  178        -462.470    -790.924        -405.769     -30.807             178             122
  134         228.540      -8.734         561.847    -713.665             134              98
  136        -118.434   -1146.206        -348.961    -600.338             136             101
   50         -14.734     478.717          59.711    -557.208              50              56
   11        -679.211    -697.425        -305.449    -390.328              11              39
    9         145.480    -267.211         216.186    -440.125               9              36
  250         475.781   -1543.833        -264.985   -1217.265             250             158
  185       -1182.152    1164.529       -1559.873    -335.099             185             124
   79        -908.097    1252.358        -404.386     630.655              79              73
  197       -1643.376    1353.577       -1051.649     692.778             197             130
   29        2046.700    2363.613        1895.722    1964.387              29              48
  113        -374.973    -652.554        1104.427   -2553.769             113              88
  161       -3409.825    -475.829       -1262.645     523.127             161             114
    6         112.533   -1496.839         899.958    -572.713               6              34
    5        -658.095   -1303.313        -695.318     374.604               5              36
  160        2241.190    -756.597        1636.255    -594.811             160             111
   94        -803.375   -2556.210       -1337.488   -1618.308              94              80
  179         249.168    1850.009        -961.197    1037.639             179             121
   95         428.361    1154.241         626.690     697.110              95              81
  197         698.493     188.447         663.523    -364.017             197             130
   58        -169.884    -453.782          -9.220    -309.174              58              62
  170         674.221     972.546         139.364     194.572             170             116
  113         674.732     515.095        1449.553    -277.710             113              90
   83       -1026.581   -2641.104        -295.125   -2545.564              83              73
  212       -1795.561     270.609       -1861.713     344.768             212             139
   25        -838.418     323.506         132.828    -101.388              25              44
  212       -1244.464   -1231.805       -1399.272     212.178             212             139
  182         758.983    2737.378          16.374    1363.892             182             122
  102        -703.932     153.565         937.390     549.690             102              84
   85        1055.245   -1604.833         305.942    -728.209              85              74
   51         100.313    1109.873        -450.166     949.495              51              59
  244        2154.999    1071.824        1751.883      98.271             244             153
   32        -751.241    -960.594         145.235   -1178.229              32              49
  247         113.878    -540.084        -215.246    -539.459             247             155
  136       -1130.647     238.957        -649.699     -99.129             136             101
   43         170.763     142.595        -240.732     202.128              43              53
   13        -686.916    1772.794        -517.640     678.567              13              40
  211        -233.933    1532.348         569.304    1154.594             211             137
   93         662.399     638.385        1332.723     449.945              93              80
   95         289.084    -577.179         896.195    -697.615              95              79
  146        -763.835     320.176         437.675     211.888             146             106
  158         327.390   -2529.964        1210.008   -1098.925             158             110
  132         -52.166    -672.579        -934.671    -215.270             132              99
   97         843.441    1057.285        1615.270     721.255              97              80
  144         894.117   -3118.487         922.296   -1739.016             144             105
  163         848.788    -333.169        -215.927    -759.544             163             113
  213       -1010.045     350.264         328.511    -564.476             213             140
  120       -1125.177   -3790.326         335.973   -1332.544             120              91
  105        1818.279   -3245.917       -1047.142   -1442.331             105              86
  215        -435.727    1616.502       -1598.282      11.042             215             139
  101         641.633    1463.942        -301.259    1296.229             101              84
   70        1227.808    2431.863        1046.080    -326.871              70              66
   47       -3060.105    -488.847        -845.722    -503.352              47              57
  145         135.273     649.127         301.767     745.135             145             104
   81        -968.050   -1336.629         474.827    -554.047              81              74
  248        1220.523   -1756.053           9.752    -215.596             248             155
  122        1406.076     439.235         401.540    -619.125             122              94
  151       -1256.599    -749.488        -642.021   -1218.978             151             107
   42       -1216.771     -12.608       -1400.760     225.578              42              54
   33        -385.176    1360.145        -259.434     721.435              33              48
  204         -73.652    -217.289          63.120     472.207             204             135
   55        1422.265     821.923          46.452    -145.656              55              59
  254       -1707.132    2504.812        -477.336     745.123             254             160
  161        -652.367     -83.392         783.728     176.124             161             112
  255       -1162.723    -180.872        -600.291     309.611             255             161
   90         682.403     574.760        1114.195     770.443              90              76
    3        -663.534   -1040.095        -121.765    -346.748               3              35
   74        1272.875     674.694         980.354    1112.809              74              68
  122         756.177   -1357.798        1008.488   -1104.373             122              94
  169         178.652    -462.780        -397.157      -2.812             169             116
  242         630.899    1237.005         624.000     518.000             242             154
   39         500.344    -799.489        1278.073    -386.131              39              51
  162         309.922   -1569.230        -178.652    -930.574             162             114
  240         758.608    1094.324         529.764     557.029             240             151
  147        -157.779   -1282.611         551.334   -1087.154             147             107
  166          93.455      14.991        -114.939     738.345             166             114
  152        2662.281    -889.611        2245.937    -587.455             152             109
  225         888.149   -2156.458          44.753   -2190.086             225             144
   59        -682.377      47.259        -804.286    -673.188              59              63
   98        -182.072     154.786        -196.233      65.374              98              80
  131         462.994     -19.766         669.757    -318.652             131              99
    5         751.355   -1749.772         117.985   -1108.543               5              34
  110         733.231    1527.774        -238.362    -353.914             110              88
  178       -1058.307    -440.105         786.151    -993.757             178             120
  205        -869.620   -2649.575       -1316.299   -1996.909             205             136
  132       -1090.440    1936.787       -1328.734    1081.019             132              97
   38        1218.157     805.682        1172.773    -553.423              38              52
  148       -3339.431      61.872       -1201.083   -1189.823             148             105
  119       -1404.946    -924.000        -266.880     -34.205             119              93
   51       -2368.681    -723.917       -1328.314   -1022.881              51              57
  223       -2535.946      11.242       -1207.384    1229.374             223             145
   62         272.043    -658.083         339.598     111.419              62              62
    7       -1489.789    -214.608        -925.980     143.791               7              37
   93        -892.898      14.267          54.273    1071.120              93              78
   26        1116.856   -1599.615         936.193     147.730              26              46
   48        1099.443   -2392.798         301.542   -1195.810              48              55
   50         385.501    -804.872       -1431.126    -403.770              50              58
  188          38.403    2102.206        -248.851    1026.783             188             125
  186         818.171    -551.826         396.573    -197.442             186             126
  123        -412.111     841.566        -515.515    -405.340             123              93
   91       -1571.045    -305.920        -938.076     378.394              91              79
   75         848.475    1459.895          33.487     977.526              75              69
  255        -481.582     513.947         129.356     140.686             255             161
  222         -32.917    1023.262         216.001     783.792             222             142
   36         259.049    -803.224         975.233    -393.566              36              51
   12        -196.644   -1033.562        -371.434    -765.124              12              37
    5        -977.107    -715.864        -760.857    -327.236               5              36
   72        -704.008     427.388       -1379.758     630.501              72              67
   39         147.355    2332.144        -274.806    1689.405              39              53
  190         205.256    2676.179         738.540    1415.088             190             126
    2        -197.813     489.694        1470.873     587.909               2              34
   12         333.789   -1162.884        1067.372    -361.309              12              37
   20         108.444   -1715.333         448.761    -668.229              20              43
  209        -200.728    -317.176        -331.822     -79.012             209             136
  212        -346.208    -587.324         595.158     465.547             212             139
   48        1554.377   -2313.130         544.162    -569.292              48              55
  177        1224.181    -296.891        -263.362    -238.177             177             122
  214         654.795    1202.192          39.595     484.263             214             138
   27         879.067     101.953         920.997     -20.220              27              47
   77         377.242    -497.028         -72.357    -825.747              77              70
  184        -540.722     703.628        -325.612     327.088             184             125
  141         225.131     175.898         241.516     -74.393             141             102
  205        -771.385     471.008        -449.665     290.890             205             136
   19         174.490    1125.707         339.910     800.139              19              41
  252        -272.526     866.353         440.822     593.421             252             159
  119          92.487     717.767        1362.587     644.181             119              91
  209        -150.027   -2713.509         974.389    -705.970             209             138
  180        2086.623    -591.560         618.480     239.346             180             121
  202         726.567    -566.597        1229.589    -765.348             202             134
  255         547.382   -1070.042         372.100    -120.825             255             159
  197        1673.534   -1532.643        1723.463    -963.522             197             132
  105         792.621   -2246.789        -118.860   -1421.139             105              84
  134        1021.962    -533.468         871.727    -713.565             134             100
   49         283.760   -3039.879         -51.957   -2055.504              49              56
  183         344.305   -1517.647        -825.014   -1263.265             183             125
   43        -519.420     -13.337       -1286.810    -678.064              43              53
   45       -1109.338    -225.950        -604.180    -220.882              45              56
  104        -470.156    -785.438       -1569.532     -95.691             104              83
  189         543.044    2451.165         -55.562    1512.969             189             128
   63         642.488     145.987         604.320    -254.137              63              63
   62        -910.357     210.440        -211.643      14.518              62              64
   52         654.845    -622.629         109.575     655.326              52              57
   48        3368.674     683.521        1973.351     -62.366              48              57
    1         225.874   -1540.947         155.873   -2549.736               1              32
  185       -1785.536      -3.622       -1135.892    -826.452             185             126
  213       -2384.461   -1189.567       -1581.109    -803.290             213             138
   91       -1163.846    1098.352       -1125.599    1589.412              91              79
    8        1031.825    -263.176         780.146      55.404               8              35
   84        -804.444    -279.905        -789.254     -72.180              84              75
  248         705.807     684.342         -32.450    1144.007             248             155
  124        1722.183     662.445        1704.921      67.152             124              95
  206        -292.810   -3101.497        -434.793   -2033.099             206             134
  251          54.117    1262.298       -1214.328     871.106             251             159
  176         468.103    -133.180         329.819     -17.307             176             119
  145        1676.922    1132.925        -129.783     735.360             145             106
   65        1081.468    1579.413         998.848    -571.494              65              64
   14       -1524.337    -130.722        -391.953    -353.360              14              40
   81         537.642    -868.032        -118.143    -807.130              81              72
   67       -1605.469    2188.894       -1353.299     828.675              67              67
  199         535.247     426.378        1223.495     606.343             199             131
  120         146.789     199.966        -129.233    -256.509             120              93
   23         577.754     371.753        1052.066      11.456              23              43
   39         -20.302    -677.235         -70.917    -982.995              39              53
  112          83.060     216.096         391.008    -557.348             112              87
   74       -1906.589    -878.860        -963.084   -1399.765              74              70
  129       -1833.792     149.249       -1147.458     272.429             129              96
  205       -1608.198     602.775        -689.532     413.829             205             136
  150        -612.887    -294.169         143.508     692.966             150             106
   47           1.274    -547.592          44.649    -178.799              47              57
   50         229.627   -1055.381         111.445      13.090              50              56
   16         423.564    -100.617        -772.194    -755.474              16              41
  159       -2089.142    2157.004       -1272.555    1466.314             159             111
   35        1195.043    1717.323        1370.411    1402.120              35              51
  192        -223.882    -391.505        1272.546    -716.037             192             127
  155        -884.635   -2101.707         -34.360   -1048.120             155             111
  171       -1262.816   -1263.147        -756.258    -464.144             171             117
  147        -977.895    -903.170        -803.172     410.383             147             107
   99        1002.121     -64.648          93.178     953.441              99              81
   41        1174.431     546.774         792.497      92.460              41              54
  131        -419.978   -1549.079          59.586    -301.483             131              97
  120        2138.999       3.203         210.609     261.365             120              93
   50         402.001     719.963         830.198    -262.456              50              56
  111         310.902   -1965.354         186.837   -1330.034             111              89
  221       -1292.501    -329.564       -1249.204    -504.001             221             142
   86        -147.232    -153.528        -155.376     424.603              86              76
  223        -366.226   -1244.107        -515.209    -503.771             223             143
   46         975.043     199.102        -704.284     689.237              46              56
  228         407.091    1505.739         103.973     284.071             228             145
   70          19.272     -24.411        -357.346     289.310              70              68
   76         322.116    2160.103          18.228    1015.939              76              69
  114        1340.439     -85.465        1598.634     132.902             114              90
   29        -278.273    -767.013        -517.342   -1575.800              29              46
   71       -1119.500     774.504        -580.844    1119.447              71              69
   26         937.276     -17.980         425.010    -549.518              26              44
   91       -1435.426     859.867        -551.763    1052.982              91              79
  254        2469.197    -657.240        1519.139    -340.191             254             158
  133        -594.649     399.898        -561.216    -564.569             133             100
  116        -211.784     -12.551         262.065    -368.737             116              89
   53       -1722.000      -0.314       -1026.000       0.000              53              36
  151        -211.584      12.413         262.058     368.739             151              34
  210        -594.202    -400.102        -561.217     564.567             210              36
   91        2468.986     657.985        1519.137     340.196              91              34
  155       -1435.251    -860.438        -551.760   -1052.983             155              36
   70         937.273      18.284         425.007     549.519              70              34
   13       -1119.248    -774.821        -580.842   -1119.449              13              36
  241        -278.268     766.935        -517.348    1575.798             241              34
  117        1340.536      85.672        1598.634    -132.900             117              36
  216         322.773   -2160.005          18.230   -1015.939             216              34
  219          19.256      24.581        -357.345    -289.310             219              36
  251         407.618   -1505.370         103.973    -284.071             251              34
   56         974.973    -198.313        -704.283    -689.239              56              36
  107        -366.834    1244.271        -515.212     503.770             107              34
  101        -147.406     153.621        -155.375    -424.602             101              36
  201       -1292.535     329.368       -1249.205     503.998             201              34
   33         310.482    1965.444         186.835    1330.034              33              36
  108         402.448    -719.924         830.196     262.458             108              34
   53        2138.925      -2.310         210.609    -261.363              53              36
   54        -420.678    1548.940          59.586     301.483              54              34
   83        1174.488    -546.445         792.497     -92.459              83              36
   96        1001.672      65.140          93.179    -953.440              96              34
   23        -978.639     902.992        -803.171    -410.384              23              36
   60       -1263.415    1262.748        -756.258     464.142              60              34
  144        -885.315    2101.107         -34.362    1048.120             144              36
  240        -223.913     390.826        1272.543     716.040             240              34
  253        1195.436   -1717.341        1370.415   -1402.115             253              36
  211       -2088.530   -2157.604       -1272.551   -1466.318             211              34
  181         423.635     101.090        -772.196     755.472             181              36
  220         229.171    1055.573         111.445     -13.089             220              34
  181           0.869     547.510          44.648     178.801             181              36
  111        -613.269     293.803         143.512    -692.965             111              34
  110       -1608.172    -603.397        -689.532    -413.831             110              36
   29       -1833.681    -149.794       -1147.459    -272.432              29              34
   68       -1906.510     878.184        -963.088    1399.763              68              36
   26          83.578    -216.170         391.007     557.350              26              34
  168         -20.207     677.083         -70.919     982.995             168              36
  115         578.091    -371.771        1052.066     -11.452             115              34
  124         146.965    -200.086        -129.233     256.509             124              36
  109         535.360    -426.415        1223.497    -606.340             109              34
  172       -1604.625   -2189.345       -1353.299    -828.678             172              36
    0         537.560     868.388        -118.145     807.131              -0              34
   25       -1524.052     130.058        -391.955     353.359              25              36
  222        1082.474   -1579.100         998.846     571.498             222              34
  226        1677.431   -1132.112        -129.782    -735.362             226              36
  128         467.999     133.591         329.817      17.309             128              34
  188          54.529   -1261.843       -1214.326    -871.108             188              36
  193        -293.684    3101.570        -434.798    2033.100             193              34
  181        1722.459    -662.068        1704.921     -67.150             181              36
  198         705.783    -684.009         -32.448   -1144.007             198              34
  120        -804.672     279.789        -789.253      72.179             120              36
  126        1031.543     263.555         780.146     -55.401             126              34
   79       -1163.807   -1098.536       -1125.594   -1589.415              79              36
  137       -2384.810    1189.005       -1581.113     803.286             137              34
  225       -1785.008       3.156       -1135.892     826.451             225              36
    2         226.107    1541.009         155.867    2549.735               2              34
  249        3369.156    -682.457        1973.350      62.369             249              36
  126         654.387     622.859         109.577    -655.326             126              34
  245        -910.314    -210.810        -211.642     -14.518             245              36
  103         642.634    -145.856         604.319     254.139             103              34
   40         543.780   -2450.712         -55.559   -1512.969              40              36
   90        -470.527     785.781       -1569.533      95.687              90              34
  157       -1109.313     225.915        -604.180     220.881             157              36
  173        -519.111      13.636       -1286.810     678.062             173              34
   15         344.129    1518.285        -825.015    1263.265              15              36
    5         283.056    3040.104         -51.963    2055.504               5              34
   75        1022.047     533.803         871.727     713.567              75              36
  210         792.068    2247.050        -118.863    1421.138             210              34
  185        1673.074    1532.971        1723.462     963.525             185              36
   70         546.977    1069.933         372.099     120.824              70              34
  150         726.416     566.585        1229.587     765.351             150              36
  231        2086.228     592.117         618.481    -239.346             231              34
  169        -151.266    2712.986         974.388     705.971             169              36
  218          92.532    -718.417        1362.588    -644.179             218              34
   52        -272.362    -866.843         440.822    -593.420              52              36
  191         174.753   -1125.829         339.912    -800.138             191              34
  203        -771.254    -471.308        -449.664    -290.891             203              36
   95         225.236    -175.876         241.515      74.393              95              34
   37        -540.385    -703.778        -325.611    -327.088              37              36
   24         377.276     497.180         -72.357     825.746              24              34
  207         879.210    -101.750         920.997      20.220             207              36
  113         655.244   -1201.846          39.595    -484.263             113              34
  231        1224.055     297.662        -263.363     238.177             231              36
  123        1553.311    2313.717         544.160     569.293             123              34
  170        -346.748     587.002         595.159    -465.546             170              36
  152        -200.995     317.013        -331.822      79.011             152              34
  196         107.758    1715.146         448.760     668.230             196              36
  255         333.236    1162.420        1067.371     361.311             255              34
  255        -197.811    -490.473        1470.874    -587.907             255              36
   62         206.002   -2676.501         738.542   -1415.087              62              34
   98         147.893   -2331.934        -274.803   -1689.405              98              36
  160        -704.088    -427.238       -1379.756    -630.504             160              34
  255        -977.384     715.789        -760.857     327.235             255              36
  121        -196.924    1033.499        -371.435     765.123             121              34
   70         258.768     803.049         975.231     393.570              70              36
   70         -32.665   -1023.511         216.005    -783.791              70              34
  115        -481.427    -514.201         129.358    -140.686             115              36
  190         848.819   -1459.519          33.488    -977.527             190              34
  198       -1571.251     305.540        -938.076    -378.395             198              36
  246        -411.640    -841.569        -515.517     405.337             246              34
   52         818.068     552.186         396.572     197.444              52              36
  165          39.080   -2101.893        -248.848   -1026.784             165              34
  191         385.233     805.610       -1431.127     403.766             191              36
  113        1098.503    2393.414         301.539    1195.811             113              34
   59        1115.866    1599.828         936.192    -147.728              59              36
  160        -893.427     -14.743          54.275   -1071.118             160              34
  208       -1490.127     214.079        -925.979    -143.792             208              36
  151         271.465     658.114         339.598    -111.417             151              34
   63       -2536.314     -12.132       -1207.381   -1229.375              63              36
  127       -2368.911     723.104       -1328.317    1022.877             127              34
  100       -1405.149     923.339        -266.880      34.206             100              36
  125       -3338.932     -63.269       -1201.084    1189.820             125              34
  235        1218.917    -805.440        1172.772     553.424             235              36
   78       -1089.602   -1936.850       -1328.730   -1081.021              78              34
   22        -870.166    2649.502       -1316.302    1996.907              22              36
   77       -1057.934     439.492         786.150     993.759              77              34
   33         734.264   -1527.460        -238.362     353.915              33              36
  103         751.066    1750.139         117.983    1108.543             103              34
  124         463.153      19.809         669.757     318.655             124              36
   14        -181.853    -154.816        -196.231     -65.375              14              34
  182        -681.976     -47.269        -804.288     673.186             182              36
  156         887.935    2156.813          44.748    2190.087             156              34
   64        2662.088     890.261        2245.936     587.461              64              36
  255          93.317     -15.110        -114.935    -738.346             255              34
   20        -158.141    1282.336         551.333    1087.155              20              36
   65         759.065   -1094.183         529.768    -557.027              65              34
  227         309.434    1569.289        -178.654     930.574             227              36
  243         500.123     799.290        1278.077     386.137             243              34
  217         631.303   -1236.985         624.000    -518.000             217              36
  141         178.497     462.870        -397.159       2.806             141              34
  198         755.727    1357.826        1008.485    1104.375             198              36
  178        1272.878    -674.506         980.357   -1112.808             178              34
   93        -664.109    1039.638        -121.766     346.747              93              36
   97         682.373    -574.835        1114.197    -770.440              97              34
  127       -1163.011     180.237        -600.291    -309.613             127              36
  217        -652.457      82.745         783.728    -176.122             217              34
  134       -1706.083   -2505.583        -477.335    -745.124             134              36
   60        1422.715    -821.284          46.450     145.656              60              34
  157         -73.842     217.308          63.121    -472.207             157              36
  154        -384.824   -1360.168        -259.432    -721.435             154              34
   90       -1216.742      12.482       -1400.760    -225.581              90              36
  143       -1256.490     749.199        -642.025    1218.976             143              34
  160        1406.536    -438.588         401.537     619.126             160              36
  133        1219.811    1756.576           9.753     215.597             133              34
  126        -968.640    1336.027         474.825     554.047             126              36
  196         135.375    -649.361         301.769    -745.134             196              34
  204       -3060.021     487.523        -845.723     503.350             204              36
  134        1229.102   -2431.596        1046.079     326.874             134              34
   65         642.241   -1463.410        -301.256   -1296.230              65              36
  133        -435.001   -1615.867       -1598.283     -11.045             133              34
   81        1817.196    3247.234       -1047.144    1442.329              81              36
  204       -1126.559    3789.796         335.971    1332.545             204              34
  127       -1009.656    -350.927         328.510     564.476             127              36
  176         848.996     333.523        -215.928     759.543             176              34
   67         893.190    3118.521         922.291    1739.018              67              36
   36         843.750   -1057.365        1615.273    -721.249              36              34
  239         -52.460     672.552        -934.671     215.269             239              36
  250         326.473    2529.712        1210.006    1098.928             250              34
   28        -763.711    -320.977         437.675    -211.887              28              36
  237         289.011     576.788         896.194     697.619             237              34
  203         662.577    -638.712        1332.724    -449.943             203              36
  185        -233.532   -1532.780         569.307   -1154.593             185              34
  178        -686.305   -1773.036        -517.638    -678.569             178              36
  119         170.832    -142.421        -240.732    -202.129             119              34
  194       -1130.465    -239.257        -649.699      99.128             194              36
  180         113.907     540.151        -215.247     539.458             180              34
  240        -751.228     960.111         145.233    1178.229             240              36
   47        2155.541   -1071.349        1751.884     -98.267              47              34
   12         100.617   -1109.733        -450.165    -949.497              12              36
  168        1054.568    1605.156         305.939     728.210             168              34
  222        -704.022    -154.176         937.391    -549.689             222              36
  165         759.726   -2737.062          16.377   -1363.890             165              34
   82       -1245.087    1231.616       -1399.270    -212.181              82              36
  182        -838.358    -323.773         132.828     101.388             182              34
  220       -1795.323    -270.989       -1861.713    -344.772             220              36
  175       -1027.023    2640.669        -295.131    2545.564             175              34
  121         675.309    -515.257        1449.552     277.711             121              36
   30         674.719    -972.404         139.364    -194.572              30              34
   22        -169.876     453.685          -9.220     309.174              22              36
  224         698.709    -188.385         663.522     364.019             224              34
   96         428.783   -1154.149         626.693    -697.108              96              36
   42         249.764   -1849.497        -961.193   -1037.642              42              34
   56        -804.071    2556.304       -1337.490    1618.304              56              36
   66        2240.904     757.330        1636.255     594.815              66              34
  237        -658.820    1303.025        -695.318    -374.605             237              36
  217         111.730    1496.581         899.956     572.715             217              34
  156       -3409.938     474.251       -1262.644    -523.131             156              36
  164        -374.661     651.827        1104.419    2553.773             164              34
  145        2047.557   -2363.369        1895.726   -1964.383             145              36
  148       -1643.039   -1354.172       -1051.647    -692.780             148              34
   59        -907.501   -1252.549        -404.383    -630.657              59              36
  150       -1181.408   -1164.552       -1559.873     335.098             150              34
    3         475.621    1544.256        -264.986    1217.265               3              36
  200         145.557     267.274         216.184     440.123             200              34
  143        -679.231     697.152        -305.449     390.327             143              36
  220         -14.293    -478.702          59.709     557.208             220              34
   25        -118.557    1146.174        -348.961     600.337              25              36
   99         228.743       8.731         561.845     713.666              99              34
   92        -462.551     790.669        -405.768      30.805              92              36
  136       -1183.077    -300.086         -91.154    1076.839             136              34
  218         993.740    1327.572        -154.578    1202.387             218              36
   20         432.822    1426.848        1746.884    1428.162              20              34
  202         827.973   -1398.343         759.612    -636.288             202              36
  177         -49.729    -239.509         780.310     472.374             177              34
  132         820.194   -1955.829         173.118    -562.169             132              36
    3        1136.760     565.168         811.407     727.245               3              34
  177         686.759   -2158.842         358.585   -1130.752             177              36
  205        1441.033     434.951          93.183     449.474             205              34
  171        -271.198    -151.078         -45.791    -855.341             171              36
  222         171.373     458.983         191.738    1005.552             222              34
   96         395.066   -1510.410         670.796   -1566.910              96              36
   16        -783.413   -1219.457       -1111.104     215.798              16              34
  195         992.356    -315.683         -51.317    -804.174             195              36
  150       -1769.698     245.482       -1751.174     841.819             150              34
   18        2043.581    1229.439         652.267     599.541              18              36
  237       -1849.899     699.227       -1135.151    -159.204             237              34
  228       -1099.271    1356.609        -598.516    1656.989             228              36
  126        1385.084      63.806        1251.736     916.919             126              34
   33         497.946    -899.127        -154.997   -1274.385              33              36
   13       -2014.998     382.615       -1735.695    1124.063              13              34
   64        2411.574    1993.693         302.455    1457.887              64              36
  123        -947.155    2734.476         340.449     673.110             123              34
  215       -1075.307    -779.119        -392.430     277.595             215              36
  170        -113.591    2693.466        -155.638    1990.619             170              34
  167         615.684    -283.552        1379.452     480.913             167              36
   20         683.493    1060.802        -133.022     594.841              20              34
  177          24.779    1235.974        1223.220     781.178             177              36
  255         184.742    -686.996         503.379    -620.780             255              34
   21       -1853.705    -553.381        -562.967      58.490              21              36
  246         868.298     474.313         -30.950     590.645             246              34
  232       -3106.124     995.917        -443.819     353.586             232              36
   50         229.985   -1920.598         231.839     995.003              50              34
  214        -726.764      60.879        -532.792    -158.624             214              36
  237        -249.942    -334.851        -514.131    1919.313             237              34
   92        1007.301     874.273         568.136     229.814              92              36
   59       -1495.375    -436.386       -1304.720    1550.866              59              34
   97        2698.815    2910.439        1328.558    2339.479              97              36
  244         402.287    -579.735        1128.097    -186.047             244              34
    5        -894.117     500.376        -876.323     949.280               5              36
   57        1758.489     338.660        1283.836    1628.880              57              34
   10         402.217     496.188        -288.114    -107.023              10              36
  147         174.539    2010.954         301.343    2252.454             147              34
   41        -456.703     809.535         576.705     259.184              41              36
  196        -401.313    -398.728         -70.077    1972.693             196              34
  151        1618.439    1926.425         817.460    1336.648             151              36
  129         624.335     262.967        1490.459    1435.247             129              34
  197        -316.559    -481.333        -344.366    -211.276             197              36
   78         559.733    1893.031         497.542    3296.830              78              34
  191         394.722     631.688        1322.700     -96.817             191              36
   22       -1487.351    -866.744        -350.230    2422.938              22              34
   83         580.058     943.022         355.801    1546.490              83              36
  121        1589.853     615.319        1553.928    4075.515             121              34
   62         349.630     264.102         906.000      84.962              62              36
  133         456.642    -559.587         801.603    5918.576             133              34
  162        -701.010     611.485         319.359     529.178             162              36
   44         977.868   -2532.899        1377.090   18745.403              44              34
