SINAL     NFT                         FFT                         NFT INVERSA     FFT INVERSA
-----     -----------------------     -----------------------     -----------     -----------
  172       64815.000       0.000       35089.495       0.000             172             120
  241        -320.978    -886.824          34.820  -20249.603             241             155
  130       -1099.203     279.385          19.671     556.429             130              99
  171        1657.581   -1443.561        1388.992   -6667.739             171             120
   50         340.602    -755.504         -44.060   -1569.643              50              59
   89       -2104.638      -2.602        -782.993   -3566.998              89              79
  167        1042.379   -1529.010         619.028    -481.405             167             118
  116       -1014.137     233.134       -1369.190   -2959.861             116              92
  143         -39.687    1249.429         502.010    1224.622             143             106
   46         320.605    -850.031         268.120   -2498.591              46              57
   84         847.642     841.375         539.868     406.012              84              76
   90        -661.195    -676.797         226.209   -2713.786              90              79
  200        -870.625    -760.435        -489.965    -104.259             200             134
  159       -1153.937    -297.439        -895.707   -1514.394             159             114
  199           1.954     576.691          16.830    1576.706             199             134
   62        1612.527    -383.697         720.381   -1602.108              62              65
   95        -651.181     743.166        -471.804     746.109              95              82
   24        1693.959      97.162         607.618    -646.423              24              46
   98         727.288    2482.707         278.965     939.253              98              83
  177         435.174     915.578        1336.566    -738.561             177             123
  138        -506.185     506.980         648.183     219.714             138             103
  185         705.861   -1815.493        1523.705    -987.810             185             127
   92        3032.634   -1318.274        1107.306   -1039.823              92              80
  160        -550.383    -150.776         -53.588   -2330.211             160             114
  138        -626.751    -821.495        -510.176     -59.404             138             103
  243         754.935     307.264         -38.531   -1519.465             243             156
  230       -2574.221    1665.518       -1095.293     689.914             230             149
  248         188.519    -451.662        1097.204     104.709             248             158
  128        2064.668    -773.891         917.917    -576.006             128              98
    9        -842.811    -148.230        -173.882   -2047.488               9              39
  102       -2053.419    -526.802       -1239.510     524.452             102              85
  229        1486.468     547.596         412.278    -450.745             229             149
  236       -2285.248    1844.139        -847.471     772.154             236             152
  150         564.790    -739.104        1407.376     245.155             150             109
    3        1250.552    -654.416          58.545    -409.571               3              36
  249         428.095    1423.495         608.835    -121.225             249             159
    5        -362.573    -122.194         325.914     -98.736               5              37
   72         441.042    -170.227         666.409    -841.203              72              70
   77       -1651.236       9.006        -832.334      24.399              77              73
   87         868.353     724.077        1182.581     691.653              87              78
  200         315.878   -1220.921         580.850    -986.074             200             134
   32         -42.072     452.586         -45.363      89.685              32              50
  159         457.315     166.670        1016.771      66.014             159             114
  191         371.634    -683.584         697.182    -905.590             191             130
   51        -893.517    -719.313         158.754    -476.446              51              60
  213         204.580   -1480.868         282.483    -485.688             213             141
  172         442.977    -742.715         293.722    -283.041             172             120
   26        1090.768   -1226.384          85.111    -515.284              26              47
   49        1275.506    1830.681         425.032     409.595              49              59
  244         241.423    -715.134        1142.521    -853.721             244             156
  195         911.776     -31.883         169.355    -499.906             195             132
  187        -152.033    -138.618        1079.106   -1150.521             187             128
  239       -1585.809   -2019.023        -834.629   -1509.378             239             154
  213        -866.598    -317.523        -258.178     235.572             213             141
    7         920.634   -1904.529         491.312   -1123.487               7              38
  123       -1025.787    -770.693       -1461.702    -812.715             123              96
  154          43.694    1646.507        -198.692     970.086             154             111
  175       -1067.713    -768.981         122.749    -615.979             175             122
  184          81.905    -343.647        -568.038     615.033             184             126
  104         654.283     341.359         358.495     141.343             104              86
  226        1027.003    1399.396         297.698    1054.575             226             147
   47        1000.094     -78.061        1994.996    -721.019              47              58
  225        -139.489   -2102.500        -525.758    -973.691             225             147
   63        1586.057     453.470         904.136    -161.213              63              66
    4         -46.898    -705.133        -478.515   -1350.039               4              36
  209       -1331.026    1109.647        -234.610      99.590             209             139
   91        -546.473   -1548.374        -523.683    -530.463              91              80
   12          90.560    1886.298         -89.833     743.837              12              40
  140        -594.098    -953.515         269.340    -476.211             140             104
   65         282.856     686.007        -310.819     413.729              65              67
  145        -291.310     791.451         388.923     -94.520             145             107
  109       -1678.278     161.000        -135.097     299.703             109              89
  230        -150.830   -1685.100         323.122     -13.403             230             149
   70         962.612      65.771          87.613     834.769              70              69
  191        2366.440    -688.031        1548.327    -680.172             191             130
  128       -1294.065     -98.569       -1625.548    -478.660             128              98
  175        1387.130    2516.313         857.672    1991.141             175             122
  189        -215.162     675.753         708.724    -298.136             189             129
   41         904.184     510.703        1175.619    1476.978              41              55
  154        2424.838    -165.172        2106.621    -844.008             154             111
   17         560.966    -720.942        1044.751    -400.060              17              43
   26        1435.844    -713.229        1062.656   -1403.268              26              47
  144        -765.339     402.434         618.332      49.856             144             106
  111        1353.960   -3219.060        2145.545   -2189.165             111              90
   42        -763.755   -3249.464       -1402.613   -2130.158              42              55
   13         488.640    1106.881        -171.541      54.631              13              41
  154       -1305.470    -909.966         261.223    -932.787             154             111
   59        -632.864   -2132.523        -345.038   -1139.812              59              64
  101       -1306.032   -1301.385        -861.487     -92.203             101              85
   70        1862.303   -1339.542         435.889    -186.485              70              69
   71        -154.110     -73.857        -402.513    -515.206              71              70
  165        1132.746   -1521.144         484.299    -390.553             165             117
  179          53.061    -462.876       -1152.540   -1092.815             179             124
  238         -56.933    1283.280        -422.006    1372.643             238             153
  167        2245.815    1019.525        1188.511    -224.118             167             118
    1        -909.801    -126.917         396.612    -724.513               1              35
  112         105.806   -2307.350        -339.063   -1491.572             112              90
  232       -1274.746    1269.369       -1710.360     498.713             232             150
  182         272.937    1578.533         702.837    1110.662             182             125
   65        -130.981    -124.094         536.954     130.835              65              67
   76        1903.748    -852.239        1577.203    -197.506              76              72
  200         540.903   -1554.549         142.699   -1695.802             200             134
    4         214.412    -170.185          10.022    -420.305               4              36
  168       -1022.219   -1295.001        -542.583   -1448.432             168             118
  202        -678.068    -106.707        -941.344     761.703             202             135
  104        2112.146     141.717        1200.702    -387.712             104              86
   53       -1216.207   -1062.000        -661.056   -1502.504              53              61
  213       -1200.400    -524.790       -1308.828      54.573             213             141
  129         353.336     878.583        -118.804     695.190             129              99
  185         227.264    -148.618          11.187    -219.733             185             127
   53        -111.965     931.086        -258.989     369.592              53              61
  201        -194.172    -267.643         274.237       8.293             201             135
   70         753.508    -144.788         -46.213     -57.106              70              69
  244        -537.056     785.174        -313.238     201.341             244             156
  219        1065.500     550.446         870.664     846.474             219             144
   29         671.843    -626.363         600.618   -1374.829              29              49
    2       -1893.665     267.558        -943.976     716.501               2              35
  225        2658.180    -796.448        1761.999     291.998             225             147
  172        1529.258    -619.795         618.419   -1283.056             172             120
  128         213.720   -1324.799          42.693   -1539.078             128              98
   11       -1469.920    -111.173       -1620.537    -643.439              11              40
  145          14.143     123.196        -271.649     702.336             145             107
   61        1515.750    1276.248         117.428     -79.175              61              65
   85       -1141.536     125.137          63.767    -611.807              85              77
   86        -489.351    -261.982       -1451.784    -300.987              86              77
  171       -1193.622    3550.097        -391.151    1782.407             171             120
  221         458.317       1.616        1668.971     384.410             221             145
   55        -153.195   -2101.492          55.236   -1457.915              55              62
   65        -489.026     544.000       -1065.000     648.000              65              67
  115         881.843     299.865         986.307     346.101             115              92
  194         963.544    -103.923        -428.550    -419.945             194             131
  154        -570.597    2742.146         246.825     837.036             154             111
  146        -175.830    -511.896         754.384      48.522             146             107
   53         749.302    -528.972         841.343    -449.353              53              61
  118         186.278   -1052.714        -425.805    -770.458             118              93
  171         493.962    2257.297         333.297     979.420             171             120
  201        1154.761    -904.947        1627.046   -1296.806             201             135
   29       -1993.314    -423.801       -1318.756   -1334.868              29              49
  113        -562.561     458.857         185.481     659.066             113              91
  168        -760.573    -693.897        -121.352   -1728.599             168             118
    4       -4152.362      -6.256       -1798.110     509.170               4              36
  207        -707.596   -1455.882         -16.173     414.407             207             138
  142        -522.535    -132.592        -919.639    1273.934             142             105
  233        2563.162     432.881        2027.467    1030.895             233             151
  210         890.299   -2458.212         256.557   -1452.384             210             139
   35        1165.973     385.994        -462.309     255.082              35              52
  221         257.546    1435.595        -119.035     387.695             221             145
  208         766.315    1639.004         911.603    1034.681             208             138
   87        1125.302    -206.212        1682.660    -689.491              87              78
   98        -444.031   -1908.774         454.921   -1497.009              98              83
   33        -377.333   -2494.382        -591.780   -1403.491              33              51
  239        -661.665    -459.650       -1489.172    -308.816             239             154
  136          76.968    1290.078        -483.044    1005.831             136             102
   58         220.456     461.268         278.210    -122.078              58              63
  221        -972.751     175.837        -861.684     464.619             221             145
  124         918.656    1344.830         606.517    1028.145             124              96
  167         285.296    -265.947         454.906     159.768             167             118
    6        2399.186     825.300         949.982     456.664               6              37
  100         466.370    1025.184        1154.743    -722.071             100              84
  120        -910.427   -1855.527         181.296   -1335.946             120              94
  117        -920.758   -1057.710       -1054.347    -695.920             117              93
  172        -300.519     522.615        -693.462     583.239             172             120
  247         161.461    1604.692         213.090     691.269             247             158
   38        -432.941    -284.638         558.543    -110.997              38              53
   74        -298.959    -331.090        -257.341       3.175              74              71
   86         -37.826      81.501         302.976     466.159              86              77
  254         674.297      95.649         511.473     385.851             254             161
  192         940.088   -1000.951        1241.797    -282.869             192             130
  233        1347.166   -1587.991         162.642    -968.220             233             151
  112         273.176    -361.789          12.519    -638.491             112              90
  243         420.210    -580.866        -866.919    -216.403             243             156
  246        1142.102    2417.910         446.008     598.682             246             157
   59       -1004.934      51.531        -129.238    -733.402              59              64
  135       -1392.948    1186.853        -304.774     908.569             135             102
  220         797.642   -1621.572        1315.636     -23.286             220             144
  139        1568.874   -1383.495         -64.825   -1296.364             139             104
   23       -1313.183    1158.948       -1015.260     369.932              23              46
   20         889.532      -9.102         633.946     486.842              20              44
  137         312.549     475.894        -284.387      11.360             137             103
  209        1182.257    1359.395        1066.282     917.207             209             139
  250         837.004    -654.961         909.652   -1009.401             250             159
  150         577.075    -260.520         219.433    -313.301             150             109
  245         544.631     215.066         322.772    -989.362             245             157
  111       -1612.572    -262.037        -520.751    -704.645             111              90
  182       -1252.819    -285.451        -935.262    -180.192             182             125
  205       -1035.960     771.366        -267.827     886.906             205             137
  182         223.848    -802.834         219.500     132.566             182             125
   69         669.873     494.785          98.280     716.935              69              69
  210        1341.140     266.844         873.417     237.375             210             139
  130        1259.058     320.434         853.043      20.829             130              99
  144         797.057    -681.989         734.578   -1041.489             144             106
  129        -425.946    -355.200        -731.444    -120.484             129              99
  183        2314.565    1633.134        1136.516     625.962             183             126
   82        -162.515     159.310         760.593   -1381.383              82              75
  155       -1059.415    -478.633        -339.067    -455.981             155             112
  110        -778.201    -306.323         111.545    -511.560             110              89
   97        -206.780   -1208.088         -47.645      15.525              97              83
  173        1901.739    -717.991         700.826   -1012.762             173             121
   38       -1339.619     547.897       -1228.408    -694.329              38              53
  135        -963.603     756.135         222.659     353.847             135             102
  179        -780.667   -1403.556        -532.470    -911.691             179             124
  133       -1823.878     991.575        -994.471     520.815             133             101
  122        -971.896    -492.385        -155.620    1304.368             122              95
  200        3193.900      45.458        1840.525     648.477             200             134
  100         887.436   -1685.599         485.396   -1474.166             100              84
   49         907.031     455.688        -340.927     165.749              49              59
   53         962.026     924.647         846.943     230.472              53              61
  104        2060.689    -460.161        1613.305   -1086.769             104              86
  231       -1313.661   -1978.339        -586.502   -2494.626             231             150
  121       -1131.402   -1017.255       -1457.752    -391.051             121              95
  187         -56.187     247.631        -925.918    -221.727             187             128
  202        -501.877    1474.733        -864.052     324.176             202             135
   43       -1632.794    1357.620        -843.136     798.911              43              56
   13        1542.801    1093.838         967.851    1250.935              13              41
  158         735.541     451.297         571.010    -992.347             158             113
  211       -1107.914     605.734        -340.023      90.766             211             140
   19        -167.611     -19.446         -57.526    -240.861              19              44
   21          -4.894    1059.875        -150.711     253.918              21              45
  180       -1192.464    1411.482        -440.814     209.357             180             124
  207        -372.639    1820.269         825.122    1372.012             207             138
  100          25.680    -827.392        1191.052    -646.249             100              84
  156         528.089    -665.605        1006.891     -41.758             156             112
   71         692.619   -2714.660         621.840   -2148.389              71              70
   81        -153.622      94.295        -955.209    -272.450              81              75
   36        -331.789    -138.096         132.882    -968.192              36              52
   44        -670.429     341.966        -893.430      19.814              44              56
   65        -448.588     889.260         116.601    -692.718              65              67
   99       -2686.314    1059.763       -1095.733     286.525              99              84
  105       -1268.066    -539.114         571.290     -40.399             105              87
  254        -380.847    -744.733        -501.655    -276.137             254             161
   73       -1970.179     373.231         -20.854    -370.937              73              71
   63       -1546.188   -1814.536        -701.744     349.478              63              66
   50         703.491    -323.789         628.587    -266.210              50              59
   89        -871.017   -1193.305        -711.961     -70.735              89              79
  208         824.771     182.365         862.370    -443.853             208             138
  185       -2388.870   -2382.621       -1510.898   -1048.635             185             127
  222         607.366     972.922        -244.356     868.065             222             145
   99       -1252.286    -874.864        -412.153    -777.131              99              84
    5       -1564.257     278.394       -1302.927     545.293               5              37
   11        -607.095     202.356        -131.312    1249.578              11              40
  164        1509.856     -10.841         921.441     196.619             164             116
  151        -604.781   -1188.492        -297.940    -697.207             151             110
  187        -223.111     239.360        -735.776     252.744             187             128
  142        -820.260     478.095        -322.000     742.012             142             105
   72         750.009     149.628         384.809     410.658              72              70
  243        -428.557    -144.134        -124.829     -24.322             243             156
  104        -337.032     -49.602        -347.685     348.364             104              86
  230         223.026     744.334        -149.874    1102.958             230             149
  132         734.689    1538.470        1084.283     736.099             132             100
  212        -258.970   -1423.414         880.248     177.114             212             140
  200        2907.468   -1504.073        1558.604    -806.982             200             134
  163        -843.207   -2281.592        -852.862   -1787.453             163             116
  164         606.853     861.732       -1002.045     941.122             164             116
   44         688.799    1133.112         879.916     223.341              44              56
  213        -136.035    -829.693         -65.241    -665.967             213             141
   12        -393.097    -345.052        -362.361      93.841              12              40
  112        1019.000       0.253          93.000       0.000             112              37
  121        -393.277     345.053        -362.368     -93.842             121              37
  144        -136.214     829.595         -65.242     665.967             144              37
   58         689.258   -1132.882         879.915    -223.340              58              37
  198         607.083    -861.121       -1002.044    -941.125             198              37
   38        -843.814    2281.608        -852.868    1787.450              38              37
  155        2906.941    1504.926        1558.601     806.986             155              37
   11        -259.745    1422.901         880.248    -177.112              11              37
  244         735.002   -1538.566        1084.284    -736.096             244              37
  192         222.978    -744.238        -149.872   -1102.958             192              37
  143        -337.299      49.554        -347.684    -348.365             143              37
  112        -428.720     143.983        -124.830      24.321             112              37
   94         749.854    -149.409         384.810    -410.657              94              37
   88        -820.341    -478.318        -321.998    -742.014              88              37
   12        -223.153    -239.246        -735.775    -252.746              12              37
  101        -605.200    1188.355        -297.944     697.205             101              37
  199        1509.634      11.260         921.441    -196.616             199              37
  153        -607.498    -202.560        -131.309   -1249.578             153              37
   72       -1564.420    -278.793       -1302.924    -545.296              72              37
  190       -1252.564     874.503        -412.156     777.129             190              37
  121         607.558    -972.523        -244.355    -868.065             121              37
  217       -2389.694    2381.932       -1510.901    1048.630             217              37
  139         824.900    -182.165         862.368     443.856             139              37
   22        -871.500    1192.993        -711.961      70.732              22              37
  146         703.172     323.965         628.586     266.212             146              37
   90       -1547.113    1813.800        -701.743    -349.479              90              37
  142       -1970.056    -374.179         -20.854     370.938             142              37
  130        -381.054     744.400        -501.654     276.135             130              37
  237       -1268.323     538.303         571.290      40.400             237              37
   33       -2685.724   -1060.981       -1095.732    -286.529              33              37
   43        -447.864    -889.473         116.599     692.719              43              37
  141        -669.971    -342.127        -893.430     -19.816             141              37
  108        -331.477     138.060         132.881     968.194             108              37
  140        -153.226     -94.165        -955.208     272.447             140              37
  131         691.974    2714.809         621.836    2148.390             131              37
   17         527.942     665.320        1006.892      41.759              17              37
    5          25.388     826.784        1191.051     646.252               5              37
  138        -372.052   -1820.925         825.127   -1372.011             138              37
   58       -1191.852   -1412.059        -440.814    -209.359              58              37
  108          -4.314   -1059.877        -150.710    -253.919             108              37
   79        -167.489      19.356         -57.528     240.861              79              37
  174       -1107.425    -606.217        -340.022     -90.765             174              37
  176         736.042    -451.167         571.008     992.348             176              37
  170        1543.105   -1093.408         967.855   -1250.932             170              37
   78       -1632.413   -1358.097        -843.134    -798.912              78              37
  133        -501.166   -1474.583        -864.049    -324.178             133              37
  119         -55.945    -247.159        -925.918     221.724             119              37
  113       -1131.518    1017.276       -1457.752     391.048             113              37
  125       -1313.717    1977.931        -586.505    2494.625             125              37
  133        2061.072     460.604        1613.303    1086.773             133              37
  171         962.530    -924.412         846.943    -230.471             171              37
  203         907.331    -455.178        -340.927    -165.752             203              37
   42         887.023    1685.948         485.392    1474.167              42              37
   85        3193.605     -44.524        1840.528    -648.472              85              37
  187        -972.655     491.924        -155.618   -1304.368             187              37
  200       -1823.705    -992.180        -994.469    -520.816             200              37
   73        -781.057    1403.255        -532.472     911.690              73              37
   59        -963.202    -756.609         222.660    -353.846              59              37
    7       -1339.008    -548.232       -1228.409     694.327               7              37
  163        1901.772     718.773         700.825    1012.764             163              37
   70        -207.233    1207.944         -47.644     -15.525              70              37
  189        -778.215     305.865         111.545     511.559             189              37
   33       -1059.247     478.037        -339.069     455.981              33              37
   79        -161.910    -159.675         760.591    1381.385              79              37
  108        2315.374   -1632.409        1136.516    -625.961             108              37
   11        -425.960     355.181        -731.445     120.482              11              37
   77         797.093     682.166         734.577    1041.491              77              37
  102        1259.295    -320.164         853.043     -20.829             102              37
   30        1341.156    -266.468         873.416    -237.373              30              37
   81         669.818    -494.528          98.282    -716.935              81              37
  125         223.286     802.860         219.499    -132.565             125              37
  168       -1035.911    -771.779        -267.824    -886.907             168              37
  249       -1252.893     285.061        -935.263     180.191             249              37
  122       -1612.307     261.426        -520.752     704.645             122              37
  206         545.162    -214.943         322.771     989.362             206              37
  174         577.294     260.670         219.432     313.301             174              37
  117         837.010     655.014         909.650    1009.404             117              37
   94        1182.774   -1359.166        1066.286    -917.204              94              37
   84         312.701    -475.726        -284.386     -11.362              84              37
  156         889.433       9.423         633.947    -486.842             156              37
  140       -1312.711   -1159.196       -1015.259    -369.933             140              37
   25        1568.557    1384.232         -64.828    1296.364              25              37
   70         796.880    1621.584        1315.636      23.288              70              37
   81       -1392.651   -1187.602        -304.772    -908.571              81              37
   63       -1004.610     -52.025        -129.241     733.402              63              37
   30        1143.203   -2417.397         446.010    -598.681              30              37
  241         420.129     581.380        -866.920     216.400             241              37
  215         273.229     362.124          12.518     638.492             215              37
  172        1346.729    1588.515         162.641     968.220             172              37
   81         939.662    1001.065        1241.797     282.873              81              37
  251         674.139     -95.641         511.474    -385.850             251              37
  212         -37.998     -81.623         302.978    -466.159             212              37
  245        -299.188     330.869        -257.341      -3.175             245              37
  254        -433.048     284.235         558.543     110.999             254              37
  169         161.990   -1604.734         213.091    -691.269             169              37
  240        -300.400    -522.484        -693.460    -583.240             240              37
   56        -921.046    1057.573       -1054.348     695.919              56              37
   86        -910.725    1854.961         181.293    1335.946              86              37
   69         467.169   -1025.391        1154.742     722.073              69              37
   31        2399.573    -824.566         949.984    -456.663              31              37
  217         285.067     265.940         454.905    -159.768             217              37
   43         918.914   -1344.568         606.519   -1028.143              43              37
   79        -972.813    -176.071        -861.684    -464.621              79              37
  164         220.638    -461.137         278.209     122.080             164              37
  213          77.341   -1289.761        -483.043   -1005.831             213              37
   79        -661.813     459.927       -1489.172     308.812              79              37
  126        -378.031    2494.443        -591.784    1403.489             126              37
  191        -444.389    1908.313         454.918    1497.010             191              37
  196        1125.473     206.073        1682.659     689.495             196              37
  243         766.913   -1639.031         911.607   -1034.678             243              37
  205         258.099   -1435.378        -119.033    -387.696             205              37
  110        1166.145    -385.204        -462.307    -255.084             110              37
  179         889.429    2458.594         256.555    1452.384             179              37
  174        2562.885    -432.169        2027.470   -1030.890             174              37
   44        -523.263     132.495        -919.636   -1273.937              44              37
  245        -708.709    1455.573         -16.172    -414.407             245              37
  115       -4152.492       4.684       -1798.110    -509.174             115              37
  172        -760.471     693.451        -121.357    1728.600             172              37
  149        -562.225    -459.210         185.482    -659.065             149              37
  153       -1993.031     423.041       -1318.759    1334.864             153              37
   54        1154.935     904.993        1627.044    1296.808              54              37
   28         494.902   -2257.246         333.300    -979.419              28              37
  165         186.085    1052.862        -425.806     770.457             165              37
  132         749.192     529.020         841.343     449.356             132              37
  199        -175.993     511.406         754.384     -48.520             199              37
   98        -569.489   -2742.497         246.829    -837.035              98              37
  137         963.696     104.389        -428.551     419.943             137              37
   34         881.874    -299.545         986.311    -346.096              34              37
   85        -488.923    -544.001       -1065.000    -648.000              85              37
  160        -153.849    2101.344          55.229    1457.912             160              37
  108         458.258      -2.015        1668.972    -384.406             108              37
   21       -1192.452   -3550.569        -391.147   -1782.410              21              37
    1        -489.285     262.102       -1451.785     300.984               1              37
  176       -1141.141    -125.485          63.765     611.807             176              37
  253        1516.441   -1275.587         117.428      79.175             253              37
  173          14.159    -122.877        -271.647    -702.337             173              37
  164       -1469.717     111.000       -1620.539     643.436             164              37
   53         213.783    1325.044          42.688    1539.080              53              37
  154        1529.418     620.297         618.417    1283.057             154              37
  133        2657.742     797.227        1761.999    -291.994             133              37
   72       -1893.701    -268.290        -943.974    -716.502              72              37
  203         671.856     626.470         600.615    1374.831             203              37
  169        1065.661    -550.246         870.667    -846.472             169              37
   52        -536.805    -785.319        -313.237    -201.342              52              37
  211         753.484     145.132         -46.213      57.105             211              37
  154        -194.303     267.540         274.237      -8.292             154              37
  116        -111.608    -931.088        -258.988    -369.592             116              37
   82         227.254     148.803          11.187     219.733              82              37
  151         353.540    -878.268        -118.802    -695.190             151              37
   28       -1200.591     524.684       -1308.828     -54.576              28              37
   84       -1216.193    1061.684        -661.059    1502.503              84              37
  144        2112.372    -140.967        1200.701     387.716             144              37
  224        -678.191     106.673        -941.342    -761.705             224              37
  104       -1022.435    1294.756        -542.587    1448.431             104              37
  157         214.709     170.303          10.022     420.305             157              37
   19         540.701    1554.706         142.695    1695.801              19              37
   28        1903.507     852.613        1577.203     197.510              28              37
  137        -131.144     123.699         536.955    -130.835             137              37
  123         273.379   -1578.579         702.840   -1110.660             123              37
   76       -1274.257   -1269.463       -1710.358    -498.717              76              37
  248         105.252    2307.542        -339.065    1491.572             248              37
  108        -909.464     126.378         396.611     724.513             108              37
   61        2246.397   -1018.845        1188.510     224.120              61              37
   49         -56.520   -1283.013        -422.002   -1372.644              49              37
  138          53.059     463.347       -1152.542    1092.812             138              37
  231        1132.305    1521.750         484.298     390.554             231              37
  185        -154.083      73.990        -402.514     515.205             185              37
   90        1861.711    1340.405         435.890     186.487              90              37
  240       -1306.696    1301.083        -861.487      92.201             240              37
  113        -633.541    2132.240        -345.040    1139.811             113              37
   79       -1305.524     909.262         261.222     932.787              79              37
  218         489.310   -1106.580        -171.540     -54.631             218              37
   81        -764.503    3249.397       -1402.617    2130.155              81              37
  140        1353.170    3218.995        2145.540    2189.171             140              37
   66        -764.907    -403.282         618.333     -49.855              66              37
   11        1435.975     713.352        1062.654    1403.271              11              37
   14         561.009     720.677        1044.751     400.061              14              37
   48        2424.877     165.464        2106.618     844.011              48              37
  149         904.163    -510.875        1175.622   -1476.976             149              37
   18        -214.977    -676.244         708.723     298.137              18              37
  162        1387.884   -2515.901         857.676   -1991.140             162              37
  241       -1294.029      98.365       -1625.550     478.654             241              37
   56        2366.294     688.854        1548.325     680.175              56              37
  168         962.295     -65.441          87.615    -834.769             168              37
   86        -151.786    1684.881         323.123      13.404              86              37
  135       -1678.339    -161.941        -135.096    -299.704             135              37
   99        -290.911    -791.762         388.923      94.521              99              37
   76         283.120    -685.914        -310.817    -413.730              76              37
  220        -594.385     953.182         269.339     476.211             220              37
  231          91.245   -1886.269         -89.830    -743.837             231              37
   90        -546.968    1548.224        -523.686     530.461              90              37
  141       -1330.399   -1110.147        -234.606     -99.587             141              37
  236         -46.664     705.171        -478.517    1350.038             236              37
  176        1586.456    -452.851         904.134     161.212             176              37
  113        -140.055    2102.376        -525.762     973.689             113              37
  151        1000.246      77.998        1994.993     721.024             151              37
  202        1027.473   -1399.203         297.700   -1054.575             202              37
    3         654.262    -341.030         358.495    -141.343               3              37
    3          81.592     343.766        -568.037    -615.035               3              37
  248       -1068.010     768.520         122.747     615.980             248              37
   46          44.301   -1646.404        -198.690    -970.086              46              37
  230       -1025.894     770.703       -1461.704     812.711             230              37
   81         920.093    1904.890         491.311    1123.487              81              37
  108        -866.735     317.184        -258.177    -235.573             108              37
   64       -1586.198    2018.315        -834.631    1509.376              64              37
   78        -151.570     138.225        1079.104    1150.523              78              37
  107         912.149      31.987         169.355     499.906             107              37
   94         241.498     714.934        1142.520     853.723              94              37
   68        1276.369   -1830.289         425.032    -409.594              68              37
   45        1090.400    1226.911          85.109     515.283              45              37
  244         442.686     742.839         293.721     283.041             244              37
   63         204.024    1480.772         282.482     485.688              63              37
   60        -893.656     718.705         158.754     476.446              60              37
  236         371.628     683.340         697.181     905.590             236              37
  116         457.485    -166.872        1016.770     -66.013             116              37
   65         -41.810    -452.768         -45.362     -89.685              65              37
  130         315.608    1220.760         580.848     986.075             130              37
  191         868.544    -724.115        1182.583    -691.651             191              37
   47       -1651.147      -9.739        -832.334     -24.402              47              37
   37         441.256     170.151         666.408     841.205              37              37
   36        -362.372     121.754         325.914      98.736              36              37
  221         428.877   -1423.486         608.835     121.227             221              37
  199        1250.441     654.803          58.543     409.570             199              37
  141         564.370     738.943        1407.378    -245.147             141              37
  183       -2284.497   -1845.135        -847.470    -772.155             183              37
   31        1486.823    -546.996         412.276     450.743              31              37
  139       -2053.468     526.155       -1239.509    -524.456             139              37
   68        -842.266     147.901        -173.887    2047.487              68              37
  162        2064.764     774.443         917.916     576.006             162              37
  193         188.301     451.381        1097.203    -104.707             193              37
   64       -2573.341   -1666.546       -1095.291    -689.917              64              37
   93         755.587    -306.871         -38.536    1519.465              93              37
  163        -626.569     821.333        -510.176      59.404             163              37
   82        -549.660     150.582         -53.593    2330.210              82              37
  137        3032.718    1319.217        1107.305    1039.824             137              37
  148         705.347    1815.272        1523.702     987.813             148              37
  117        -505.734    -507.766         648.184    -219.714             117              37
   60         435.935    -915.913        1336.563     738.564              60              37
   91         728.561   -2482.576         278.967    -939.253              91              37
  223        1694.215     -96.499         607.616     646.427             223              37
   52        -650.671    -743.317        -471.803    -746.110              52              37
   84        1612.668     384.276         720.374    1602.105              84              37
   81           2.206    -576.659          16.834   -1576.705              81              37
   70       -1153.771     297.157        -895.711    1514.390              70              37
  133        -870.337     760.124        -489.966     104.258             133              37
   20        -660.659     676.368         226.202    2713.785              20              37
  243         848.684    -841.212         539.869    -406.011             243              37
   88         320.963     850.010         268.112    2498.593              88              37
  172         -38.583   -1249.535         502.012   -1224.621             172              37
   21       -1013.089    -233.276       -1369.198    2959.853              21              37
  220        1042.906    1529.386         619.026     481.406             220              37
  143       -2103.271       1.797        -783.002    3566.994             143              37
  120         342.355     755.579         -44.064    1569.643             120              37
  117        1659.299    1443.854        1388.974    6667.737             117              37
   14       -1095.853    -280.055          19.672    -556.429              14              37
  113        -314.345     886.421          34.767   20249.591             113              37
