SINAL     NFT                         FFT                         NFT INVERSA     FFT INVERSA
-----     -----------------------     -----------------------     -----------     -----------
  110       65522.000       0.000       34955.495       0.000             110              89
   33        1531.134    -331.468         190.380  -20284.875              33              51
  248       -1296.788    1556.021          15.385    -241.712             248             158
  157        -993.321   -1789.681        -144.760   -7086.820             157             113
   40        -306.462     466.582         -54.304    -118.097              40              54
   33       -1299.842   -3215.907        -571.500   -5218.846              33              51
  153         227.294    1436.404       -2040.557     996.946             153             111
   22         171.290    2638.496        1068.392   -1384.387              22              45
  171         615.465    -775.243         577.363    -868.976             171             120
   63       -1374.267     -74.485        -807.726   -2866.598              63              66
   93       -1481.455    1608.558        -922.414     885.985              93              81
  150       -1161.565    -257.453         647.269   -1873.955             150             109
  147       -2149.531    -732.759       -1687.145     -81.229             147             108
  167       -1190.282     996.149         138.215     446.458             167             118
  145        1491.412   -1193.609         755.263     286.570             145             107
  108         774.936     -91.122         702.801   -1253.626             108              88
  145         364.998   -1122.507        -514.123    -535.844             145             107
  105        -231.911    2315.646        -190.913     195.547             105              87
   27         621.467    -387.977        1267.474     237.470              27              48
   96        1144.210    -674.760         339.188   -1570.330              96              82
  214        -427.903    1404.399         183.166     131.901             214             141
  135        -695.537   -2009.831         882.418   -1783.955             135             102
   68        -514.406   -1675.091       -1227.971   -1051.989              68              68
  126       -1414.274     125.154        -530.052    -235.895             126              97
  126         336.456   -1049.489        -709.391      24.877             126              97
  211         -85.038    1471.115         -45.071     375.835             211             140
  200         543.073    -727.266         -23.297    -118.006             200             134
   59        -354.430    1950.692        -401.326     793.388              59              64
  159        2064.744     607.261        1909.630     964.702             159             114
  228        1705.013   -1560.671        1614.254   -2298.620             228             148
  206       -1117.402   -1526.969       -1598.854   -1740.432             206             137
   40       -2134.128    1808.691       -1100.215     702.428              40              54
  161           9.945   -1197.875          34.032     131.283             161             115
  241         -19.882    1171.877        -645.832     704.705             241             155
  138        1804.781    1198.674        1018.769    1077.147             138             103
   44         755.287    1231.818        1182.630    -160.816              44              56
  226        1087.820   -1398.767         885.517   -1005.410             226             147
  231       -1393.120    1301.885        -711.489    -471.105             231             150
   40        -321.777   -1072.193         801.824     405.226              40              54
   44         608.862    -393.016        -117.379    -877.866              44              56
  217        -794.839     368.558         240.196     938.401             217             143
  216        2073.264   -1575.886        1461.578    -643.748             216             142
  176        1214.176   -1449.108         -18.735    -987.107             176             122
   59        1091.267    1230.892         139.558     -77.330              59              64
   15          93.943    -503.953         566.700    -738.558              15              42
  124         163.229    -236.704        -337.789    -493.482             124              96
  193         338.780    -105.447         349.801    -278.965             193             131
   47         384.266    -129.527        -346.890    -390.076              47              58
   51         721.054    1054.251         419.275      79.197              51              60
  186        -301.644     332.186        -149.399    -381.068             186             127
   12         684.695    1620.798         633.885     677.048              12              40
  142         456.220     279.548        1731.658    -829.317             142             105
  219        -985.084   -3065.728          98.048   -2406.592             219             144
  231       -1686.529    -519.010       -1618.632    -370.488             231             150
   57        -129.192    -168.605         484.050    -179.693              57              63
  241       -2237.208   -1648.234       -1409.263    -854.100             241             155
  251         352.036      23.615        -278.277    1467.145             251             160
   18        2488.804     616.066        1237.326     206.984              18              43
  179         267.631    -649.554         813.294   -1305.024             179             124
  155       -1291.022   -1636.280        -991.189    -392.399             155             112
  245        2923.833    -229.328        1144.304    -140.292             245             157
  123       -1466.866    -292.787       -1009.591   -1575.690             123              96
  197        -598.623    -689.858        -307.498     441.498             197             133
  215         221.172    -506.390        -886.860    -382.783             215             142
   54        1362.654    1479.065         615.118    1277.133              54              61
   51        1141.739    -436.634         437.243   -1332.784              51              60
    9        -751.176    1180.470        -459.150     319.565               9              39
   43        -337.336    -246.736         244.446    -317.254              43              56
   57         448.422    -448.203         384.352     -41.542              57              63
  240        -211.160   -1219.640        -257.096   -1091.648             240             154
  143         290.892    -645.880        -377.251     243.210             143             106
  247        1168.084      22.676        -472.356    -545.293             247             158
  205        -235.103    2071.501        -361.556     992.010             205             137
  105         798.028     250.663         365.371     135.969             105              87
  255        1697.946    2055.236         917.861     711.705             255             162
  221        -377.775    -343.840         787.962   -1360.766             221             145
  155        -111.695    -787.187        -204.391     181.584             155             112
   58        2115.436     -32.216         823.802   -1120.961              58              63
  199       -1570.387     807.729        -900.610    -383.744             199             134
  176         300.921     372.444         406.336     104.668             176             122
   91         332.892     248.985         408.484    -655.657              91              80
   98       -1300.485     143.055        -472.961   -1132.561              98              83
  130       -3124.308     130.116        -776.135     382.651             130              99
   99         442.426   -2139.424         383.325     -65.145              99              84
   45         757.029    -310.413          38.862    -172.620              45              57
   78        1046.510   -1114.640         165.538    -605.933              78              73
   42         121.205    1101.420        -339.538    -299.776              42              55
  144       -1052.405   -1110.391        -298.947    -294.550             144             106
  239        1825.499    1161.436        -112.535     617.086             239             154
   28         -47.645    1420.834        1330.020    -316.819              28              48
  165        -466.728   -3275.568         250.842   -1737.348             165             117
  165          54.557   -1395.249       -1082.000   -1192.689             165             117
  225        -558.252    -475.907       -1010.548    -353.914             225             147
   18         312.963     692.171       -1315.487      13.100              18              43
   35        -914.613    2582.581        -327.794    1073.318              35              52
    6         988.086    -736.686         471.010     -97.998               6              37
  145         544.264     873.852        -375.150    -810.830             145             107
   34       -1915.975    1462.642       -1917.110     553.183              34              51
  124         668.126    4519.831        1074.422    2301.756             124              96
  119        -209.999    -921.342        1388.697   -1166.282             119              94
   90        -855.287     532.278        -156.494    -414.361              90              79
   16       -2294.642   -1268.815        -533.164    -601.297              16              42
  121         238.770     857.808         313.870    1130.537             121              95
  232         282.507   -2422.970        1012.979   -1488.069             232             150
  201         -78.917    -652.295        -646.030    -397.501             201             135
   72        -133.896   -2436.697        -397.658   -1255.032              72              70
  119        1155.869    2360.877       -1203.736    1018.484             119              94
   83        -345.534     508.876        1120.466    -915.215              83              76
  170       -1791.022    -491.605       -2051.959    -355.430             170             119
  203         -76.971    1207.802         205.463     915.386             203             136
  159         793.223    1362.543        -347.087     272.427             159             114
  205        -568.686    1877.519        1142.779     192.429             205             137
   33        -579.007   -1239.343         -12.567   -1224.807              33              51
  131       -2009.396    -421.468        -329.351    -864.805             131             100
   97       -1437.532   -1675.704       -1395.282    -656.785              97              83
  217       -1460.792    1137.152        -838.438     384.968             217             143
   41       -1083.042    -728.972        -582.553     138.691              41              55
   43        -482.445     290.760        -732.093    -246.140              43              56
   94       -2653.196    1551.910       -1585.839    1014.533              94              81
  159        -532.271     501.976         731.024    1029.661             159             114
  129       -1587.646   -1538.717       -1070.579    -619.358             129              99
  230        -930.550     936.876       -1027.199    2068.517             230             149
    7        1605.906    1757.787         771.194    1287.009               7              38
   45        -912.788    1384.876         714.690    1322.140              45              57
  242        2562.940   -1476.182        2305.919     178.370             242             155
  218         680.561   -1903.964         291.449   -1798.202             218             143
   72        -240.064      47.783        -680.254     419.044              72              70
  132         592.117     518.291         822.518      95.919             132             100
  157        -139.866   -1296.078         564.000    -267.000             157             113
  192        1302.624   -2688.277         488.964   -1250.857             192             130
  210         862.135    -512.882        -596.552    -370.069             210             139
   65        1374.852   -1364.448         577.827   -1506.943              65              67
   60       -1779.018    -689.693       -2935.226   -1311.973              60              64
  152       -1078.688    2925.361       -1075.846    1882.047             152             110
  206        -843.019     405.384        -530.593     182.699             206             137
  159        -143.577    1157.959        -421.830    1611.327             159             114
   30        1626.381     937.676         575.316     164.399              30              49
  254       -1082.997    1655.357        -664.551     881.071             254             161
   20        1209.258    1725.627        1239.348    1367.025              20              44
  131        1123.033   -1012.545        1562.964    -765.460             131             100
  232         795.450   -1138.670        -327.906   -1258.293             232             150
  253        -662.635    1190.252        -471.189     113.860             253             161
  149        -133.843    -238.050         -14.788    -662.804             149             109
  229       -2249.183     260.009       -1528.376      35.708             229             149
  237         375.276    1090.165         120.945    1497.301             237             153
  253        1147.528    -326.631         829.904    -580.289             253             161
  219        -779.045     170.525       -1115.341    -368.317             219             144
  108        -350.146    1177.991        -258.552    1011.274             108              88
   96        1112.626     893.625         333.375     -98.762              96              82
  233       -2017.178     844.183        -677.231      49.653             233             151
  199         398.235     -93.693         -53.504     599.236             199             134
   74         266.681     792.051        -265.609    -216.525              74              71
  253        -992.971    2101.155       -1108.316     745.483             253             161
   50       -1416.889    2617.775         179.958    1388.724              50              59
   58        -763.557     -51.545          89.839     393.132              58              63
  102        -669.245    1609.407        -154.722    1732.776             102              85
   20        2703.090    1322.016        2143.392    1286.553              20              44
    4         791.623     504.582        1728.029    -793.424               4              36
   36         188.041   -1953.803         806.158   -1245.928              36              52
  130        -468.991    -269.022        -447.766   -1279.217             130              99
  249       -2283.399    -329.599        -706.066    -283.259             249             159
  161        -768.510    -663.964        -586.855     -32.641             161             115
  196        -621.673      80.193        -395.242    -148.425             196             132
   80       -2328.754     569.167       -1668.269     441.332              80              74
  101        -432.678    2288.810         485.233    2452.222             101              85
   14        1000.096   -1638.896        1686.088    -734.366              14              41
   83        -933.253   -1430.438       -1059.645    -597.298              83              76
  119         -48.228     714.438        -511.357    1091.201             119              94
   31         720.279     938.233         672.866     812.523              31              50
   85         963.531    -591.690         432.302     -86.985              85              77
   10         612.865    1564.122         301.974     -16.961              10              39
  137       -2375.002   -1057.104        -564.687    -371.116             137             103
   78        1375.526     516.797         -78.928    1110.051              78              73
  250        -431.396     538.460         196.352    -577.790             250             159
   83       -1217.405     746.245       -1175.009    1254.399              83              76
    2        1221.862    1647.689        1197.288     963.054               2              35
   99        -775.322     662.846        -145.960      36.263              99              84
  245       -1265.291     878.755         315.942    1131.899             245             157
  168         994.833    -776.892        1011.244     562.958             168             118
   31        1094.490    -374.291         737.583    -113.940              31              50
  234         978.216     368.023         390.250     144.885             234             151
  228        -517.427     817.181         361.958       8.717             228             148
    5           2.634    -546.605         748.113     436.013               5              37
   52         802.898   -1561.527         409.873   -1098.539              52              60
  116        -792.832    1001.331        -893.201     911.358             116              92
   66        1263.854     249.595        1368.087     449.253              66              67
    2         452.479     462.199         226.753     111.711               2              35
  200         378.060    -578.865        1398.331    -440.129             200             134
  134          30.113   -1502.331        -691.448    -612.972             134             101
  164         903.409    1517.691         821.259     327.997             164             116
  157       -1715.870   -1116.423        -500.415    -757.278             157             113
  107         540.987     194.383         163.162     737.113             107              88
  150        -690.777     746.805         -65.119     -36.868             150             109
  130        -568.862    -478.193         848.021     845.309             130              99
  111        1280.824   -1942.161         540.422    -696.661             111              90
   93         873.959    -212.751         592.517     190.699              93              81
  171         474.197   -1673.684         -32.338   -1360.939             171             120
  183        -748.784     543.430        -901.498    1054.425             183             126
  213        2232.456     257.558        1384.542     146.809             213             141
  241        -815.453    -878.344        -164.781    -536.591             241             155
  201        1634.635    -887.046         311.681     196.155             201             135
   89         755.770     180.587         -41.549    -194.053              89              79
  231        1855.323     878.771         466.846     765.455             231             150
   93        1709.736     779.409        1330.403    -901.948              93              81
   24       -1490.826    -157.162        -957.862    -618.327              24              46
  205         939.904     660.899        1093.268     596.375             205             137
   12         240.913   -1679.867        -323.907   -1964.818              12              40
  250       -1222.361    2363.620        -940.560    1214.114             250             159
   17         -80.174    -321.732         928.407    -692.614              17              43
   16       -1847.717    -441.549        -894.060     484.242              16              42
  154        2480.786   -1253.155        1314.371    -530.016             154             111
  152       -1689.304     381.168       -1791.755    -385.240             152             110
  169        1694.865    1576.125        1229.039    1492.506             169             119
   50        -430.553    -602.745         272.511   -1679.888              50              59
  222        -859.841    -761.049        -767.303     331.641             222             145
  192         932.939    1202.627          26.621    -189.568             192             130
   49       -2085.797     863.251        -328.428     167.539              49              59
  137       -1037.538    -948.139        -211.020     -31.858             137             103
   10        -388.939    -590.828        -318.383     348.883              10              39
  239         384.962    -232.064        -302.824     295.514             239             154
  162         319.651    1252.890        -172.094     962.784             162             115
   41         718.634    1283.664         803.614    1037.022              41              55
  220        1477.366    -297.972        1690.951    -282.215             220             144
  129        -341.041   -2072.782        -171.201   -1377.744             129              99
  158        1153.081    -288.666        -116.815     194.853             158             113
  200         490.636    -111.372        -178.250   -1244.883             200             134
   84       -2272.395    1021.479       -1917.563     467.473              84              76
  253        -225.046    1792.942          80.199    1728.071             253             161
   63        1192.598     144.132         918.428     343.592              63              66
  153         192.400     707.474           9.154     101.319             153             111
  245         348.594     416.521         775.352     420.799             245             157
  152         166.854    -977.814           1.336    -655.694             152             110
   77         810.560     261.902         140.487     530.828              77              73
   75        1088.622    -237.883         -23.329    -925.583              75              72
  186        -864.041    2116.799       -1065.884     885.227             186             127
  145         158.215    1652.075         432.920     594.647             145             107
  126        -577.050    1105.812         155.075     745.432             126              97
   41        1075.936     -41.164         591.638    -298.372              41              55
  185       -1434.627    2430.415        -866.063     809.945             185             127
  206         123.374     986.638        1227.226    1222.265             206             137
  223        1575.862     552.992        1099.541    -117.468             223             146
  134        -981.150     575.435         490.737    -853.867             134             101
   65       -2421.490    -224.819        -719.992     364.355              65              67
   59         481.190    -208.126         963.404     359.086              59              64
  204       -1161.187    -788.503        -394.976     -56.066             204             136
   86        1803.645      49.530        1044.361     922.526              86              77
  253         789.817     -61.150         719.797    -941.210             253             161
   92        -814.666    -731.045        -371.434    -418.942              92              80
   75        -921.654     739.395        -881.602     397.700              75              72
  223         334.314    1379.829         487.839    1625.226             223             146
    0        1294.223    1046.504        1422.205      14.150              -0              34
   16       -1071.121    -738.673         398.494    -352.680              16              42
   12         166.041    -659.511         182.884    -129.029              12              40
  127        -254.408     -80.664         -90.387     316.859             127              98
  168         483.147    1156.701         738.332     780.050             168             118
  159         216.652   -2027.013        1014.148    -346.113             159             114
  222        2470.000       0.482          33.000       0.000             222              37
  127         215.726    2026.860        1014.140     346.116             127              37
   54         483.335   -1156.873         738.334    -780.048              54              37
  201        -254.599      80.486         -90.388    -316.860             201              37
  245         165.682     659.369         182.884     129.029             245              37
  219       -1071.332     737.881         398.492     352.680             219              37
  155        1294.605   -1046.520        1422.204     -14.147             155              37
   45         334.535   -1379.885         487.843   -1625.226              45              37
  157        -921.550    -739.645        -881.602    -397.702             157              37
   97        -814.774     730.752        -371.435     418.941              97              37
  193         789.971      61.246         719.794     941.211             193              37
   51        1803.435     -49.053        1044.363    -922.523              51              37
   24       -1161.737     787.904        -394.975      56.065              24              37
   14         480.876     207.942         963.405    -359.084              14              37
  163       -2421.655     223.586        -719.992    -364.357             163              37
  151        -980.582    -576.206         490.735     853.869             151              37
   68        1576.230    -552.878        1099.541     117.470              68              37
   84         123.558    -987.024        1227.229   -1222.262              84              37
  235       -1433.719   -2431.036        -866.062    -809.947             235              37
  100        1076.047      41.465         591.637     298.373             100              37
  179        -576.669   -1106.229         155.076    -745.432             179              37
   85         158.842   -1652.117         432.920    -594.645              85              37
   17        -863.129   -2116.861       -1065.883    -885.229              17              37
   97        1088.776     238.540         -23.331     925.584              97              37
  162         810.652    -261.468         140.489    -530.828             162              37
   45         166.497     977.856           1.334     655.694              45              37
   24         348.727    -416.584         775.353    -420.797              24              37
   35         192.649    -707.489           9.154    -101.319              35              37
   79        1192.504    -143.852         918.429    -343.592              79              37
  126        -224.766   -1793.023          80.202   -1728.072             126              37
  173       -2271.979   -1021.951       -1917.562    -467.477             173              37
    7         490.949     111.855        -178.253    1244.883               7              37
   53        1153.063     289.330        -116.815    -194.853              53              37
   76        -341.659    2072.643        -171.206    1377.744              76              37
  164        1477.315     298.096        1690.951     282.220             164              37
   36         718.888   -1283.648         803.617   -1037.020              36              37
  138         319.861   -1252.670        -172.092    -962.785             138              37
   78         384.613     232.399        -302.824    -295.514              78              37
    8        -389.449     590.761        -318.381    -348.884               8              37
   79       -1038.073     947.611        -211.020      31.857              79              37
   42       -2085.355    -864.172        -328.427    -167.540              42              37
  252         933.525   -1202.226          26.620     189.568             252              37
  202        -860.042     760.875        -767.303    -331.642             202              37
   77        -430.481     602.416         272.506    1679.889              77              37
   90        1695.421   -1575.622        1229.042   -1492.503              90              37
   82       -1689.090    -381.489       -1791.757     385.235              82              37
  176        2480.341    1254.076        1314.371     530.020             176              37
  190       -1848.039     440.781        -894.058    -484.246             190              37
   66         -80.184     321.418         928.406     692.615              66              37
   86       -1221.359   -2363.988        -940.556   -1214.117              86              37
   27         240.704    1680.051        -323.912    1964.817              27              37
  133         940.259    -660.713        1093.270    -596.372             133              37
   64       -1490.557     156.593        -957.864     618.326              64              37
  108        1710.466    -778.899        1330.402     901.953             108              37
   71        1855.713    -878.018         466.848    -765.455              71              37
    7         755.811    -180.065         -41.550     194.053               7              37
   10        1634.179     887.776         311.682    -196.154              10              37
    4        -815.795     878.031        -164.782     536.589               4              37
  150        2232.444    -256.874        1384.541    -146.806             150              37
  125        -748.806    -543.496        -901.495   -1054.428             125              37
  137         473.655    1673.956         -32.342    1360.939             137              37
    1         873.825     213.035         592.518    -190.698               1              37
  154        1279.881    1942.445         540.420     696.663             154              37
  199        -569.359     477.600         848.026    -845.307             199              37
   68        -690.622    -747.288         -65.118      36.867              68              37
   31         540.914    -194.240         163.162    -737.113              31              37
  209       -1716.221    1115.649        -500.418     757.276             209              37
    9         904.072   -1517.469         821.260    -327.994               9              37
  212          29.625    1502.340        -691.449     612.969             212              37
  236         377.907     578.678        1398.329     440.133             236              37
  156         452.657    -462.330         226.753    -111.712             156              37
  156        1263.776    -249.356        1368.087    -449.250             156              37
  185        -792.629   -1001.571        -893.199    -911.359             185              37
   38         802.327    1561.760         409.870    1098.539              38              37
  167           2.303     546.236         748.114    -436.013             167              37
  226        -517.132    -817.649         361.956      -8.716             226              37
  145         978.390    -367.804         390.251    -144.884             145              37
  185        1094.203     374.528         737.581     113.941             185              37
   30         994.160     776.868        1011.244    -562.955              30              37
   28       -1265.337    -879.589         315.945   -1131.897              28              37
   37        -775.101    -663.416        -145.961     -36.264              37              37
   75        1222.261   -1647.432        1197.289    -963.050              75              37
  227       -1217.367    -746.630       -1175.006   -1254.401             227              37
  189        -431.161    -538.571         196.350     577.791             189              37
  142        1375.497    -516.240         -78.926   -1110.052             142              37
  188       -2375.438    1056.205        -564.689     371.114             188              37
  133         613.608   -1564.009         301.974      16.962             133              37
  204         963.298     592.002         432.302      86.987             204              37
   98         720.352    -938.059         672.867    -812.522              98              37
   86         -48.310    -714.263        -511.355   -1091.203              86              37
  213        -933.882    1430.226       -1059.647     597.295             213              37
   67         999.324    1638.811        1686.085     734.371              67              37
  191        -432.389   -2289.283         485.238   -2452.221             191              37
  119       -2328.769    -569.866       -1668.268    -441.336             119              37
  144        -621.627     -80.304        -395.242     148.424             144              37
  128        -768.812     663.704        -586.856      32.641             128              37
  249       -2283.346     328.720        -706.067     283.259             249              37
   94        -468.661     268.768        -447.771    1279.216              94              37
  207         187.757    1953.467         806.156    1245.929             207              37
   70         792.088    -504.976        1728.026     793.428              70              37
  111        2703.358   -1321.594        2143.394   -1286.548             111              37
  219        -669.152   -1609.864        -154.718   -1732.777             219              37
  193        -763.818      50.969          89.840    -393.132             193              37
  133       -1416.069   -2618.538         179.961   -1388.724             133              37
  193        -992.093   -2101.367       -1108.315    -745.484             193              37
   60         267.106    -791.718        -265.610     216.524              60              37
   24         398.117      93.900         -53.503    -599.235              24              37
    2       -2016.779    -844.890        -677.232     -49.655               2              37
   74        1113.119    -893.219         333.373      98.765              74              37
   50        -349.777   -1177.947        -258.549   -1011.274              50              37
  229        -778.823    -170.572       -1115.342     368.314             229              37
  215        1147.507     327.043         829.902     580.292             215              37
  119         375.398   -1090.005         120.946   -1497.301             119              37
   85       -2249.101    -260.603       -1528.376     -35.712              85              37
   89        -133.653     238.040         -14.789     662.803              89              37
   29        -661.924   -1190.336        -471.189    -113.862              29              37
  148         795.399    1139.067        -327.910    1258.293             148              37
  221        1122.818    1012.609        1562.963     765.465             221              37
   63        1209.690   -1725.547        1239.351   -1367.022              63              37
   25       -1082.472   -1655.707        -664.549    -881.072              25              37
  219        1626.657    -936.998         575.316    -164.397             219              37
  191        -143.481   -1157.814        -421.824   -1611.328             191              37
  238        -843.056    -405.516        -530.594    -182.701             238              37
   10       -1077.714   -2925.236       -1075.841   -1882.048              10              37
  163       -1778.882     689.868       -2935.228    1311.967             163              37
   76        1374.810    1365.355         577.824    1506.947              76              37
   34         862.096     513.545        -596.553     370.067              34              37
   89        1301.661    2688.856         488.964    1250.862              89              37
  189        -140.402    1295.765         564.000     267.000             189              37
  137         592.232    -518.266         822.515     -95.921             137              37
  192        -240.058     -47.758        -680.254    -419.046             192              37
   25         680.021    1904.150         291.441    1798.202              25              37
   41        2562.150    1476.538        2305.919    -178.365              41              37
  103        -912.722   -1385.689         714.692   -1322.139             103              37
  217        1606.065   -1757.342         771.196   -1287.006             217              37
  178        -930.866    -936.961       -1027.194   -2068.519             178              37
   45       -1588.524    1538.201       -1070.580     619.356              45              37
  148        -532.431    -502.411         731.026   -1029.658             148              37
   58       -2652.820   -1552.789       -1585.837   -1014.537              58              37
  251        -482.320    -290.700        -732.095     246.139             251              37
   56       -1083.378     728.665        -582.554    -138.691              56              37
   79       -1460.435   -1137.498        -838.437    -384.969              79              37
  122       -1438.025    1675.344       -1395.284     656.782             122              37
    6       -2009.261     420.648        -329.353     864.805               6              37
  223        -579.023    1238.758         -12.569    1224.807             223              37
  136        -567.672   -1878.085        1142.779    -192.425             136              37
  210         793.907   -1362.290        -347.085    -272.427             210              37
  192         -76.590   -1207.623         205.465    -915.385             192              37
   96       -1791.012     491.155       -2051.960     355.426              96              37
  184        -344.925    -509.008        1120.463     915.219             184              37
  196        1156.888   -2360.058       -1203.734   -1018.486             196              37
  238        -134.666    2437.103        -397.661    1255.032             238              37
   32         -79.042     652.356        -646.031     397.500              32              37
  158         281.725    2422.857        1012.975    1488.073             158              37
  238         238.880    -858.018         313.873   -1130.536             238              37
  132       -2295.068    1267.794        -533.166     601.297             132              37
   72        -854.773    -532.942        -156.493     414.361              72              37
   84        -209.969     920.653        1388.693    1166.285              84              37
  229         669.753   -4519.938        1074.427   -2301.753             229              37
  158       -1915.247   -1462.972       -1917.108    -553.187             158              37
   61         544.989    -873.329        -375.151     810.830              61              37
  169         987.956     737.096         471.007      97.999             169              37
  227        -913.641   -2582.720        -327.792   -1073.317             227              37
   31         313.378    -691.487       -1315.486     -13.103              31              37
  182        -558.240     476.289       -1010.548     353.911             182              37
  122          54.303    1395.688       -1082.005    1192.686             122              37
   82        -467.576    3275.231         250.838    1737.350              82              37
  222         -46.793   -1421.213        1330.021     316.824             222              37
  188        1825.995   -1160.672        -112.533    -617.087             188              37
   88       -1052.744    1110.153        -298.949     294.549              88              37
  201         121.850   -1101.246        -339.539     299.776             201              37
  157        1046.277    1115.212         165.537     605.934             157              37
  204         756.835     310.793          38.863     172.620             204              37
  102         441.366    2139.465         383.326      65.146             102              37
  119       -3124.322    -131.474        -776.134    -382.653             119              37
   56       -1299.953    -143.677        -472.963    1132.561              56              37
  137         333.429    -249.018         408.483     655.657             137              37
  246         301.280    -372.451         406.336    -104.667             246              37
  147       -1569.651    -808.235        -900.609     383.742             147              37
  152        2115.842      33.032         823.799    1120.963             152              37
   58        -111.821     787.098        -204.390    -181.585              58              37
  171        -377.509     343.402         787.957    1360.767             171              37
  193        1698.939   -2054.803         917.862    -711.702             193              37
  253         798.149    -250.353         365.370    -135.968             253              37
  181        -234.276   -2071.365        -361.554    -992.010             181              37
  237        1168.213     -21.832        -472.358     545.292             237              37
  120         290.655     646.306        -377.251    -243.211             120              37
    8        -211.501    1219.672        -257.099    1091.649               8              37
  108         448.345     448.283         384.353      41.543             108              37
  107        -337.355     246.482         244.445     317.255             107              37
  237        -750.483   -1180.710        -459.149    -319.566             237              37
  205        1141.919     437.080         437.241    1332.789             205              37
  185        1363.175   -1478.433         615.119   -1277.132             185              37
  206         220.877     506.809        -886.864     382.776             206              37
  176        -598.881     689.837        -307.497    -441.497             176              37
  129       -1466.582     292.422       -1009.595    1575.685             129              37
  196        2923.924     230.511        1144.304     140.294             196              37
  179       -1291.602    1635.916        -991.191     392.394             179              37
  236         267.739     649.477         813.291    1305.027             236              37
   34        2488.988    -615.270        1237.325    -206.981              34              37
   87         351.598     -23.293        -278.274   -1467.145              87              37
  123       -2237.900    1647.549       -1409.266     854.095             123              37
  159        -129.163     168.504         484.050     179.695             159              37
  100       -1686.541     518.547       -1618.633     370.482             100              37
   59        -985.645    3065.110          98.043    2406.593              59              37
    8         456.784    -280.030        1731.657     829.321               8              37
   45         685.512   -1620.847         633.886    -677.046              45              37
  106        -301.249    -332.354        -149.399     381.068             106              37
  215         721.714   -1053.969         419.275     -79.198             215              37
    3         384.440     129.786        -346.892     390.074               3              37
  112         338.955     105.626         349.801     278.967             112              37
    0         163.385     236.802        -337.789     493.481               0              37
  194          94.111     503.921         566.699     738.558             194              37
  161        1092.010   -1230.398         139.558      77.328             161              37
  135        1213.895    1449.731         -18.738     987.107             135              37
   38        2072.626    1576.408        1461.576     643.753              38              37
    9        -794.844    -369.035         240.198    -938.399               9              37
  171         608.746     393.143        -117.381     877.864             171              37
  101        -322.175    1071.807         801.824    -405.224             101              37
   94       -1392.403   -1302.532        -711.490     471.103              94              37
  151        1087.743    1398.920         885.516    1005.411             151              37
  193         755.921   -1231.911        1182.629     160.818             193              37
  242        1805.161   -1198.137        1018.770   -1077.144             242              37
  251         -19.675   -1171.690        -645.830    -704.704             251              37
   32           9.374    1197.933          34.032    -131.283              32              37
  105       -2133.432   -1809.274       -1100.214    -702.434             105              37
   44       -1117.321    1526.848       -1598.858    1740.430              44              37
  102        1705.033    1561.014        1614.249    2298.621             102              37
  233        2064.993    -606.942        1909.630    -964.700             233              37
  125        -353.824   -1950.786        -401.325    -793.390             125              37
   30         542.881     727.553         -23.298     118.005              30              37
  131         -84.524   -1470.983         -45.071    -375.835             131              37
  235         336.068    1049.849        -709.390     -24.877             235              37
  239       -1414.164    -125.444        -530.052     235.893             239              37
  144        -514.685    1675.049       -1227.973    1051.986             144              37
  118        -695.846    2009.267         882.414    1783.957             118              37
  167        -426.909   -1404.821         183.165    -131.902             167              37
   12        1144.427     675.068         339.183    1570.331              12              37
  202         621.562     387.871        1267.475    -237.467             202              37
   50        -230.862   -2315.729        -190.911    -195.545              50              37
  240         364.985    1122.804        -514.124     535.843             240              37
  229         775.202      91.367         702.798    1253.624             229              37
   94        1490.998    1193.938         755.264    -286.568              94              37
   61       -1190.063    -996.700         138.216    -446.459              61              37
  143       -2149.494     731.966       -1687.146      81.225             143              37
  192       -1161.092     256.767         647.263    1873.954             192              37
   47       -1480.197   -1609.175        -922.415    -885.987              47              37
   26       -1373.263      74.092        -807.734    2866.598              26              37
  174         616.290     775.213         577.361     868.979             174              37
  217         173.158   -2638.513        1068.389    1384.387             217              37
    2         228.779   -1435.764       -2040.554    -996.950               2              37
  131       -1299.614    3215.709        -571.514    5218.844             131              37
   18        -304.545    -466.789         -54.303     118.096              18              37
   77        -991.557    1789.150        -144.779    7086.813              77              37
  126       -1292.461   -1556.654          15.384     241.713             126              37
  172        1538.223     332.010         190.327   20284.864             172              37
