SINAL     NFT                         FFT                         NFT INVERSA     FFT INVERSA
-----     -----------------------     -----------------------     -----------     -----------
  242       64053.000       0.000       33966.495       0.000             242             153
   14        -488.189   -1248.683        1036.016  -20367.525              14              42
   88       -1737.575   -3007.234       -1779.317   -1370.215              88              76
  118        -428.846     842.786        -914.229   -5332.624             118              94
   10         600.931    -375.750        -173.225     175.946              10              37
  117         209.767    1617.069        -270.764   -3400.352             117              93
   18        -788.408     -85.622           8.490     274.427              18              41
  117         964.498     237.857         145.043   -2746.522             117              93
  136        -941.885     -17.390        -139.935    -178.506             136             100
   11        1012.899    -465.185        -156.368   -2541.530              11              40
  162       -2066.040    1598.651        -800.452    -385.002             162             113
   66       -2958.066   -2058.545       -1277.058   -2065.250              66              68
   35        -751.331     716.061       -1934.928    1622.013              35              49
  139        1471.176    2316.912         939.408      79.169             139             104
    7       -1847.122     537.606        -870.114     135.440               7              35
  239         951.386    1717.880         811.369    1230.865             239             154
   68        1127.172    -369.678        1717.631   -1165.092              68              66
  205       -2053.856   -2319.607       -1508.119   -1347.079             205             137
  187        1924.399    2091.233        -202.506    1475.219             187             125
  169        -684.241    2099.903         764.497     235.556             169             119
   57        1607.272   -1389.968        1548.978    -120.473              57              60
   88         419.974    -832.423        -344.439   -1668.467              88              79
  230         342.683    1441.972          37.220     901.653             230             147
    9         699.679    -205.370         884.240    -958.773               9              39
  236         712.299    -220.525         291.786    -744.959             236             150
   77       -2180.325    -830.582       -1386.268   -1635.740              77              73
  186        -765.929    1849.538       -1308.541    2052.092             186             125
   96         928.266    1818.111        1217.981     534.188              96              83
  205         436.700     686.294         737.836     583.188             205             134
   80         604.360    -717.756        1117.855   -1087.062              80              75
  239        -173.527     228.804        -555.434     109.733             239             151
  251          13.023     744.350        1074.811    -142.570             251             160
  107        -669.437   -1370.447        -306.429    -490.147             107              85
  139         253.783     302.556         412.763     663.872             139             104
  103        2736.715    -832.830        1562.148    -311.052             103              83
  107          25.165    -985.163         138.769   -1839.220             107              88
  103        -130.088    -518.252        -903.606      32.536             103              83
  126         402.385    1235.612         218.144      52.607             126              98
  135         635.609     192.791         379.073     433.044             135              99
   58        1392.519    -159.622        1237.602   -1049.027              58              64
  133        -578.620   -1145.117        -935.935   -1112.568             133              98
   87        -407.272    1391.245        -414.411     476.058              87              78
   64        1222.825     310.807         633.538     196.009              64              64
  150           6.400     393.081         473.281   -1196.168             150             110
   47       -1411.001   -1131.707       -1250.993    -534.200              47              55
   85          60.644    2053.507        -306.752     567.205              85              77
    8       -1232.413     471.791        -287.976     289.504               8              36
  203         578.467     959.019         627.639     641.020             203             136
   28         284.528    -607.185         183.724   -1098.513              28              46
  236       -2724.815    2029.143       -1505.958     653.087             236             153
   69        -503.040     304.310         832.052    1522.829              69              66
  192        1236.581    -159.744         809.858      45.192             192             131
  203         500.710     247.932         917.947     273.211             203             133
  116         466.378   -1078.350         879.359    -632.276             116              93
   61         901.226   -1703.630         331.401    -908.548              61              62
   44        -734.085    -325.156       -1036.426    -679.082              44              57
  201         221.090     919.336        -337.927    1289.888             201             132
  122        1195.203    1209.053         906.661     236.062             122              96
  142         450.365       9.900         479.663      32.993             142             103
  137        -184.103     620.969         374.457    -357.357             137             103
   95        -565.239   -1636.084          95.556     118.353              95              79
  123        2250.084      13.319         152.223    -166.577             123              96
  151        -148.127    1937.602          58.314     888.376             151             107
  130        1967.001     258.986        1730.856     106.721             130             100
  135         463.192    -818.624         418.975   -1259.704             135              99
  123         161.606     255.685        -270.059     -49.256             123              96
  223         696.552    1357.011         628.794     -12.140             223             143
   58       -1308.777     -13.052         226.024    -369.988              58              64
  249         819.380   -1144.944         716.974    -303.797             249             156
  157        -743.412    -721.248        -507.552   -1081.786             157             113
  239         187.643     167.472        -223.627    1207.427             239             151
  156        2726.905     726.241        1626.188    -450.620             156             113
  218        -754.836    -524.296         126.435    -979.854             218             141
  248         319.737   -1519.798          20.341   -1076.983             248             159
  137        -119.238     220.793       -1048.080    -199.331             137             100
  138         625.880    1508.605         298.940     162.490             138             104
  185        -808.629     809.709        -373.378    -558.353             185             124
  101       -2334.259     694.559        -506.316     -81.360             101              85
  230       -1597.849    -706.948       -1032.833     683.029             230             147
  186        1458.755    2079.912         989.665    1559.439             186             128
  243         535.027   -1372.629        1215.737    -916.968             243             153
   25         652.703    -367.736        -576.428    -442.070              25              47
   29        -348.836    2006.900         -90.474     415.418              29              46
   97        -738.703     676.425         323.115     338.919              97              83
   41         -96.726     216.623         407.641      22.935              41              52
  209        -636.554     377.118         365.395     260.598             209             139
   78         410.400    -827.206        1071.023    -302.110              78              71
    8        -550.948   -1915.592         -44.221   -1169.331               8              39
  182          82.972    -923.471        -726.429     -68.858             182             123
  180         306.242    1412.583        -291.811     505.314             180             125
  198        -111.109    1593.239         587.944     908.944             198             131
  220         461.799    -825.496        1471.095    -443.788             220             145
   85         348.653   -1938.366          43.796   -1391.024              85              74
   59       -1388.369    -454.637        -821.336    -490.201              59              64
   58         166.170    -611.549        -706.113     228.792              58              61
  174        -587.728    2374.310        -380.261     715.574             174             122
  250        -928.089     -47.308         369.530    1105.535             250             157
  138        2504.397      86.468        1561.303     308.294             138             104
  118         429.144    -921.816         709.428   -1362.952             118              91
   36       -1367.728    -364.060        -757.196    -351.023              36              53
  167         121.718    -552.037         267.157     169.043             167             115
  213        -529.414    -106.260        -383.513    -240.484             213             141
   59         147.656    -221.488         526.056     891.206              59              61
   52        1792.558   -1715.731         974.920   -1284.378              52              61
   76        -830.249    -745.556       -1374.213    -514.237              76              70
  215         425.443    1213.969         -88.694     705.847             215             142
  241        -245.605     214.047        -344.394     176.392             241             152
  234         416.202    2000.123         430.716    1110.391             234             152
  246         187.297    -776.845        1128.631    -337.221             246             155
  254          64.712    -835.818         -79.660    -760.166             254             162
  161       -1708.306    -659.381        -770.975     149.059             161             112
  232        1520.053    -219.383         514.158    1128.638             232             151
    8        2062.469    -488.282        1080.149    -746.540               8              36
   78        -732.691    -480.105        -662.809    -628.303              78              74
  173        -290.321    -473.144        -710.031     407.656             173             118
  153        1196.285    1420.191         156.283    1416.377             153             111
   98        2498.334    -349.899        1433.465     -24.423              98              81
   16        1419.162    1245.978         -31.349    -130.488              16              43
  194         968.895     575.905        1132.067      15.693             194             129
    5        1118.050     550.154        -159.260    -946.533               5              37
  168       -1892.489    2213.370          35.350     356.178             168             116
  205        -748.367   -1084.283         432.676    -259.552             205             137
   88        -265.190   -1482.567         399.493    -546.211              88              76
  182         614.730   -2153.940        -763.817    -845.036             182             126
  218         135.903    1782.863        -581.233     719.952             218             141
   15         614.925    -515.533         225.562      -1.371              15              42
   49         533.578    1672.811        -613.786     238.684              49              56
   47        -680.869    1593.593         309.331    1125.973              47              58
  252        1745.001    -351.889        1110.000    -408.000             252             158
  143       -1198.216     227.580        -784.546    -427.382             143             106
  255         499.894     631.127         172.261     702.925             255             159
  252        -527.612     742.162        -237.492     -19.971             252             161
  136         228.713     464.213         394.713     837.710             136             100
  213         -49.866     -17.923         -50.409    -220.478             213             141
  203         681.660     232.368         444.594    1332.748             203             133
  201        3444.832    -587.319        1047.704    -926.212             201             135
  132        -630.719    2999.153       -1035.768     535.300             132              98
  250         490.514    1489.583        1305.685     874.942             250             160
    2         663.234     383.531         275.871    -609.570               2              33
   51       -1131.822    1514.101          72.218     626.026              51              60
    8        1331.672      -3.279         987.617     147.218               8              36
   21         -77.106    1085.527         408.428    -422.072              21              45
  208        -385.429    -272.785         160.611    -100.279             208             136
   35           6.562    1289.497         130.868      98.022              35              52
  114        -359.157     106.630         591.959      10.442             114              89
   95        -255.264     572.752        -171.235    -328.522              95              82
   76       -1122.012    1322.941         333.995     678.292              76              70
  119        -889.582    -190.289         370.963    -325.655             119              94
  195       -1296.410     214.818         342.950     975.999             195             129
   66        1259.292   -2134.752        1901.244    -762.878              66              68
  128        -553.203   -3312.455        -696.312   -1427.834             128              96
  148        1785.418    -109.400        -444.938     687.350             148             109
  166        2234.645    1698.476         870.699      63.585             166             115
  235        -450.507     779.672          63.153    -845.010             235             152
   79       -1776.492     504.871        -582.130     142.781              79              71
  218          23.837     147.248         312.135     452.014             218             144
  152         315.265     504.325         459.510     -14.059             152             108
  152        -355.634    -320.903         597.291    -284.150             152             111
   12         180.374   -1681.971          90.092   -1253.248              12              38
  197       -2074.477    -160.482       -1830.678    -446.667             197             133
  173        -571.776    1872.419        -720.547    1870.679             173             118
  231          60.075    1764.131        1002.659     751.517             231             150
  131        -841.111   -1411.333         211.436      20.333             131              97
  141        1049.033     632.536          53.606     591.251             141             105
  177        -521.520     848.723         592.643     609.111             177             120
  220         843.707    -841.462         646.830     484.884             220             145
   57        2270.329     319.706        1269.453      33.185              57              60
   56         -18.526     -32.249         195.740    -524.043              56              63
  189        1148.825     396.407         891.800     446.827             189             126
  180         636.248    -330.498         749.302   -1137.947             180             125
   73        -451.619    -497.069          15.444    -232.172              73              68
   81         821.791    -815.761         178.946   -1114.657              81              75
  239       -1565.166    1303.614       -1285.466     105.457             239             151
    4        -554.542    1512.568         582.040    1083.758               4              37
  166         504.282    -806.112         994.756    -901.894             166             115
   96       -2671.256    -268.147       -1160.588    -544.168              96              83
    6          53.383    -562.847         525.436     892.368               6              35
    0        -396.528    -924.316        -324.281   -1315.315              -0              35
   75       -1849.380      74.149        -907.033    1338.264              75              69
  130        1738.356    -494.876         685.509    -145.535             130             100
  220        -607.509    1185.028        -399.274     734.682             220             142
    5         105.589    -112.932         733.540    -505.392               5              37
  225       -2619.796    -584.931       -1300.738     504.047             225             144
   11        1639.148    -447.121         722.131     847.556              11              40
  126         411.042     917.967        -242.088     338.986             126              95
  129        -428.970     948.383         488.565     494.125             129              99
  157        -885.337    -529.778        -282.735     776.567             157             110
   15        1876.698     553.877        1243.843     853.412              15              42
   51         248.566    -653.023         608.823    -156.166              51              57
  194         733.457    -994.112         196.243    -391.869             194             132
   31        -377.700    1036.366        -704.696    1345.183              31              47
  163        2827.681     684.452        2488.132     583.014             163             116
   69        -650.944   -2012.719        -570.974   -1387.704              69              66
  190        1090.451    1506.992         288.444    1414.922             190             130
  200         186.792    -844.922         627.270    -469.114             200             132
  239        1027.793     190.685          46.711     653.799             239             154
  180         219.633    -146.449         423.713     146.090             180             122
   78        2045.435    -338.989         243.947     927.456              78              74
  222        3158.645    2151.300        1290.188     702.875             222             143
   36        1540.383     911.462        1408.099    -341.141              36              53
  146         492.659     115.944         184.985    -745.618             146             105
  149        -665.088    1687.819        -206.600     296.910             149             109
   85        -505.540     934.097         398.220    1168.782              85              74
   79        2431.875     939.507        1969.063     458.353              79              74
  218        -175.033    -507.939        1011.301    -720.708             218             141
   50        1599.481   -1461.803        1071.612    -638.548              50              60
  131        -112.651    -285.917        -432.962   -1023.215             131              97
   58        -452.747    1057.682        -105.146     913.204              58              64
   10        1151.716     383.915        1004.045     724.648              10              37
  233        2799.562     191.875        2069.450    -314.308             233             151
  106        -306.454    -922.523        -106.309   -1358.460             106              85
   31        1567.669    1364.542        1075.008     833.866              31              50
  131         710.365   -1446.981        1055.871   -2003.133             131              97
  151         148.944     780.706        -512.074    -153.631             151             110
   31       -1317.497     697.993         254.064    -848.800              31              47
   70       -1573.979     307.822        -603.366     747.288              70              70
   94         191.417     429.282        1381.190     417.585              94              79
  108        1432.970   -1782.272        1497.995    -189.120             108              89
   73        2111.762   -1718.544        1127.015   -2124.853              73              68
   22       -1083.153     267.400        -644.358    -323.330              22              46
  155        1060.575   -1697.508        1626.795   -1412.491             155             109
   25        -873.994   -2415.636       -1413.816   -2029.855              25              47
   25        -236.122     190.370        -558.592    -491.030              25              44
   11       -1764.425     123.028       -1694.379    -718.541              11              40
  243       -1862.945    1452.957        -638.557     882.998             243             153
  167        -659.176    -593.972        -371.076     -83.918             167             118
  207       -1359.629     409.561        -712.700     131.221             207             135
   95       -1031.033     452.275       -1103.889    1193.136              95              82
  210        1027.579    2106.601        1250.081    1192.274             210             137
   31       -1317.148   -1344.105        -480.106    -576.413              31              50
  244         572.473    2067.040         260.156    1979.252             244             154
   68        1123.344    -629.721        1524.736    -499.264              68              69
  180        -501.238     213.149        -354.013     -32.851             180             122
  156        -233.086    -164.542         322.003     266.064             156             113
  112        -282.755     860.509        -185.284     707.259             112              88
  198         663.243     113.835        1475.037    1166.958             198             134
   82        2911.708   -1715.075        1386.558   -1328.423              82              73
   97       -1872.012    1385.876       -1330.923     105.072              97              83
  190         987.512    1106.581        1737.645    1856.243             190             127
   65        1698.910   -1618.208        1666.707   -1273.641              65              67
  126         857.138    -985.213         625.321    -218.286             126              95
   12        1867.673    -716.923        1078.845   -1099.439              12              41
   58          21.534   -1130.793         593.880   -1014.558              58              61
   74         929.525   -2509.022        -304.564   -1880.857              74              72
  173          53.567    1515.225        -665.014      10.350             173             118
   59        -865.369    -719.584        -148.679   -1744.270              59              64
  111       -3887.761     703.395       -2667.558     626.166             111              87
  239         673.837     683.410         732.361    1567.930             239             154
   15         553.911      18.072         164.066      38.092              15              39
  221        1706.709     761.498         661.385     177.456             221             145
   26       -1547.447    2223.403        -149.331     -97.274              26              45
  150       -1128.342   -1546.347         899.374      71.505             150             110
  177         -12.154   -1236.128        -591.432    -931.485             177             120
   52        -762.816     372.493         -57.170     979.782              52              61
   86         725.430    -698.438         357.370    -583.732              86              75
   97        -999.304    -245.696        -488.879     872.556              97              83
   26        3489.000       0.608        1502.000       0.000              26              35
  194        -999.685     245.397        -488.883    -872.558             194              38
  217         725.042     698.605         357.367     583.733             217              35
  106        -762.868    -372.783         -57.168    -979.782             106              38
  218         -12.690    1236.071        -591.434     931.484             218              35
   18       -1128.935    1545.478         899.374     -71.503              18              38
  140       -1546.406   -2224.319        -149.331      97.272             140              35
   98        1707.196    -760.914         661.384    -177.454              98              38
   50         553.778     -17.908         164.066     -38.092              50              35
   26         673.645    -683.208         732.364   -1567.927              26              38
   23       -3887.585    -704.549       -2667.556    -626.173              23              35
  122        -865.074     719.375        -148.684    1744.271             122              38
  163          54.590   -1514.931        -665.013     -10.351             163              35
   86         929.046    2509.603        -304.569    1880.855              86              38
   73          21.510    1130.663         593.878    1014.559              73              35
  148        1867.698     717.386        1078.843    1099.441             148              38
  214         856.895     985.305         625.320     218.285             214              35
   80        1698.327    1618.301        1666.702    1273.645              80              38
  171         987.586   -1106.749        1737.650   -1856.239             171              35
   89       -1871.468   -1386.537       -1330.923    -105.076              89              38
  211        2911.229    1715.944        1386.556    1328.426             211              35
   65         662.917    -114.005        1475.039   -1166.955              65              38
  196        -282.742    -860.818        -185.282    -707.259             196              35
  152        -233.287     164.322         322.003    -266.064             152              38
  220        -501.157    -213.491        -354.014      32.851             220              35
   52        1123.083     629.773        1524.732     499.268              52              38
  178         572.840   -2066.999         260.162   -1979.250             178              35
  124       -1317.771    1343.502        -480.108     576.411             124              38
  253        1028.097   -2106.465        1250.083   -1192.271             253              35
  195       -1031.222    -452.530       -1103.887   -1193.140             195              38
  211       -1359.612    -409.918        -712.699    -131.221             211              35
  102        -659.447     593.712        -371.074      83.917             102              38
  157       -1862.436   -1453.550        -638.556    -882.999             157              35
  232       -1764.047    -123.356       -1694.382     718.536             232              38
   29        -235.650    -190.066        -558.593     491.030              29              35
  133        -874.350    2415.559       -1413.820    2029.851             133              38
  241        1060.365    1697.638        1626.792    1412.495             241              35
  175       -1082.647    -267.913        -644.357     323.327             175              38
   99        2111.585    1719.148        1127.010    2124.854              99              35
  153        1432.321    1782.269        1497.995     189.122             153              38
  216         191.337    -429.769        1381.190    -417.582             216              35
  143       -1573.892    -308.731        -603.364    -747.290             143              38
   60       -1316.875    -698.706         254.062     848.800              60              35
    3         149.743    -780.709        -512.073     153.627               3              38
  232         710.357    1447.004        1055.867    2003.135             232              35
  175        1568.390   -1364.250        1075.013    -833.864             175              38
  155        -306.428     922.273        -106.313    1358.458             155              35
  155        2799.856    -191.251        2069.450     314.313             155              38
  165        1151.668    -383.794        1004.046    -724.647             165              35
  194        -452.444   -1057.914        -105.144    -913.205             194              38
   61        -112.508     285.926        -432.964    1023.214              61              35
   60        1599.141    1462.125        1071.611     638.550              60              38
  202        -175.053     507.361        1011.299     720.709             202              35
  100        2432.191    -939.184        1969.064    -458.348             100              38
  246        -505.385    -934.618         398.223   -1168.782             246              35
  209        -664.308   -1688.183        -206.599    -296.911             209              38
  186         493.127    -115.867         184.984     745.618             186              35
    6        1541.106    -911.139        1408.099     341.143               6              38
   69        3159.444   -2150.133        1290.189    -702.873              69              35
  229        2044.987     339.915         243.950    -927.457             229              38
   66         219.289     146.567         423.713    -146.090              66              35
  240        1027.656    -190.298          46.713    -653.799             240              38
  194         186.344     844.889         627.269     469.114             194              35
   67        1090.777   -1506.584         288.450   -1414.921              67              38
   81        -651.627    2012.476        -570.975    1387.704              81              35
   67        2827.762    -683.784        2488.132    -583.008              67              38
    3        -377.700   -1036.448        -704.694   -1345.185               3              35
  229         732.943     994.414         196.242     391.869             229              38
    4         248.187     652.897         608.822     156.166               4              35
    9        1876.512    -553.430        1243.844    -853.409               9              38
   11        -885.960     529.283        -282.733    -776.568              11              35
   80        -428.806    -948.733         488.566    -494.124              80              38
   70         411.240    -917.781        -242.088    -338.987              70              35
  127        1638.520     447.752         722.132    -847.553             127              38
  120       -2620.341     583.957       -1300.736    -504.049             120              35
   43         105.547     112.747         733.539     505.393              43              38
   81        -607.115   -1185.275        -399.273    -734.684              81              35
  219        1737.933     495.516         685.507     145.537             219              38
   85       -1849.680     -74.755        -907.030   -1338.266              85              35
   39        -396.885     924.143        -324.285    1315.314              39              38
  159          52.973     562.672         525.437    -892.368             159              35
  134       -2671.315     267.027       -1160.591     544.164             134              38
  219         504.219     805.889         994.754     901.898             219              35
  218        -554.032   -1513.091         582.044   -1083.757             218              38
  145       -1564.470   -1304.069       -1285.466    -105.461             145              35
  235         821.819     816.123         178.942    1114.658             235              38
  212        -451.560     496.788          15.444     232.172             212              35
  236         636.431     330.482         749.299    1137.949             236              38
  194        1149.074    -396.224         891.800    -446.825             194              35
  216         -18.390      32.091         195.738     524.043             216              38
   83        2270.443    -319.059        1269.453     -33.181              83              35
   70         843.097     841.517         646.831    -484.883              70              38
  174        -521.437    -849.172         592.643    -609.110             174              35
  124        1049.020    -632.231          53.607    -591.250             124              38
  178        -841.844    1410.769         211.436     -20.332             178              35
   32          60.490   -1764.484        1002.662    -751.514              32              38
  148        -571.396   -1872.502        -720.545   -1870.680             148              35
  181       -2074.484     160.087       -1830.680     446.661             181              38
  155         180.018    1682.011          90.088    1253.248             155              35
   85        -355.621     320.476         597.292     284.152              85              38
  115         315.512    -504.465         459.510      14.058             115              35
   29          23.819    -147.426         312.136    -452.013              29              38
   83       -1776.173    -505.650        -582.130    -142.784              83              35
   41        -449.716    -779.939          63.149     845.009              41              38
  188        2235.541   -1697.539         870.698     -63.583             188              35
  244        1785.198     110.503        -444.936    -687.351             244              38
  154        -554.500    3312.394        -696.315    1427.832             154              35
   70        1258.341    2134.649        1901.242     762.883              70              38
  151       -1296.626    -215.855         342.952    -975.999             151              35
   46        -889.685     189.452         370.962     325.656              46              38
   60       -1121.449   -1323.744         333.997    -678.292              60              35
  152        -254.873    -573.071        -171.237     328.521             152              38
   51        -358.929    -107.051         591.959     -10.442              51              35
  123           7.177   -1289.714         130.868     -98.023             123              38
  203        -385.312     272.438         160.610     100.279             203              35
   98         -76.432   -1085.812         408.426     422.072              98              38
  102        1331.786       3.450         987.617    -147.217             102              35
  142       -1131.176   -1514.736          72.219    -626.026             142              38
  175         663.664    -383.522         275.870     609.571             175              35
  162         491.185   -1489.686        1305.687    -874.938             162              38
  103        -629.306   -2999.190       -1035.767    -535.302             103              35
   51        3444.815     588.770        1047.701     926.215              51              38
  180         681.458    -232.104         444.596   -1332.748             180              35
   55         -50.031      17.869         -50.411     220.478              55              38
  253         228.768    -464.230         394.714    -837.709             253              35
   18        -527.369    -742.377        -237.492      19.971              18              38
   92         500.107    -630.922         172.262    -702.923              92              35
  129       -1197.980    -227.935        -784.544     427.382             129              38
  173        1744.998     352.333        1110.000     408.000             173              35
   21        -680.338   -1593.951         309.330   -1125.976              21              38
  215         534.273   -1672.400        -613.786    -238.686             215              35
  199         614.772     515.951         225.561       1.371             199              38
  149         136.497   -1782.461        -581.231    -719.954             149              35
   85         613.949    2154.510        -763.820     845.033              85              38
  247        -265.800    1482.348         399.492     546.212             247              35
   83        -748.741    1083.557         432.674     259.551              83              38
  250       -1891.363   -2214.317          35.349    -356.178             250              35
  138        1118.777    -549.767        -159.263     946.532             138              38
  204         969.434    -575.600        1132.068     -15.690             204              35
  236        1419.852   -1245.379         -31.350     130.486             236              38
  177        2498.192     350.845        1433.465      24.427             177              35
  195        1196.431   -1419.613         156.287   -1416.378             195              38
   62        -290.734     473.351        -710.030    -407.657              62              35
   76        -732.747     480.012        -662.810     628.301              76              38
   39        2062.363     489.039        1080.148     746.541              39              35
  228        1519.559     219.944         514.161   -1128.638             228              38
  122       -1708.799     658.835        -770.975    -149.061             122              35
  242          64.478     835.729         -79.662     760.165             242              38
   97         187.041     776.556        1128.631     337.223              97              35
    2         416.810   -2000.163         430.718   -1110.390               2              38
   97        -245.573    -214.043        -344.393    -176.393              97              35
   59         425.809   -1213.595         -88.692    -705.847              59              38
   86        -830.401     745.627       -1374.214     514.235              86              35
  140        1792.005    1716.360         974.916    1284.380             140              38
   82         147.335     221.393         526.058    -891.204              82              35
  127        -529.573     106.033        -383.514     240.483             127              38
    3         121.442     552.027         267.156    -169.042               3              35
  161       -1367.762     363.517        -757.196     351.021             161              38
   79         429.142     921.760         709.425    1362.953              79              35
   45        2504.291     -85.909        1561.304    -308.289              45              38
   43        -928.440      46.683         369.532   -1105.533              43              35
  213        -586.984   -2374.497        -380.258    -715.577             213              38
   47         165.891     611.873        -706.112    -228.795              47              35
   54       -1388.464     454.312        -821.337     490.198              54              38
  141         348.202    1938.376          43.793    1391.023             141              35
  165         461.560     825.174        1471.094     443.791             165              38
   50        -110.567   -1593.608         587.946    -908.944              50              35
  135         306.718   -1412.331        -291.811    -505.315             135              38
  184          82.596     923.751        -726.430      68.857             184              35
  212        -551.581    1915.296         -44.225    1169.330             212              38
   29         410.117     826.919        1071.022     302.112              29              35
   39        -636.450    -377.739         365.396    -260.598              39              38
  117         -96.619    -216.991         407.640     -22.934             117              35
  200        -738.386    -677.002         323.116    -338.919             200              38
  145        -347.927   -2007.039         -90.473    -415.419             145              35
   86         652.771     368.109        -576.429     442.069              86              38
   91         534.628    1372.549        1215.736     916.969              91              35
    8        1459.196   -2079.613         989.669   -1559.437               8              38
  234       -1598.419     706.371       -1032.831    -683.031             234              35
   60       -2333.877    -695.541        -506.316      81.358              60              38
   91        -807.885    -810.083        -373.380     558.351              91              35
  252         626.752   -1508.275         298.940    -162.489             252              38
  194        -118.909    -220.501       -1048.080     199.328             194              35
    0         319.472    1520.013          20.338    1076.983               0              38
  132        -754.587     523.849         126.434     979.854             132              35
   84        2727.377    -725.439        1626.187     450.623              84              38
  187         187.554    -167.336        -223.624   -1207.428             187              35
   59        -743.570     721.034        -507.554    1081.784              59              38
  158         819.082    1145.010         716.973     303.798             158              35
   17       -1308.600      12.236         226.024     369.989              17              38
   31         697.339   -1356.954         628.795      12.141              31              35
  210         161.952    -255.587        -270.056      49.257             210              38
  176         463.258     818.657         418.974    1259.704             176              35
   48        1967.217    -258.636        1730.855    -106.720              48              38
   77        -147.395   -1937.676          58.316    -888.376              77              35
   97        2250.044     -12.320         152.223     166.576              97              38
   40        -565.964    1635.819          95.556    -118.353              40              35
   10        -183.804    -621.275         374.455     357.357              10              38
  240         450.523      -9.927         479.663     -32.992             240              35
  251        1195.607   -1208.744         906.661    -236.062             251              38
   57         221.264    -919.081        -337.925   -1289.889              57              35
   14        -734.131     325.187       -1036.429     679.078              14              38
  200         900.779    1703.962         331.399     908.549             200              35
   30         466.011    1078.201         879.358     632.277              30              38
   34         500.769    -248.097         917.946    -273.209              34              35
   74        1236.293     159.857         809.857     -45.191              74              38
  104        -503.342    -304.864         832.055   -1522.827             104              35
  229       -2724.091   -2030.171       -1505.955    -653.091             229              38
   70         284.648     607.232         183.723    1098.511              70              35
   47         578.818    -959.000         627.639    -641.020              47              38
  103       -1232.188    -472.326        -287.976    -289.504             103              35
  111          61.484   -2053.350        -306.749    -567.206             111              38
  249       -1411.116    1131.389       -1250.995     534.196             249              35
    3           6.999    -393.165         473.277    1196.170               3              38
  107        1223.175    -310.451         633.538    -196.008             107              35
  102        -406.667   -1391.220        -414.409    -476.059             102              38
  189        -578.609    1145.081        -935.937    1112.566             189              35
   71        1392.818     159.997        1237.599    1049.028              71              38
   13         635.815    -192.685         379.073    -433.043              13              35
  177         402.915   -1235.372         218.145     -52.606             177              38
  119        -130.067     518.445        -903.606     -32.539             119              35
   32          25.234     985.219         138.763    1839.220              32              38
  212        2736.561     833.597        1562.145     311.056             212              35
   17         253.673    -302.578         412.765    -663.866              17              38
   38        -669.899    1370.007        -306.429     490.148              38              35
  107          13.418    -744.645        1074.810     142.569             107              38
  163        -173.244    -228.980        -555.435    -109.735             163              35
   61         604.324     717.692        1117.852    1087.065              61              38
  176         437.054    -686.555         737.838    -583.187             176              35
  246         928.832   -1817.990        1217.981    -534.186             246              38
  198        -765.415   -1849.576       -1308.536   -2052.095             198              35
   86       -2180.259     830.079       -1386.272    1635.736              86              38
  148         712.776     220.733         291.784     744.959             148              35
  160         699.945     205.457         884.237     958.773             160              38
   95         343.452   -1441.832          37.222    -901.652              95              35
   92         420.029     832.683        -344.443    1668.465              92              38
   41        1606.949    1390.172        1548.976     120.475              41              35
  158        -683.374   -2100.456         764.496    -235.555             158              38
  103        1925.154   -2090.289        -202.504   -1475.219             103              35
   94       -2054.487    2319.079       -1508.121    1347.078              94              38
  207        1127.438     369.668        1717.629    1165.092             207              35
  178         951.987   -1717.802         811.370   -1230.867             178              38
   65       -1846.715    -538.316        -870.114    -135.441              65              35
  216        1472.213   -2316.302         939.407     -79.166             216              38
   45        -751.126    -715.843       -1934.924   -1622.018              45              35
   59       -2958.383    2057.657       -1277.066    2065.246              59              38
  133       -2064.519   -1599.360        -800.452     385.002             133              35
  129        1013.713     465.689        -156.374    2541.531             129              38
  249        -940.962      17.096        -139.935     178.505             249              35
   15         965.572    -237.506         145.034    2746.517              15              38
   24        -787.361      85.327           8.489    -274.426              24              35
  204         211.697   -1616.852        -270.773    3400.350             204              38
  130         602.343     376.236        -173.225    -175.946             130              35
  110        -426.592    -842.515        -914.243    5332.617             110              38
  106       -1735.257    3006.870       -1779.321    1370.212             106              35
  160        -481.678    1248.190        1035.965   20367.518             160              38
