SINAL     NFT                         FFT                         NFT INVERSA     FFT INVERSA
-----     -----------------------     -----------------------     -----------     -----------
  133       67588.000       0.000       35021.495       0.000             133             100
   62        1515.879     582.166        1355.502  -19870.055              62              66
    2        1570.454    -611.248         860.959    -506.982               2              34
   84        1605.546     144.707        1226.867   -7390.213              84              77
  217        -269.900    -913.827        -178.567   -1167.097             217             142
  245         373.417     582.395         528.138   -3651.073             245             158
  113        1418.408   -1840.401         969.698   -1389.331             113              90
  249         -39.992     287.066        -631.442   -3606.880             249             160
  105        -171.466      10.461         366.000     -81.150             105              86
  185         585.347    -529.627         122.844   -3131.638             185             128
  213        -719.881     415.050        -213.308      -0.126             213             140
  249         890.059    -529.564        1118.112   -2329.508             249             160
  212        -170.541   -2309.470        -204.716   -1748.755             212             139
  253         131.345     333.059        -802.426   -1851.143             253             162
  180        -619.977     257.388         151.418    -274.654             180             123
  149         483.424    -993.757         191.933   -2347.481             149             110
  232       -1742.350    -586.008        -853.795   -1155.273             232             149
  134        -783.297   -1344.040        -512.403   -1329.210             134             102
  235         844.369   -1282.869        -492.461   -1195.794             235             151
   85       -1254.734    1541.464       -1372.664   -1198.805              85              78
  206       -2126.858    -511.177        -398.755    -492.335             206             136
  146       -1737.580   -1374.730       -1914.562   -1330.014             146             108
  151        -894.686    1203.748        -906.740    1244.968             151             109
   46         368.057    -392.617         -12.431    -851.413              46              58
   98       -1243.103     334.375       -1419.713     -82.671              98              82
   70       -1393.579    1458.893        -946.859     888.047              70              70
  104         935.293     206.797         541.537     925.071             104              85
  156         562.515     928.694         111.035      -9.473             156             113
  206        1236.373    -647.636        1141.932     258.821             206             136
   79        2188.033   -1079.499         115.555   -1632.203              79              75
   68         244.843    1188.095        -848.897    -189.196              68              67
   16         422.439    2933.799        -123.965     394.524              16              43
  163        -491.482     661.198        1071.248    -818.609             163             115
  255       -2515.529   -1097.104       -1635.886   -1137.400             255             163
  201         501.278     264.614         304.687     582.362             201             134
   17       -1137.833    -112.246       -1668.445   -1200.542              17              44
  210        -549.340    2640.907        -166.592    2294.493             210             138
  240        1095.663     137.785         315.484    -789.887             240             155
  135        -442.400    3343.651         188.463    1924.055             135             101
  143        1577.319    -912.629        2154.490   -1377.178             143             107
  249        -623.705    -576.883        -510.675   -1002.151             249             158
  177        -238.075    -100.762        -220.441   -1221.715             177             124
   88       -2277.510    1104.293       -1349.630       1.011              88              77
  236       -1552.280     790.571        -357.861     275.227             236             153
  142        -840.547     410.668          83.758     584.035             142             104
   11        -556.343    -642.520          31.095    -757.605              11              41
   13       -1479.909     269.546        -677.888     790.755              13              40
  216        1181.763    -620.428         894.724    -187.158             216             143
    1        -362.769    -138.100        -461.259    -381.695               1              34
  104         -28.116     138.876         -10.535     -23.663             104              87
  216         -62.136     265.000        -296.029    -119.551             216             141
  142        -572.702    1310.180        -249.276     271.662             142             106
  159        -613.685     434.185         459.582      88.716             159             113
   24       -1347.365    -564.592        -467.738    -345.723              24              47
  248         407.751    -239.017         708.826     534.757             248             157
  217          54.293   -1713.365        -485.848   -1621.275             217             144
  200        -823.082    2397.230        -913.367    1534.222             200             133
   95        -175.355     -47.380        1261.086    -625.542              95              83
  159       -1499.956   -1465.295        -901.131    -176.148             159             113
   40         328.556     -45.825          77.914    -166.557              40              55
  175       -1002.485     299.556        -600.792     832.791             175             121
   19        1734.730      45.098        1680.201    -392.817              19              45
   67       -2687.854   -2508.137       -1426.855   -1564.937              67              67
  206          34.950     763.353        -735.920    1458.585             206             138
  173         242.090    -844.011        1160.473    -199.519             173             120
  119         569.889   -3237.060        -698.455   -1150.925             119              95
   73        1276.698     152.930        -804.967     287.718              73              70
  142        1094.130    1245.851        -744.020    -219.651             142             106
  187       -1838.893    2639.015        -873.162    1197.344             187             127
  175        1181.033    -298.473         620.990     317.379             175             123
  202        -352.306    1216.860        -515.268    -334.248             202             134
   38       -2223.896      41.039       -1459.830     203.218              38              54
   27       -1248.431    2758.656       -1061.783    2864.098              27              47
  142        3504.670     718.478        2736.110    1806.401             142             106
   45        2782.792     131.403        1291.683   -1358.672              45              56
  124       -1445.843     433.265        -365.007    -190.730             124              97
  140        1438.897    -424.911         551.791     -10.531             140             103
  198        -220.055    1101.379        -728.332    -676.358             198             134
  225       -2202.409    2162.127        -443.529    1550.693             225             146
   14        1395.642   -1331.365        1308.580     188.104              14              42
  103        1438.459     175.079         122.969    -363.648             103              85
  248          63.674     535.224        -334.304    -158.500             248             159
  177         331.168    2910.653          46.325    1298.868             177             122
   42         375.113     286.756        1677.847    -492.027              42              56
   79       -1043.581    -999.665        -537.968   -1070.786              79              73
  159       -1331.850    -453.609        -733.965    -231.463             159             115
   17        -712.785     911.330       -1083.206     921.305              17              42
  114         131.783    1282.268         375.814     933.316             114              92
  127         271.259    1208.297          26.854     918.220             127              97
   48         665.869     943.138        1161.289     241.175              48              59
  193        -861.370     200.756        -536.434     105.453             193             130
  222         371.899    1421.922         871.006     992.127             222             146
  187        -664.879     -74.068          46.866       8.713             187             127
   36         317.244     883.456         809.130    1319.273              36              53
  221        1471.549    -506.559        1480.619      69.520             221             144
  253        1735.863    -995.435        1330.009    -554.566             253             162
   19         596.426    -737.822         -15.421   -1004.125              19              43
  170         326.563     469.200         334.871     392.324             170             120
  245        1760.188    -475.359         823.066    -749.211             245             156
  167        -241.958     582.516         -38.663    -747.639             167             119
   26       -1133.301    -415.270        -577.666    -434.226              26              46
    6          19.462    1080.772        -149.805     566.011               6              38
   23        -514.864     279.360         369.477    -234.653              23              45
  241        -615.326    -760.505        -376.860       5.411             241             156
  126         866.121     841.478          47.420     459.793             126              96
  242         144.686    1129.049         359.069     223.508             242             156
   99        -313.962     690.670         267.103      44.074              99              83
   29        -464.195    -361.216         156.556    -239.525              29              50
  155        -740.881    1374.140        -825.972     536.854             155             111
   91        -574.794    2003.522        1439.097    1613.347              91              81
  193         553.111   -3021.620        1228.099   -1664.839             193             130
  245       -1525.688    -632.516       -1404.846     356.745             245             158
   49        2631.781    1167.223        1273.773    1449.043              49              58
  251         754.793     988.622        1821.966    -356.391             251             161
   17         352.393   -3944.939        1197.595   -1855.765              17              42
   28         442.834   -2284.224       -1223.970   -1722.783              28              49
  151        -414.330     888.540       -1254.939     125.596             151             109
  150       -1743.625    1629.873       -1084.618     731.247             150             110
  236         173.038     835.336         357.784    1798.250             236             151
  123        1642.094     411.949        1332.004      -4.296             123              97
   17         -22.550   -1254.122         -48.900      96.624              17              42
   97        3515.462    1309.207        1243.651     550.946              97              84
   52         164.091    -197.632         631.197   -1352.813              52              59
   21        -170.668     603.299       -1047.911      95.725              21              46
   46        -130.541    2646.472         554.510    1079.388              46              56
   67         599.250     256.875        1120.462      47.482              67              69
  222        -310.193    -264.429         676.078    -644.740             222             144
  173          83.127   -1134.319         -65.970    -172.504             173             122
   86        1315.867    1010.099         609.000     -14.000              86              76
   48        -724.221     617.703          82.231    -149.454              48              59
  207         149.675     128.152        1087.932     225.930             207             137
  102         990.800   -2282.355         664.722   -1291.403             102              86
  186         904.915     472.898        -132.282    -643.782             186             126
   45       -1176.406     144.048        -307.866    -865.639              45              58
  146       -1290.241     598.335        -634.577     144.156             146             106
  236       -1076.065    -404.624         130.036    -318.803             236             153
  198       -1422.477    -914.881       -1021.066     -99.850             198             132
   42         275.660      93.690        -291.482     932.038              42              56
   44        1087.377    1802.231        -100.841     693.081              44              55
    9        -564.548    2472.763         596.199    1556.340               9              40
  218        2202.297     504.067        2142.938     278.063             218             142
  239        -785.915    -591.787         970.593   -1179.635             239             155
   60         502.077   -2267.917         230.882    -612.621              60              63
  241         423.497     971.185         166.221    -580.941             241             156
   64       -1695.369    -821.154         -78.646    -235.140              64              65
  118         383.862    -535.433         312.621      90.089             118              94
  152         972.992   -1418.086         900.637    -558.521             152             109
   87         817.312   -1300.642        -253.214   -1492.775              87              79
  142       -1114.463     163.803       -1276.990    -245.863             142             104
   28        -358.733    1677.045        -912.705     603.155              28              49
  187       -1397.543    2823.568        -235.493    1678.417             187             127
   36         762.228    1022.245        1697.570    1086.854              36              53
  183         485.552    -484.442        1247.928    -396.920             183             125
   71         527.576    -646.839        1148.028    -182.765              71              71
  223        1252.028   -1886.732        1172.737   -1364.902             223             145
   76        -673.322    -816.823        -494.678   -1290.897              76              73
  111       -1002.736    -380.956        -207.760     237.833             111              89
   54        1350.406    -762.974        1116.403    -590.221              54              62
   21        -988.780   -2367.606        -367.772   -1753.762              21              44
   95        -149.875    -754.183       -1089.631    -189.592              95              83
  247        -354.963       3.755        -443.560    -140.359             247             157
  223         417.737     504.264        -754.550     460.592             223             147
   78          48.971    2430.568         202.497     764.449              78              72
  225          39.572     590.231         844.334     448.488             225             148
   37         426.325    -586.689         832.904   -1018.676              37              52
   24       -1682.605    -406.932        -799.298    -214.193              24              47
   26         900.176    -560.644         646.592     179.673              26              46
  132         637.155     932.996        -318.230    -295.005             132             101
  192       -1082.347    1995.386         927.479     425.015             192             129
  252       -1388.967   -2229.962         350.207   -1074.833             252             161
    1        -344.804   -1511.870         333.003    -283.703               1              34
   61         559.333   -2811.193        -150.887   -1385.119              61              66
   76        -202.058     465.112        -691.826     -88.777              76              71
  211        -733.446   -1265.183        -267.411    -616.759             211             141
  107        -302.467    -125.037        -898.434     265.693             107              87
  139         762.005     -80.257         201.837     394.870             139             105
  227        1772.157     352.754         252.037    -210.924             227             147
  239          59.256    1299.981        -222.137    -412.259             239             155
  139        -935.106    1548.763         -37.923     148.670             139             103
  243       -1158.945    -540.416         128.874    -738.034             243             157
  121       -1435.790    -121.668        -966.151    -286.332             121              94
  194       -1549.679     555.529        -378.170     440.825             194             132
  248        -282.375    -475.637         -67.793      98.010             248             157
  177        -899.736     849.732        -323.616     -13.849             177             124
  167       -2324.351    -454.855        -530.542     372.404             167             117
  129         501.801    -120.162         162.365    1088.111             129             100
  187        1416.986    -395.831        1375.690    -394.644             187             127
  141        -961.922   -1096.446       -1157.720   -1165.097             141             106
    9       -1498.879    2144.324        -592.572    1576.546               9              38
  159         492.684    -438.524        1148.050     286.214             159             115
   86         256.027    -639.616         687.390    -577.591              86              76
   73        -939.807   -1978.939        -533.574   -1380.659              73              72
  101       -2230.030     563.749       -1560.474     414.479             101              84
  110       -1682.403    -346.900        -552.182    1065.268             110              90
  138        1101.672     338.889         538.514    1643.809             138             102
  109        2154.524    -856.236        1445.428    -570.407             109              90
  233       -1313.794     304.303        -978.459     -41.731             233             150
  162         479.367    -249.728         947.539    1049.423             162             116
  206        1216.008   -1043.411         431.593    -542.593             206             136
  110         872.915    -519.991         548.097     352.927             110              90
  126        2431.484    -842.156         546.359   -1147.483             126              96
  223       -1175.934    1184.586        -861.811    -315.558             223             147
   74       -1039.246      43.405        -695.590      35.904              74              70
   81        -904.009    2772.172        -636.132    1966.066              81              76
   34        1493.055     599.457        2757.342     473.831              34              50
   10       -1059.855   -2056.265        -363.447   -1699.475              10              40
  163       -1099.269      96.553         422.568     633.226             163             115
  138        -451.472   -3854.281        -420.854   -1353.346             138             104
  198        1040.738    1702.365        -238.059    1622.263             198             132
  197         559.314   -2310.169        1263.304   -1358.211             197             134
  168         267.723    -211.372       -1636.921     350.348             168             117
  163         822.210    1793.936        1284.821     712.420             163             117
   14         -57.328   -1756.185         -36.598    -780.728              14              40
   90         499.561     -24.857          21.989     -57.696              90              80
    6          71.784      16.175        -437.714    -256.208               6              36
  112       -1498.238     932.065        -409.336     395.778             112              91
  240         263.131    -731.817         -57.361     804.871             240             153
    9        1080.631    1685.350         752.463     412.095               9              40
  136        -680.091   -1278.219         396.814      49.588             136             101
   41        2048.738     189.443         732.127    -331.557              41              56
  123       -2564.881    -856.888        -646.553    -651.754             123              95
   41         749.828     -82.400        -311.783    1109.366              41              56
   12        -133.674     416.146        1021.502     223.861              12              39
  172        1302.981   -2740.002          93.990    -410.340             172             121
  221         681.686    1978.950        -260.266     221.156             221             144
  167       -1245.696     -65.305         214.404     910.824             167             119
  233        2095.292    -682.040        1120.668     145.708             233             150
   30         -15.936    -219.705          41.310      86.177              30              50
  246        1977.142     -75.164        1428.720     755.993             246             156
   87        1834.403   -1449.027        1314.225    -954.548              87              79
   32        1825.401   -2034.152         784.405   -1090.335              32              49
  150        1082.813    -782.642        -770.294   -1244.525             150             110
   11         359.078    1585.778         292.261     854.766              11              39
   55        2152.792   -1609.568         768.084   -1678.211              55              63
  177       -1882.283    1923.935       -1349.907    -204.641             177             122
   90        -963.261   -1201.234          34.900     520.524              90              80
  239        2954.638     668.806         664.602     442.536             239             153
   84         308.348     376.913         607.688    -991.721              84              77
  220        -241.613     326.944        -320.041     331.479             220             143
   35        1664.564     418.270        1446.383    -339.748              35              53
  203         -90.921   -1295.276         510.982   -1500.222             203             135
  140          82.810   -1993.902        -799.026   -1799.720             140             105
  150       -1421.551    2457.212       -1245.007     375.875             150             108
  128       -1622.458   -1124.616         268.869    -784.702             128              99
   84       -1394.944    -647.483       -1561.057      80.879              84              75
   32         871.393     242.233         508.984     219.667              32              51
   77       -1332.900     634.967       -1009.241    -532.443              77              72
  147       -2152.415     -75.256        -468.718     484.646             147             109
   66        -403.076    -141.563        -402.898     898.286              66              66
   78        1603.931    -927.798        1464.897    -208.554              78              74
   75       -1269.110   -1395.239       -1595.769   -1350.192              75              71
  161        -721.235     968.559        -600.866    1702.896             161             116
  181         946.343      42.106         284.431      -8.116             181             124
  255        -471.835     266.630        -141.531     924.257             255             163
   83        1873.628    -155.994         689.326      87.582              83              75
  133          64.726     485.589          53.034     404.383             133             102
   50        1756.000       0.268         985.000       0.000              50              36
   23          64.816    -485.538          53.029    -404.383              23              38
  113        1873.381     156.680         689.326     -87.580             113              36
   30        -472.022    -266.741        -141.531    -924.258              30              38
  150         946.092     -41.726         284.431       8.116             150              36
  185        -721.238    -968.552        -600.863   -1702.897             185              38
  198       -1269.574    1395.061       -1595.772    1350.188             198              36
   81        1603.506     928.286        1464.897     208.558              81              38
  185        -403.570     141.316        -402.897    -898.287             185              36
   23       -2152.621      74.437        -468.717    -484.646              23              38
  182       -1332.488    -635.417       -1009.242     532.440             182              36
  188         871.507    -241.788         508.984    -219.665             188              38
  201       -1395.275     647.142       -1561.058     -80.882             201              36
  109       -1622.677    1123.904         268.866     784.705             109              38
  124       -1420.298   -2457.562       -1245.005    -375.879             124              36
  235          82.638    1994.232        -799.031    1799.719             235              38
    3         -90.872    1295.061         510.980    1500.222               3              36
   50        1664.995    -417.940        1446.381     339.753              50              38
  220        -241.325    -327.104        -320.040    -331.480             220              36
  217         308.864    -376.823         607.684     991.724             217              38
  226        2954.861    -667.678         664.604    -442.534             226              36
   65        -963.894    1200.904          34.901    -520.522              65              38
  191       -1881.249   -1924.452       -1349.905     204.639             191              36
  184        2152.693    1610.443         768.080    1678.212             184              38
  155         359.811   -1585.498         292.263    -854.766             155              36
   43        1082.843     783.448        -770.298    1244.523              43              38
  156        1824.892    2034.922         784.404    1090.337             156              36
  241        1833.899    1449.465        1314.222     954.550             241              38
  106        1976.852      75.625        1428.722    -755.990             106              36
  243         -16.234     219.617          41.310     -86.177             243              38
   59        2094.739     682.605        1120.669    -145.706              59              36
  112       -1246.008      64.653         214.407    -910.824             112              38
  144         682.336   -1978.551        -260.266    -221.156             144              36
   36        1301.831    2740.543          93.988     410.340              36              38
  219        -133.829    -416.401        1021.503    -223.859             219              36
   39         749.434      82.646        -311.781   -1109.367              39              38
  243       -2565.201     855.944        -646.554     651.753             243              36
  187        2048.865    -188.854         732.126     331.560             187              38
   93        -680.655    1277.756         396.815     -49.587              93              36
  100        1081.092   -1685.138         752.463    -412.094             100              38
   72         262.561     731.895         -57.360    -804.871              72              36
  251       -1498.040    -932.600        -409.336    -395.780             251              38
    4          71.900     -16.028        -437.715     256.207               4              36
  252         499.558      25.185          21.988      57.697             252              38
  160         -57.915    1756.060         -36.599     780.728             160              36
   50         822.779   -1793.708        1284.823    -712.416              50              38
   99         267.547     211.804       -1636.919    -350.352              99              36
  138         558.430    2310.345        1263.299    1358.215             138              38
  236        1041.010   -1701.888        -238.057   -1622.263             236              36
   30        -453.147    3854.163        -420.859    1353.345              30              38
  168       -1099.422     -97.262         422.570    -633.225             168              36
   53       -1060.433    2055.475        -363.452    1699.473              53              38
  170        1493.210    -599.635        2757.343    -473.826             170              36
   51        -903.306   -2772.659        -636.127   -1966.067              51              38
  219       -1039.200     -43.647        -695.587     -35.905             219              36
   48       -1175.148   -1184.802        -861.812     315.553              48              38
  194        2431.459     843.199         546.357    1147.484             194              36
  187         872.628     520.355         548.098    -352.926             187              38
    3        1215.432    1043.759         431.592     542.594               3              36
  244         478.905     249.722         947.542   -1049.421             244              38
   46       -1313.789    -304.790        -978.460      41.729              46              36
  241        2154.112     856.882        1445.426     570.412             241              38
  213        1101.129    -338.622         538.517   -1643.807             213              36
  210       -1683.146     346.294        -552.178   -1065.268             210              38
  136       -2230.010    -564.400       -1560.473    -414.481             136              36
  127        -940.349    1978.623        -533.580    1380.657             127              38
  108         255.869     639.398         687.388     577.594             108              36
   17         492.327     438.283        1148.050    -286.211              17              38
   53       -1498.329   -2144.915        -592.569   -1576.547              53              36
  243        -962.132    1096.222       -1157.724    1165.094             243              38
   79        1416.847     396.162        1375.689     394.648              79              36
   82         501.313     120.177         162.368   -1088.111              82              38
    9       -2324.791     453.853        -530.541    -372.404               9              36
  119        -899.424    -850.182        -323.615      13.848             119              38
  188        -282.613     475.437         -67.793     -98.012             188              36
   11       -1549.560    -556.175        -378.170    -440.826              11              38
  159       -1435.698     121.121        -966.152     286.330             159              36
   89       -1158.857     539.769         128.871     738.035              89              38
  181        -934.179   -1549.289         -37.921    -148.669             181              36
   89          60.181   -1299.841        -222.137     412.259              89              38
  176        1772.496    -351.907         252.037     210.924             176              36
  133         761.854      80.750         201.837    -394.870             133              38
  175        -302.659     125.195        -898.432    -265.695             175              36
  173        -733.870    1265.072        -267.413     616.758             173              38
  166        -201.796    -464.951        -691.826      88.776             166              36
  148         558.374    2811.520        -150.890    1385.119             148              38
   48        -345.463    1511.506         333.004     283.705              48              36
  234       -1389.708    2228.883         350.205    1074.833             234              38
  226       -1081.388   -1996.294         927.480    -425.014             226              36
  147         637.748    -932.811        -318.230     295.003             147              38
  134         899.938     560.937         646.592    -179.672             134              36
  241       -1682.684     406.216        -799.299     214.190             241              38
   38         426.363     586.526         832.902    1018.678              38              36
  241          39.879    -590.614         844.336    -448.486             241              38
  113          49.893   -2430.584         202.499    -764.448             113              36
  245         417.935    -503.813        -754.548    -460.593             245              38
  152        -354.959      -3.542        -443.560     140.359             152              36
   62        -150.087     754.469       -1089.631     189.588              62              38
   37        -989.366    2367.313        -367.776    1753.761              37              36
   66        1350.254     763.203        1116.402     590.224              66              38
  211       -1002.863     380.480        -207.759    -237.834             211              36
  105        -673.287     816.514        -494.681    1290.895             105              38
  144        1251.638    1886.851        1172.733    1364.904             144              36
  169         527.387     646.494        1148.028     182.767             169              38
  142         485.370     483.983        1247.927     396.922             142              36
  152         762.374   -1022.637        1697.573   -1086.850             152              38
    8       -1396.714   -2824.278        -235.489   -1678.418               8              36
   94        -358.082   -1676.919        -912.704    -603.156              94              38
  185       -1114.155    -163.779       -1276.990     245.861             185              36
  255         817.178    1301.148        -253.218    1492.775             255              38
  132         972.555    1418.336         900.636     558.524             132              36
   26         383.519     535.359         312.622     -90.088              26              38
   63       -1695.580     820.299         -78.646     235.140              63              36
   35         424.087    -971.151         166.220     580.941              35              38
  135         501.402    2267.897         230.881     612.621             135              36
  179        -785.888     590.922         970.589    1179.637             179              38
  249        2202.543    -503.983        2142.939    -278.058             249              36
  147        -563.811   -2473.305         596.204   -1556.338             147              38
  229        1087.916   -1801.747        -100.838    -693.081             229              36
  154         275.381     -93.348        -291.478    -932.039             154              38
   94       -1422.985     914.447       -1021.067      99.847              94              36
   26       -1076.170     404.081         130.035     318.804              26              38
  156       -1289.849    -598.909        -634.577    -144.157             156              36
  169       -1175.905    -144.475        -307.867     865.638             169              38
  212         905.522    -472.482        -132.284     643.781             212              36
   24         990.197    2282.563         664.720    1291.405              24              38
   23         149.758    -128.537        1087.933    -225.927              23              36
  145        -723.787    -618.236          82.235     149.457             145              38
  109        1316.400   -1009.704         609.000      14.000             109              36
   11          82.766    1134.249         -65.974     172.499              11              38
   95        -310.135     263.953         676.077     644.741              95              36
   67         599.488    -257.160        1120.461     -47.482              67              38
  156        -129.530   -2646.704         554.511   -1079.387             156              36
  186        -170.198    -603.210       -1047.911     -95.729             186              38
   28         164.496     197.680         631.194    1352.814              28              36
  165        3515.998   -1307.947        1243.653    -550.944             165              38
  181         -23.157    1254.138         -48.900     -96.624             181              36
  252        1642.045    -411.611        1332.003       4.299             252              38
   47         172.913    -835.391         357.789   -1798.249              47              36
  128       -1743.200   -1630.306       -1084.616    -731.250             128              38
  125        -413.820    -888.134       -1254.939    -125.600             125              36
  233         442.264    2284.846       -1223.975    1722.779             233              38
   85         351.222    3944.712        1197.590    1855.769              85              36
  241         755.282    -988.989        1821.966     356.395             241              38
   29        2631.912   -1166.447        1273.774   -1449.042              29              36
  204       -1526.217     632.087       -1404.846    -356.750             204              38
  139         552.000    3021.314        1228.094    1664.841             139              36
   25        -574.292   -2004.371        1439.100   -1613.344              25              38
  239        -740.442   -1374.524        -825.972    -536.855             239              36
   61        -464.232     360.918         156.555     239.525              61              38
   14        -313.585    -691.035         267.104     -44.073              14              36
  178         145.225   -1129.113         359.070    -223.508             178              38
  131         866.389    -841.107          47.420    -459.794             131              36
   34        -615.650     760.280        -376.859      -5.412              34              38
  233        -514.680    -279.731         369.476     234.653             233              36
  221          19.911   -1080.795        -149.804    -566.011             221              38
   89       -1133.232     414.889        -577.667     434.224              89              36
    1        -241.299    -582.626         -38.664     747.638               1              38
   27        1760.317     475.915         823.062     749.212              27              36
   71         326.826    -469.115         334.873    -392.321              71              38
  150         596.383     738.019         -15.422    1004.125             150              36
    0        1735.602     995.796        1330.007     554.567              -0              38
   95        1471.164     506.628        1480.618     -69.519              95              36
  255         317.211    -883.714         809.132   -1319.271             255              38
  116        -665.066      73.510          46.866      -8.713             116              36
    5         372.272   -1422.070         871.009    -992.126               5              38
  201        -861.321    -201.238        -536.434    -105.455             201              36
  233         666.219    -943.163        1161.288    -241.172             233              38
  121         271.550   -1208.349          26.855    -918.221             121              36
  203         132.023   -1282.217         375.815    -933.314             203              38
  200        -712.660    -911.401       -1083.205    -921.307             200              36
  176       -1331.983     453.289        -733.967     231.463             176              38
  251       -1043.634     999.116        -537.970    1070.785             251              36
  187         375.521    -287.096        1677.844     492.031             187              38
  137         332.334   -2910.670          46.328   -1298.867             137              36
   21          64.082    -534.990        -334.304     158.500              21              38
   86        1438.640    -174.453         122.968     363.649              86              36
   35        1394.918    1331.625        1308.579    -188.101              35              38
   79       -2201.780   -2163.098        -443.527   -1550.693              79              36
  178        -219.339   -1101.299        -728.335     676.356             178              38
  216        1438.881     425.458         551.790      10.532             216              36
   99       -1445.413    -433.831        -365.008     190.729              99              38
  164        2783.189    -130.609        1291.679    1358.676             164              36
  116        3504.431    -717.556        2736.114   -1806.393             116              38
   57       -1248.212   -2759.013       -1061.779   -2864.099              57              36
  237       -2223.993     -41.558       -1459.830    -203.221             237              38
  166        -351.673   -1216.817        -515.270     334.246             166              36
  232        1180.905     298.919         620.991    -317.375             232              38
  108       -1837.930   -2639.464        -873.158   -1197.346             108              36
  131        1094.826   -1244.873        -744.020     219.649             131              38
   58        1276.714    -151.711        -804.969    -287.720              58              36
   26         568.599    3237.637        -698.458    1150.929              26              38
  235         241.550     843.980        1160.474     199.521             235              36
  208          34.846    -763.196        -735.917   -1458.590             208              38
  137       -2688.668    2507.270       -1426.858    1564.933             137              36
   23        1734.825     -44.771        1680.199     392.821              23              38
   41       -1002.533    -299.959        -600.791    -832.791              41              36
  183         328.423      45.999          77.914     166.557             183              38
  116       -1500.510    1464.672        -901.131     176.144             116              36
   17        -175.301      46.947        1261.082     625.546              17              38
  201        -822.193   -2397.455        -913.365   -1534.222             201              36
  225          53.840    1713.545        -485.852    1621.273             225              38
  201         407.590     239.003         708.828    -534.756             201              36
  215       -1347.603     563.911        -467.739     345.723             215              38
  168        -613.408    -434.684         459.583     -88.716             168              36
  111        -572.089   -1310.456        -249.276    -271.664             111              38
   25         -61.877    -264.950        -296.029     119.550              25              36
  166         -27.969    -138.830         -10.536      23.664             166              38
   53        -362.682     138.020        -461.260     381.695              53              36
  151        1181.474     620.742         894.723     187.159             151              38
  110       -1479.966    -270.155        -677.886    -790.757             110              36
   60        -556.530     642.157          31.092     757.604              60              38
  187        -840.421    -411.225          83.759    -584.035             187              36
   25       -1551.945    -791.273        -357.860    -275.227              25              38
  145       -2276.738   -1105.050       -1349.630      -1.014             145              36
  252        -237.554     100.755        -220.445    1221.716             252              38
   41        -623.335     576.571        -510.677    1002.152              41              36
  237        1577.384     912.666        2154.487    1377.184             237              38
  245        -441.066   -3344.072         188.468   -1924.055             245              36
   33        1095.851    -137.415         315.481     789.888              33              38
  161        -548.457   -2640.959        -166.587   -2294.493             161              36
  139       -1137.651     112.188       -1668.448    1200.538             139              38
  105         501.512    -264.259         304.688    -582.361             105              36
   85       -2515.600    1096.210       -1635.889    1137.399              85              38
  220        -490.587    -661.677        1071.247     818.610             220              36
  216         424.029   -2933.602        -123.964    -394.528             216              38
  112         245.844   -1187.495        -848.897     189.193             112              36
  180        2188.078    1080.600         115.549    1632.202             180              38
   16        1236.224     648.046        1141.932    -258.818              16              36
   56         562.825    -928.511         111.034       9.472              56              38
  224         935.199    -206.424         541.539    -925.070             224              36
   24       -1393.216   -1459.181        -946.858    -888.050              24              38
  129       -1242.773    -334.435       -1419.713      82.669             129              36
   75         368.104     392.964         -12.435     851.412              75              38
  229        -894.249   -1203.707        -906.737   -1244.968             229              36
  183       -1737.849    1374.491       -1914.565    1330.010             183              38
  214       -2126.525     510.495        -398.755     492.335             214              36
    8       -1253.427   -1541.596       -1372.666    1198.801               8              38
  232         844.575    1283.596        -492.464    1195.794             232              36
  153        -783.304    1343.923        -512.405    1329.211             153              38
  242       -1741.796     585.469        -853.797    1155.271             242              36
  194         483.924     993.880         191.927    2347.478             194              38
  150        -619.113    -257.626         151.419     274.655             150              36
  185         132.313    -332.774        -802.430    1851.139             185              38
   82        -170.409    2309.486        -204.721    1748.756              82              36
   18         890.729     529.618        1118.106    2329.510              18              38
   34        -718.825    -415.388        -213.307       0.126              34              36
  175         586.231     529.793         122.837    3131.639             175              38
  126        -170.337     -10.578         366.001      81.152             126              36
  237         -38.498    -286.974        -631.451    3606.873             237              38
  146        1419.258    1840.815         969.695    1389.334             146              36
  188         375.165    -582.422         528.130    3651.073             188              38
  198        -268.093     913.645        -178.569    1167.097             198              36
   50        1608.335    -144.319        1226.850    7390.209              50              38
  253        1573.962     611.598         860.957     506.982             253              36
  125        1523.196    -581.822        1355.451   19870.046             125              38
