SINAL     NFT                         FFT                         NFT INVERSA     FFT INVERSA
-----     -----------------------     -----------------------     -----------     -----------
  146       61387.000       0.000       32459.495       0.000             146             106
  100        1118.046     -17.092        1074.398  -18444.818             100              80
   26         381.612    -121.691         432.597    -790.150              26              46
  178        -821.998    -336.777         236.892   -6548.106             178             119
   19        -550.533    -888.355         101.728    -524.760              19              43
   60        -560.677   -1762.552          40.627   -4067.839              60              60
  184        1365.782    -834.156          -5.878    -333.906             184             125
  250        -282.551     -58.444         139.545   -3121.773             250             155
  197         169.036   -1572.223        -311.026    -702.914             197             132
  197        -134.184     158.675        -685.299   -2501.971             197             129
   77       -1485.789     440.386       -1010.176     212.223              77              72
   17        -310.385     231.259        -172.142    -713.551              17              39
  141        1491.378     157.901         562.629      75.286             141             104
  143        -657.045     447.037        -469.881   -1397.169             143             102
   47         979.720    1308.572         807.675     927.429              47              57
  212        -385.461   -1486.288         702.659   -2579.125             212             136
   73         -90.762    -800.104        -992.921      59.212              73              70
  152         621.301     808.412         544.185   -1018.263             152             106
  137         213.167    -162.633        -172.110    -416.921             137             102
  221       -1697.891     195.640        -304.784   -1709.555             221             141
  107       -1753.966    -844.027       -1678.663     728.389             107              87
  215        1148.902    2573.249        1188.282     569.654             215             138
   40       -1041.512   -2474.840         290.648    -911.352              40              53
  198        1035.653      70.547         -26.710    -127.040             198             129
  240         629.000   -1300.141         842.393    -629.060             240             153
   26         915.581   -1112.979        -608.755   -1084.696              26              43
  137        1502.102    1386.481         434.527     273.200             137             102
   30        -385.528    -130.068         255.150   -1701.261              30              45
   89       -1152.886   -1250.001        -993.895    -752.606              89              78
  242       -1237.880     999.723       -1245.565    -124.638             242             151
  215        -352.072     292.926          54.246     981.394             215             141
  230         534.023     540.770          20.365    -197.280             230             145
   16         673.701      -5.864        1103.577     497.966              16              41
  251         564.750   -1794.904        -284.768   -1998.710             251             156
  103         -70.941    1476.456        -474.918    1640.284             103              85
   89        3315.004    -350.103        2120.461   -1534.960              89              75
  146       -1467.536    -582.416        -879.423   -1442.146             146             106
  146        -239.181   -1032.098        -539.256   -1600.966             146             103
  171       -3167.855     904.329       -2364.887      28.416             171             119
   80        -836.825     281.413        -199.637     712.850              80              70
  110        -337.229    -263.321        -640.144      94.401             110              88
   95        -176.433     335.338        -465.115     232.666              95              78
   99        -101.921     851.674        -377.118     796.238              99              83
  233         393.921    -318.449         117.925     -92.493             233             147
  174        1009.534    1105.170        -630.624     882.161             174             120
  170         891.621    2180.338         781.877     214.101             170             115
   78        -488.385     340.580        -277.045     243.637              78              72
  222         892.038    1283.398         613.398    -248.246             222             141
  141       -2166.051     300.083       -1155.833      -0.475             141             104
  221         530.389    2092.422         238.996    1209.592             221             141
   23       -1147.078    1117.196         521.835     312.035              23              45
  119        -279.093    -871.998         312.602    -100.388             119              90
   18        -528.395     861.534        -163.993     751.697              18              42
    2         762.800    -493.437        1407.580     126.259               2              31
   84          25.887   -1510.894        -130.126    -772.868              84              75
   26         314.231    -105.009        -181.619     150.828              26              43
   24         -86.689     827.399          19.128     789.660              24              45
  249        2014.445   -1625.959        1493.417    -410.995             249             155
  103         620.762      35.998       -1246.392    -916.426             103              85
   30        -805.759    2396.874         222.760    1382.500              30              45
  170         736.790   -1207.124         345.116    -532.630             170             118
  154        -238.884    1060.724        -267.115     601.899             154             107
  104         898.035    -151.372         224.724     355.174             104              85
  211         858.846    1529.896         401.047     601.623             211             136
  129         489.603     242.675         146.537     388.416             129              98
   91        1922.883    2599.317        1295.742    1227.907              91              76
  190         398.943    -535.374        1379.350   -1036.561             190             128
   82         -30.007    -141.399         141.728     101.668              82              71
   55        1089.063   -1226.426         921.313   -1011.310              55              61
  173        -974.784     338.314       -1283.083     327.144             173             117
  108        2552.673    1122.241        1708.270    1375.813             108              87
  157        2188.594     511.777        1047.314    -880.514             157             109
  140         373.516    1263.368        1167.687      84.805             140             103
  215        1202.657   -1581.267        1303.154   -1650.872             215             138
  119        -406.939    -700.794        -236.023   -1629.103             119              93
    9       -2240.097    -714.371       -1311.579    -821.502               9              35
  122        -536.878     845.203        -427.195    1133.699             122              94
  251         870.397     -87.301        1028.020     -83.031             251             156
   58          28.687   -1046.057         295.647    -723.614              58              62
  184        -273.766   -1987.662        -741.233    -642.523             184             122
  188        2546.161    1632.619        -138.356    1230.465             188             127
  141        1108.113    2024.663        1029.837    -351.374             141             101
   67         -28.742     792.673          36.216     303.308              67              67
   21         634.326    1441.394         872.579    -440.573              21              41
   87       -1345.374    1235.927         313.974     831.481              87              77
  215        2150.801   -2214.923        2807.598   -1620.247             215             138
  217       -1167.903   -2377.844       -1850.575   -2033.324             217             142
   49         671.800    2021.924         674.454     663.747              49              55
  242       -1622.047   -1613.811        -729.868   -1564.803             242             154
   49         380.710    1751.415         369.476    1354.998              49              55
   36         705.246   -1957.682        1394.738   -2044.713              36              51
  171       -1350.172    -962.584       -1283.148   -1330.420             171             116
  209       -2557.805      96.169       -1157.795    -171.601             209             138
  141        -777.628    -779.881        -102.120     785.232             141             101
  129        1775.846   -1316.597         524.229    -623.981             129              98
   15         234.306     104.043        -103.019    -675.953              15              38
  114        -983.095    -882.662        -952.875   -1135.371             114              90
   22       -2016.146    1532.799       -1209.181     813.489              22              41
  237        -606.538   -1080.225         297.262     175.773             237             152
  159         345.798    -687.839        -196.186     -48.729             159             110
  133         228.164   -1535.882        -382.629    -572.986             133             100
   78         517.040    1800.390       -1034.554     780.584              78              69
  244        -656.281     807.259         655.345     194.340             244             155
   89        -922.581   -1080.758       -1140.053    -217.380              89              75
   29        -410.715    1190.848         -33.557    1698.095              29              48
  111        2825.079   -1618.086        1221.258       7.095             111              86
   45        1186.753     792.108        -460.992    -265.210              45              56
   69        1111.139    1526.210         551.387    1358.190              69              65
   14        3164.263      35.798        1904.845    -781.490              14              40
  200         275.254    -626.657        -372.225   -1645.870             200             130
   91        -920.627    1505.862        -971.376     -42.173              91              79
   42        -433.641      90.972         306.505     361.292              42              51
   34        1723.217   -1143.033        -155.124   -1181.630              34              50
  162        -671.070    2655.512       -1370.245     529.673             162             111
  234         312.577    1991.903         432.071     266.584             234             150
  232       -2500.301    1610.349       -1121.403     165.785             232             146
  151         377.025    1021.459         760.314    1357.673             151             109
   63         610.574     529.180         417.537    -996.358              63              62
  122       -2508.774    1164.252       -1003.679     389.768             122              94
  237        -602.519     765.006         211.271     862.544             237             149
  139         164.747     237.570         447.594     457.803             139             103
   84         657.239     444.659         823.351     -10.157              84              72
   60        -531.743   -1126.344         -77.934    -881.880              60              63
   39        -544.755     919.999        -954.506     476.203              39              50
    6        -271.128    1217.613         338.301     833.353               6              36
  220         359.469     673.175         185.983     525.427             220             140
   68         884.699    1195.654        1177.355     581.343              68              67
  118         406.215    -516.082         714.080    -918.483             118              89
  165        -544.037    -167.068        -195.000    -210.000             165             116
   53         696.705     589.162         242.923    -339.065              53              57
    2       -2631.587     844.044        -707.480    -337.214               2              34
  181       -1312.117    -795.487        -358.822     992.784             181             121
  208        2233.385     383.749         797.229     352.507             208             137
  194        -665.621    1342.995         -35.772     -15.546             194             127
   18         -16.914     170.371         679.168     694.247              18              42
  242        1068.765    -167.850         877.570    -748.074             242             151
   61       -1258.934    -502.429        -406.263    -312.797              61              64
   57         710.670     426.138         201.303    -114.681              57              59
  223       -2826.075     370.977        -927.067     160.243             223             145
   33        1720.130     -78.947        1013.098    1631.416              33              47
   66        2114.479      -7.485        1313.681   -1121.744              66              66
  217        -420.612     401.774          83.796     -92.482             217             139
   62         176.115   -1854.687         574.299   -1693.514              62              64
  168       -1129.089     281.424       -2197.064      29.693             168             114
  157         154.324    3212.836         751.370    1206.643             157             112
  197       -1528.282     -34.825          40.118    -483.465             197             129
  227       -1809.248    -781.869         110.278    -110.330             227             147
  235         -33.578   -2011.335        -909.354      29.383             235             148
   70        1568.214    2097.664         525.933     591.460              70              68
   25       -2163.968     147.173       -1212.409    -511.474              25              43
   76       -1494.134    2799.807        -280.023    2512.315              76              71
   21        1159.623    -791.549        1741.973     476.668              21              41
  215         780.457    -357.645         625.117     -89.938             215             141
  161        1153.302   -1109.881         326.106     -85.680             161             111
   70        1617.038    2278.475         375.292     532.261              70              68
   22        -144.097    1066.648        1190.411     296.168              22              41
  236        1237.520   -1457.412        1420.169   -1276.666             236             151
    7       -1031.847   -1003.203       -1442.215   -1456.663               7              34
   29       -1353.996    2991.468        -450.154    1315.169              29              48
  138       -1466.455    -745.177         -19.558    -141.622             138              99
   31         -26.325    2178.261         204.074    1691.997              31              49
   24         312.745   -1029.776        1730.838    -573.624              24              42
  245        -754.444    -552.651        -388.085    -247.968             245             156
   27         -93.098   -1022.647         576.314     167.884              27              44
   48        1483.132    -243.213         470.238     -72.826              48              57
  171        -153.488    -950.537           0.210   -1259.685             171             116
  182       -2397.480    2011.216       -2248.723    1170.994             182             124
   58         473.366    2256.829        1942.905    2831.090              58              59
   93        2804.912   -1645.919        2074.272   -1288.758              93              80
   13       -1675.230     237.008        -710.397      15.258              13              37
  189        2112.169     654.029        1719.723    1400.294             189             128
  249        1769.947   -1172.846        1930.190   -1511.894             249             155
  179         263.818   -1162.030        -254.147    -834.364             179             123
   78         939.994    1374.655         602.981     -60.896              78              69
  203        -669.662     593.188         716.279    -483.128             203             135
  194       -1025.606   -1312.255         495.843   -1031.675             194             127
  181       -1009.669   -1106.111        -444.574    -460.263             181             124
  115         126.154     180.242         338.447     157.763             115              88
   42        -642.542     350.574         571.379    -265.673              42              54
   27       -1627.947   -1577.759         529.604    -477.762              27              44
  171         254.049   -2642.599         649.976    -323.241             171             119
  238        2348.743   -2634.790        1137.247   -1483.304             238             149
   42        -841.813   -1628.991        -910.499   -2148.385              42              54
   99       -2193.276   -1371.898       -1662.713    -276.539              99              80
   88        -339.134     242.906        -813.629     471.642              88              77
    9        -696.987     -92.740        -356.758     779.183               9              35
   29        1530.561     410.626         872.606     635.578              29              48
  213         215.668   -1861.800         509.025    -958.803             213             137
   52         880.734     -79.586        -527.939     -45.074              52              59
  171        -228.995    -122.163         488.418    -140.878             171             116
  217         999.646   -1211.627        -400.496    -844.003             217             142
   66       -2384.640    1532.871       -1127.812     336.071              66              63
  122         468.689   -1047.305         477.462    1246.415             122              94
   84        2186.490      -1.535         701.068    -760.986              84              72
  235       -1514.286      88.144        -661.730     235.165             235             151
  141        1111.879    -498.360         194.714     180.523             141             101
   57         147.885    1739.855         -72.384    1198.730              57              62
   57        2224.639    -814.641        2104.105    -222.806              57              59
  203         619.330    -510.625        -684.783    -995.773             203             135
   61          67.460    2326.607         688.685     807.031              61              61
    6        -825.632   -1185.194         556.166    -546.592               6              36
   22        1385.556   -1291.502         987.945    -257.902              22              41
   26         271.430   -1482.234        -116.237   -1335.888              26              46
  102         723.158    -193.968          85.874      56.458             102              81
   87         317.727    -460.585          26.919   -1089.675              87              77
  219        -586.859    -298.287        -350.272    -205.182             219             140
  194        -544.149    -865.098        -648.510    -733.152             194             130
  156         -63.195     710.570        -625.914     926.934             156             108
   23         621.373     719.777         620.329     -64.686              23              45
   46        -202.938    -745.801         -75.899    -130.368              46              53
  228         118.827     323.645        -243.331    -418.952             228             147
  224       -1104.444     -14.394        -491.274     747.112             224             142
   51        1394.976     454.655         511.283      55.505              51              59
   89       -1304.945     -91.038        -361.496     558.022              89              75
  124        2393.305     168.550         864.055     602.238             124              95
   24         419.505     328.126         717.183     522.342              24              42
  215        4655.637   -1080.615        1975.962    -544.445             215             141
  221         372.554    1296.556        -186.832   -1419.963             221             141
  138        -133.437     808.571         411.753     210.729             138             102
  114         474.924    -200.219         718.237    -850.380             114              87
  186         978.622    -371.077         697.953    -913.989             186             126
  171       -1243.643    -758.528        -239.449   -1811.430             171             116
    7        -729.762   -1469.738        -711.717    -702.998               7              37
  201        -613.786     142.622        -995.721   -1137.955             201             131
  149       -2268.638     838.886       -1334.777     609.332             149             108
   95         129.668     279.805         153.029     -27.814              95              78
   31       -1444.538     247.946        -820.115      67.016              31              49
   76         307.245     -38.194         123.006      -3.951              76              68
   71       -1587.910     849.945       -1316.931      -3.597              71              69
  101        -356.806    1358.970         321.885    1667.065             101              81
   23        1868.312    -184.332         940.632    -613.912              23              45
   36       -1651.963    1708.883        -592.463      12.737              36              48
   97        -745.389    -305.173         520.951     295.666              97              82
   51         238.412    -301.590         -56.923    -484.806              51              56
  223        -905.158    1263.840        -117.208     337.846             223             145
  225        -763.946     -49.722         475.962    -333.828             225             143
  117       -2209.514    -630.618        -670.873    -440.625             117              92
   94       -1270.317    -642.647        -395.645     695.322              94              77
    3         350.134     313.144         224.923     527.541               3              35
  241        -670.525      85.899         637.459     625.293             241             151
  105        1565.329   -1774.024        1275.111    -349.998             105              86
  221         141.689   -1113.461         173.829   -1195.527             221             141
  253        -996.629   -1282.101        -608.583    -294.631             253             160
    9         439.438    -329.334         128.924     196.024               9              35
    9          32.580   -1276.392          71.389    -428.348               9              38
   35         988.601    -380.765        -126.857     312.249              35              48
  136        1602.818     297.108        1064.305    -340.651             136             101
  132        -642.300   -1801.383        -371.790   -1488.823             132              96
  123        -350.911    -150.376       -1262.782     111.046             123              95
  197         343.481    1837.200          23.114    1120.115             197             129
   95        1458.443     200.239        1576.722     -22.796              95              81
  167         345.613   -1526.741         214.803   -1755.454             167             114
  232        -769.794     365.182        -656.493    -387.808             232             149
   87       -1285.088    -597.347          88.452    -885.610              87              74
   41       -1779.218   -2438.110       -1000.167    -910.734              41              54
   48           5.690   -1643.344        -990.612    -437.609              48              54
  108          17.000       0.355       -1365.000       0.000             108              36
   33           4.980    1643.880        -990.620     437.607              33              34
  181       -1780.095    2437.596       -1000.169     910.732             181              36
  223       -1285.055     596.735          88.448     885.611             223              34
   50        -769.275    -365.435        -656.493     387.807              50              36
  168         345.522    1526.786         214.797    1755.455             168              34
  226        1458.670    -200.025        1576.723      22.800             226              36
  182         344.031   -1837.002          23.116   -1120.115             182              34
  123        -350.964     150.652       -1262.781    -111.048             123              36
  245        -642.667    1801.283        -371.795    1488.822             245              34
  169        1603.091    -296.572        1064.303     340.655             169              36
   32         988.334     381.270        -126.856    -312.250              32              34
  155          31.982    1276.470          71.388     428.348             155              36
  132         439.130     329.508         128.924    -196.024             132              34
  126        -997.151    1281.791        -608.584     294.630             126              36
   24         141.406    1113.416         173.826    1195.527              24              34
   71        1564.547    1774.231        1275.111     350.000              71              36
  134        -670.815     -86.532         637.460    -625.292             134              34
   42         349.915    -313.224         224.924    -527.540              42              36
  238       -1270.910     642.059        -395.643    -695.322             238              34
    8       -2209.776     629.569        -670.873     440.624               8              36
   20        -763.813      49.059         475.962     333.829              20              34
  146        -904.555   -1264.364        -117.207    -337.846             146              36
   38         238.412     301.556         -56.924     484.806              38              34
  204        -745.493     304.590         520.952    -295.666             204              36
   98       -1651.088   -1709.636        -592.464     -12.740              98              34
  135        1868.417     184.849         940.630     613.914             135              36
  248        -356.557   -1359.202         321.889   -1667.063             248              34
  174       -1587.589    -850.374       -1316.931       3.595             174              36
    3         307.299      38.387         123.006       3.953               3              34
    4       -1444.395    -248.411        -820.114     -67.017               4              36
  134         129.813    -279.745         153.030      27.816             134              34
  116       -2268.208    -839.512       -1334.776    -609.334             116              36
  234        -613.347    -142.526        -995.725    1137.953             234              34
  135        -729.886    1469.637        -711.718     702.997             135              36
  130       -1243.320     758.001        -239.454    1811.430             130              34
  222         979.082     371.225         697.952     913.991             222              36
  146         475.233     200.136         718.234     850.381             146              34
  227        -132.703    -808.805         411.755    -210.727             227              36
   98         373.715   -1296.320        -186.835    1419.961              98              34
   29        4655.516    1082.257        1975.961     544.448              29              36
   83         419.441    -328.068         717.185    -522.342              83              34
    4        2393.084    -167.746         864.056    -602.236               4              36
  178       -1305.206      90.579        -361.494    -558.023             178              34
   32        1395.006    -454.182         511.284     -55.504              32              36
    9       -1104.594      14.072        -491.272    -747.114               9              34
   90         118.984    -323.518        -243.333     418.953              90              36
  119        -203.120     745.733         -75.899     130.367             119              34
   12         621.636    -719.603         620.329      64.687              12              36
  131         -63.024    -710.376        -625.912    -926.935             131              34
   49        -544.416     865.123        -648.512     733.151              49              36
  151        -586.764     298.176        -350.271     205.181             151              34
  100         317.833     460.774          26.917    1089.675             100              36
   72         723.249     194.350          85.875     -56.459              72              34
  201         271.062    1482.392        -116.240    1335.888             201              36
   96        1385.092    1291.788         987.947     257.905              96              34
   28        -826.054    1184.454         556.166     546.593              28              36
  123          68.458   -2326.793         688.688    -807.030             123              34
  252         619.422     510.942        -684.787     995.771             252              36
  106        2224.356     815.195        2104.105     222.813             106              34
  228         148.290   -1739.853         -72.381   -1198.730             228              36
   25        1111.488     498.872         194.715    -180.522              25              34
  179       -1514.271     -88.608        -661.729    -235.166             179              36
   34        2186.484       2.374         701.068     760.988              34              34
   30         467.900    1047.408         477.463   -1246.416              30              36
  131       -2384.192   -1533.587       -1127.812    -336.074             131              34
   34         999.394    1212.165        -400.497     844.001              34              36
  150        -229.007     122.133         488.417     140.879             150              34
   39         880.720      80.064        -527.939      45.072              39              36
  188         214.993    1861.874         509.022     958.804             188              34
  199        1530.447    -410.214         872.608    -635.576             199              36
   22        -697.385      92.600        -356.756    -779.185              22              34
  112        -339.331    -242.750        -813.628    -471.644             112              36
  191       -2193.758    1371.496       -1662.714     276.534             191              34
   13        -841.957    1628.920        -910.505    2148.382              13              36
  105        2347.963    2635.577        1137.243    1483.308             105              34
  240         252.806    2642.321         649.976     323.242             240              36
  248       -1628.635    1576.577         529.603     477.763             248              34
  195        -642.318    -351.330         571.379     265.673             195              36
   87         126.241    -180.441         338.447    -157.763              87              34
  144       -1010.019    1105.544        -444.575     460.263             144              36
  237       -1025.822    1311.410         495.841    1031.675             237              34
  102        -669.042    -593.956         716.278     483.128             102              36
  220         940.832   -1374.494         602.980      60.897             220              34
   27         263.739    1162.050        -254.148     834.363              27              36
   71        1769.772    1173.025        1930.186    1511.896              71              34
  104        2112.158    -653.747        1719.725   -1400.290             104              36
   50       -1675.192    -237.780        -710.396     -15.261              50              34
  159        2804.329    1646.350        2074.269    1288.761             159              36
  239         473.580   -2257.202        1942.912   -2831.085             239              34
  125       -2396.986   -2011.941       -2248.721   -1171.001             125              36
   97        -153.570     950.619           0.205    1259.686              97              34
   52        1483.030     243.644         470.239      72.828              52              36
  144         -93.683    1022.446         576.314    -167.882             144              34
   75        -754.715     552.078        -388.086     247.967              75              36
  131         312.342    1029.321        1730.837     573.629             131              34
  193         -25.815   -2178.666         204.076   -1691.996             193              36
  200       -1466.828     744.374         -19.560     141.622             200              34
   97       -1352.838   -2992.022        -450.149   -1315.170              97              36
   29       -1031.765    1003.026       -1442.220    1456.658              29              34
   99        1237.363    1457.485        1420.167    1276.669              99              36
   52        -143.508   -1067.183        1190.411    -296.166              52              34
  181        1617.974   -2277.941         375.293    -532.260             181              36
  158        1152.840    1110.351         326.106      85.680             158              34
   61         780.139     357.687         625.117      89.939              61              36
  154        1158.926     791.446        1741.973    -476.664             154              34
  167       -1493.623   -2800.599        -280.017   -2512.315             167              36
  122       -2163.804    -147.910       -1212.410     511.469             122              34
    8        1569.003   -2096.943         525.934    -591.460               8              36
  209         -34.574    2011.493        -909.355     -29.386             209              34
   52       -1809.675     780.948         110.278     110.332              52              36
   17       -1528.100      33.801          40.117     483.465              17              34
   54         155.596   -3212.897         751.370   -1206.642              54              36
  105       -1128.785    -281.440       -2197.064     -29.698             105              34
  175         175.789    1854.748         574.296    1693.515             175              36
   48        -420.117    -402.144          83.797      92.482              48              34
  211        2114.677       8.063        1313.680    1121.746             211              36
   43        1719.713      79.346        1013.101   -1631.415              43              34
   41       -2826.106    -372.094        -927.067    -160.244              41              36
   42         710.950    -425.969         201.304     114.682              42              34
  253       -1258.962     501.897        -406.263     312.795             253              36
   57        1068.870     167.954         877.568     748.076              57              34
    8         -16.894    -170.699         679.169    -694.246               8              36
   55        -665.026   -1343.391         -35.772      15.546              55              34
  171        2233.388    -382.983         797.230    -352.506             171              36
  140       -1312.769     794.885        -358.819    -992.784             140              34
   53       -2631.128    -845.169        -707.479     337.213              53              36
   16         697.233    -589.006         242.925     339.068              16              34
  233        -543.890     166.797        -195.000     210.000             233              36
  185         406.294     515.913         714.075     918.482             185              34
    0         885.178   -1195.671        1177.357    -581.340              -0              36
  198         359.615    -673.235         185.983    -525.428             198              34
  239        -270.804   -1217.792         338.302    -833.354             239              36
   54        -544.438    -920.067        -954.506    -476.207              54              34
  171        -531.978    1126.116         -77.937     881.880             171              36
  159         657.466    -444.701         823.351      10.158             159              34
   19         164.708    -237.767         447.595    -457.803              19              36
  190        -602.441    -765.481         211.272    -862.544             190              34
  201       -2508.193   -1165.264       -1003.679    -389.769             201              36
  108         611.102    -529.134         417.534     996.358             108              34
  138         377.350   -1021.553         760.316   -1357.672             138              36
   33       -2499.543   -1611.337       -1121.403    -165.788              33              34
  238         313.702   -1991.779         432.071    -266.583             238              36
  101        -669.725   -2655.297       -1370.243    -529.677             101              34
   33        1723.137    1144.023        -155.126    1181.630              33              36
   40        -433.503     -91.098         306.506    -361.291              40              34
   51        -919.711   -1505.984        -971.376      42.171              51              36
   73         275.725     626.966        -372.229    1645.868              73              34
  150        3164.635     -34.773        1904.843     781.494             150              36
  180        1111.652   -1525.737         551.390   -1358.189             180              34
   47        1187.069    -791.309        -460.992     265.209              47              36
   27        2824.229    1619.198        1221.259      -7.092              27              34
  239        -410.835   -1190.904         -33.555   -1698.095             239              36
   92        -923.154    1080.539       -1140.054     217.377              92              34
  123        -655.978    -807.533         655.346    -194.337             123              36
  207         517.674   -1799.856       -1034.552    -780.588             207              34
   93         227.559    1536.361        -382.632     572.985              93              36
   10         345.365     688.056        -196.186      48.730              10              34
  103        -607.174    1079.921         297.264    -175.771             103              36
  193       -2015.644   -1533.422       -1209.178    -813.492             193              34
  244        -983.079     882.552        -952.876    1135.371             244              36
   19         234.679    -103.796        -103.020     675.951              19              34
  100        1775.349    1317.314         524.228     623.983             100              36
  120        -778.224     779.545        -102.116    -785.234             120              34
  109       -2557.730     -97.027       -1157.797     171.597             109              36
  105       -1350.015     962.186       -1283.152    1330.416             105              34
  244         705.002    1957.608        1394.732    2044.718             244              36
   29         381.402   -1751.487         369.483   -1354.997              29              34
  223       -1622.320    1613.148        -729.871    1564.801             223              36
  221         672.829   -2021.681         674.456    -663.744             221              34
  160       -1168.275    2377.585       -1850.580    2033.320             160              36
   22        2150.339    2215.097        2807.595    1620.254              22              34
  131       -1344.775   -1237.029         313.974    -831.480             131              36
  183         635.201   -1441.476         872.578     440.576             183              34
  196         -28.091    -792.863          36.217    -303.308             196              36
  231        1109.216   -2024.285        1029.837     351.377             231              34
  115        2546.738   -1631.307        -138.356   -1230.465             115              36
   28        -274.571    1987.918        -741.234     642.521              28              34
  141          28.409    1045.957         295.646     723.613             141              36
  144         870.334      87.387        1028.020      83.034             144              34
  250        -536.735    -845.393        -427.193   -1133.700             250              36
   20       -2240.090     713.692       -1311.581     821.498              20              34
   64        -406.540     700.591        -236.028    1629.102              64              36
  163        1202.650    1581.297        1303.149    1650.876             163              34
  182         374.405   -1263.654        1167.688     -84.803             182              36
  154        2189.139    -511.230        1047.312     880.515             154              34
   93        2552.929   -1121.436        1708.273   -1375.810              93              36
   92        -974.752    -338.514       -1283.083    -327.148              92              34
   77        1088.773    1226.738         921.310    1011.313              77              36
   15         -29.961     141.118         141.730    -101.668              15              34
  222         399.023     535.051        1379.347    1036.564             222              36
  189        1923.849   -2598.936        1295.747   -1227.900             189              34
  175         489.632    -242.525         146.537    -388.415             175              36
  164         859.340   -1529.571         401.048    -601.626             164              34
  210         897.858     151.750         224.723    -355.174             210              36
    7        -238.602   -1060.707        -267.114    -601.901               7              34
  193         736.332    1207.300         345.115     532.630             193              36
  217        -804.907   -2397.142         222.765   -1382.500             217              34
  232         621.012     -35.423       -1246.395     916.422             232              36
  203        2013.845    1626.670        1493.415     410.999             203              34
   99         -86.619    -827.499          19.129    -789.660              99              36
   29         314.095     105.254        -181.619    -150.829              29              34
   89          25.310    1510.837        -130.129     772.867              89              36
   74         762.478     493.346        1407.580    -126.256              74              34
   70        -528.301    -861.947        -163.993    -751.698              70              36
   54        -279.499     871.601         312.602     100.390              54              34
  183       -1146.668   -1118.026         521.835    -312.034             183              36
    6         531.087   -2092.366         238.999   -1209.590               6              34
   92       -2165.786    -300.821       -1155.833       0.473              92              36
  180         892.778   -1283.137         613.397     248.247             180              34
  145        -488.051    -340.805        -277.045    -243.639             145              36
  227         892.594   -2179.990         781.877    -214.098             227              34
  183        1009.927   -1104.489        -630.623    -882.163             183              36
  138         393.705     318.814         117.925      92.493             138              34
  115        -101.746    -851.549        -377.118    -796.240             115              36
    5        -176.412    -335.137        -465.115    -232.666               5              34
  123        -337.433     263.389        -640.144     -94.403             123              36
   52        -836.884    -281.586        -199.636    -712.850              52              34
  179       -3167.296    -905.101       -2364.887     -28.422             179              36
  169        -238.965    1032.297        -539.260    1600.965             169              34
  204       -1466.984     581.975        -879.428    1442.144             204              36
    5        3315.377     351.140        2120.456    1534.968               5              34
  149         -70.370   -1476.309        -474.914   -1640.285             149              36
  246         564.344    1795.245        -284.774    1998.713             246              34
   20         673.807       5.944        1103.578    -497.964              20              36
   69         534.186    -540.628          20.364     197.276              69              34
   43        -352.031    -293.000          54.249    -981.393              43              36
   64       -1237.426    -999.908       -1245.565     124.634              64              34
   51       -1152.904    1249.798        -993.896     752.604              51              36
  159        -384.958     129.874         255.146    1701.261             159              34
   38        1503.051   -1385.778         434.527    -273.199              38              36
  190         915.438    1113.612        -608.758    1084.695             190              34
  178         628.732    1300.374         842.393     629.061             178              36
   91        1035.685     -70.179         -26.711     127.038              91              34
    4       -1042.243    2474.212         290.646     911.353               4              36
   99        1149.821   -2573.069        1188.284    -569.651              99              34
   45       -1754.216     843.554       -1678.662    -728.392              45              36
  247       -1697.326    -196.245        -304.788    1709.555             247              34
   63         213.750     162.673        -172.110     416.921              63              36
   56         622.027    -808.113         544.183    1018.267              56              34
  150         -90.638     800.229        -992.922     -59.213             150              36
  169        -385.423    1485.955         702.652    2579.124             169              34
  253         980.641   -1308.461         807.677    -927.427             253              36
   58        -656.372    -447.206        -469.886    1397.167              58              34
   41        1491.909    -157.333         562.630     -75.285              41              36
    3        -310.006    -231.288        -172.144     713.549               3              34
  254       -1485.018    -440.724       -1010.176    -212.226             254              36
   41        -133.242    -158.413        -685.305    2501.971              41              34
  164         169.414    1572.442        -311.028     702.913             164              36
   49        -281.507      58.400         139.537    3121.769              49              34
   60        1366.563     834.752          -5.879     333.906              60              36
  230        -560.125    1762.303          40.616    4067.839             230              34
   29        -549.203     887.896         101.727     524.759              29              36
   47        -819.758     336.212         236.874    6548.102              47              34
  196         385.098     121.561         432.596     790.151             196              36
  199        1124.640      17.238        1074.350   18444.810             199              34
