SINAL     NFT                         FFT                         NFT INVERSA     FFT INVERSA
-----     -----------------------     -----------------------     -----------     -----------
  178       66822.000       0.000       36510.495       0.000             178             121
   16        1802.625    -949.589        1395.632  -21121.802              16              47
  209       -1958.746    -567.706         235.573   -1291.700             209             137
   17       -1052.092   -2871.224        -388.965   -7294.832              17              47
  108         722.163    -254.093         177.455      41.796             108              86
  203         163.963   -1389.668        -102.972   -4880.323             203             140
  138        -542.257    1917.604        -517.445    1049.719             138             101
   71         675.128   -1098.580        2083.275   -3058.887              71              74
  238        1008.626   -2746.006         -72.014   -1627.723             238             151
   53         198.765     330.806         -29.857   -2841.621              53              65
  248       -1374.035   -1105.710        -396.501    -652.163             248             156
  251         926.719   -1969.171         288.875   -2893.091             251             164
   45       -1693.549    -636.415       -2165.009   -1270.279              45              55
  171       -1632.146    1355.317        -950.046    -132.946             171             124
  182          34.658    -736.386        -483.878      14.309             182             123
  216         490.678    2498.225        -256.252     261.501             216             147
  193         435.309     310.097        1245.033    -213.958             193             129
  211        -824.529    -375.419        -853.830   -1566.407             211             144
  230        -805.720    2251.087          -2.831    1660.064             230             147
   59        2179.130    -421.446        2688.625    -915.677              59              68
   79         132.952   -2772.804         491.470   -3084.957              79              72
   83       -2982.031   -1480.369       -1949.820   -1784.148              83              80
   63        -706.348    -845.072        -733.500     -45.126              63              64
  238       -1334.086    -629.902       -1113.941    -956.375             238             158
   82        -387.950    -519.690        -938.862     584.483              82              73
  221         848.175    1067.754        -347.310    -162.016             221             149
  226       -1050.591    1053.386        -768.724     461.135             226             145
  180         290.348    2008.360         125.048     954.271             180             129
   84          70.101     347.363        1049.675    -296.874              84              74
  210       -1552.017    -444.118        -711.440    -437.727             210             144
  251         297.856    -699.339         610.612     303.996             251             158
  127         299.568    -430.170        -828.694    -540.131             127             102
   98         306.826    2223.261         729.418    1295.363              98              81
  113          37.007   -1830.259         520.720   -1292.176             113              95
  225         266.779     -64.935        -536.241     301.637             225             145
  229         663.865    1050.724          24.892     108.417             229             153
   58         145.439    1242.347         662.400     805.541              58              61
   50        1693.928    -510.848        1055.831    -717.226              50              64
  184        -402.398     605.446         149.441    -810.227             184             124
   40       -1543.632    -357.538        -896.190    -192.713              40              59
  242         330.458    2194.379        1029.756    1283.080             242             153
   67         -89.168   -2454.925        1266.923   -1284.047              67              72
   30         927.856   -1217.545         509.169    -878.461              30              47
   11       -1457.920   -3132.225        -829.247   -2063.552              11              44
   80         231.564     601.248       -1353.554    1210.407              80              72
   44        1759.033     201.871        1381.090    -229.659              44              61
  125         448.743    -283.351        -522.115   -1055.810             125              95
   90       -1839.109    1247.049        -500.548      20.366              90              84
   76        -578.661   -1414.168         327.730    -159.003              76              70
  211        -263.060   -2058.705        -812.169   -1097.192             211             144
  195        -187.238     669.188        -941.014     860.333             195             130
   11         556.508    -394.526           5.663      41.472              11              44
  198        1068.551    1181.321        -324.202     770.606             198             131
  168         342.615     689.649         334.344     -60.577             168             123
  228         -46.235     915.554        -446.138     760.304             228             146
  235        1149.765     717.299         999.696     608.948             235             156
  217        2021.681      29.947         813.227    -251.753             217             141
  183         402.336     651.478         266.228    -957.570             183             130
  198       -1702.229      67.584        -877.759    -239.649             198             131
  236        -124.492     681.984        -561.657     814.999             236             157
  120         617.214    2313.281         774.444    1190.931             120              92
  200         242.763    -865.504         775.822    -280.217             200             139
  246        1238.191    1377.581         566.662     897.040             246             155
   11        1851.572   -1094.549        1991.687    -848.747              11              44
  229         733.490     -33.980        -308.653   -1204.410             229             147
   62        -983.326     180.170         322.970    -129.504              62              70
  195         909.936    -732.552           0.667    -826.612             195             130
  255       -1276.398     741.172        -323.290      93.940             255             166
  209        1258.869    -184.534         767.736     -38.392             209             137
   64        -787.172    -499.607          69.272    -872.451              64              71
   31        1157.438    -746.111         414.003    -142.372              31              48
   57        -283.884   -1281.326         -28.280   -1900.110              57              67
  101        -975.439    -621.307       -1878.961     -51.858             101              83
  255         263.588    2051.062        -176.396     449.691             255             166
  209       -1651.288     777.905        -920.721     501.387             209             137
  242         926.477    1495.723         731.073    1440.476             242             160
  183        1425.099     431.004        1357.994    -465.892             183             124
  132        -692.531    -790.984         246.362    -847.872             132             105
   81         552.741   -1241.514         166.940   -1057.841              81              73
  144       -1830.292   -1046.444       -1570.678   -1257.399             144             111
  120       -1120.781    1391.754       -1624.744    1328.491             120              92
  199          54.907    1547.296         262.074    1101.031             199             138
  234         465.931     973.721         382.229     790.718             234             149
  127         892.198    -882.795         879.739    -200.763             127             102
  130        1773.631     941.707        -609.260    -274.964             130              97
   44       -1943.114    3416.086          15.201    1026.025              44              61
  164         592.076   -1107.791         821.572      46.941             164             114
  115        -432.916    1180.281        -336.864     -33.116             115              96
  254         194.186     587.276         506.434    1000.429             254             159
  139        1135.861     596.109         881.383    -140.226             139             108
   65         738.997     502.334         568.830    -134.039              65              65
   71       -1374.734    1145.136        -240.236    -419.810              71              74
  164        -494.545     650.591         704.682    1436.388             164             114
   66        1960.882   -1316.245        2038.245   -1491.034              66              72
  121       -1332.609   -1599.504        -933.609   -1203.471             121              93
  142        -314.739     256.723        -325.897    -286.816             142             110
  126       -1826.108      70.162        -731.374     511.228             126              95
    1        1263.749    -857.074         730.472      28.628               1              39
  144        -219.942      94.306        -862.135     -18.594             144             104
  244        1271.833    1383.691         497.440    1005.733             244             161
  241         757.469    1713.694         541.300     278.847             241             153
  105         -27.802     131.253        1051.136    -298.946             105              91
  211        -208.470    -468.015        -683.189    -220.315             211             138
   63        1375.349    2784.889        1089.697    1173.735              63              70
  229        -594.162     321.123         985.498    -704.430             229             147
   24          45.742    -738.325         873.605     -84.455              24              51
   99         899.297    -674.525         730.651   -1171.905              99              82
  181        -728.476    -548.732         261.721    -795.442             181             129
  224        -157.820   -1059.842        -284.708   -1307.114             224             144
   83       -2150.946     855.425        -762.249    -177.289              83              80
  208       -1531.893    -964.921        -197.218    -156.290             208             136
  211        -734.844    -877.637        -249.940    -310.023             211             144
  196       -1569.654    -952.742       -1227.745      13.471             196             130
  211        1204.502    1495.032         149.528    2058.036             211             144
   72        2523.657    1233.366        2114.045    -339.267              72              68
   64       -2031.360    -886.539        -349.136   -1344.992              64              71
  133       -1066.488     160.599        -537.589     712.254             133              99
   44         821.051      82.279        1411.038     245.146              44              61
   43        -373.119   -1699.139          31.185   -1353.430              43              54
    8        -423.613     210.110        -119.493     639.413               8              43
   79        1024.643    -775.572        1296.432   -1079.933              79              72
   27       -2678.141   -2022.063       -1186.055   -1078.245              27              52
  123         648.028    -539.143        -147.590     819.538             123              94
   93         952.548    -387.793         929.322    -376.397              93              85
   25         771.541   -1762.951         111.465   -1063.531              25              45
  202         -67.409    -191.656        -357.191    -974.203             202             140
  227       -1846.209    -742.290       -1186.461    -626.085             227             146
  171        -603.215     167.011        -623.736     498.361             171             124
  187        -909.956    -108.074        -351.000    -177.000             187             126
  162        -668.565   -1223.554        -303.993     428.765             162             120
   82        1381.991    -854.740        -320.630    -675.244              82              73
  179       -1995.906    1256.290       -1431.925     853.863             179             128
  158         857.210    -177.141         248.400     866.065             158             111
  137         487.724     811.449        -343.240     947.064             137             107
  170        2867.469    1097.943        1289.268     822.764             170             117
   68         606.149    1123.442         340.384    -430.756              68              73
  229         294.946     739.355         407.983     175.478             229             147
  248        -262.084     256.556           2.494    -267.647             248             163
  253         888.595    1192.678         297.899     647.949             253             159
  211          92.844    1358.731        1090.613    -379.046             211             144
  206       -1336.655   -1489.492         -78.377    -898.795             206             135
   45        -233.740     -51.427        -257.495    -100.944              45              61
   45        -676.677    -141.020        -293.158    -179.176              45              55
  156        -199.798    1151.610          63.118     698.749             156             117
  231        -376.616    -815.988         767.429    -653.577             231             148
   29        -669.384    -879.580        -779.966     -49.296              29              53
  144         650.185     644.542         764.358     222.161             144             104
   34        -754.291   -1598.944        -327.602    -762.388              34              56
  236         443.315     457.179        -265.134     225.904             236             150
  163        -837.943     -94.259        -331.905     254.509             163             120
  188        2342.742    1146.444         789.464     760.649             188             126
   43        -532.829     597.932         787.596   -1097.140              43              60
   41       -1456.369   -1308.355        -895.498    -397.592              41              53
  203         103.511    1033.033         285.094     539.836             203             140
  233         -14.013   -1027.972         146.606    -706.177             233             149
   62        -769.652    1349.957        -279.761     356.175              62              70
  150        -701.813   -1339.563         567.321    -469.523             150             107
  169         136.867    -332.650        -217.175     -95.529             169             123
  174        -183.526   -1255.448         497.101   -1022.372             174             119
  171       -1071.709    -685.030       -1404.111    -338.510             171             124
  140        -110.624     185.101         308.978      44.885             140             102
  167       -1083.764    -530.148       -1177.331    -388.815             167             122
  218        -782.506     462.655         212.063     383.726             218             141
  191        -485.022   -1834.684       -1125.544    -465.004             191             134
   49         553.851    2582.841         104.756     835.522              49              57
  105       -2786.894    -998.477        -899.221    -688.758             105              91
  134        -853.228    1128.542        -566.731    1629.009             134              99
  143          -5.660    -993.208        1035.802     217.902             143             110
   82        1221.249   -2377.490         446.700   -1039.932              82              73
   60        -864.200   -1754.645       -1751.517   -1074.413              60              69
  102         116.135    1774.646       -1197.845    1038.870             102              83
  216       -1646.862    1185.145       -1139.872     475.078             216             147
   50        -693.541    2247.410        -391.248    1775.122              50              57
   51       -1607.253    -184.485        -295.202     472.557              51              64
   22          98.696    1215.710        -341.386    2059.874              22              43
  105         781.226     261.113        1003.786    1243.506             105              91
    1        3363.653     588.554        1445.243    1082.597               1              33
    8        1757.220    -117.009        1423.038   -1036.825               8              43
  100         -50.559     457.425        -675.793    -487.008             100              82
   25       -1946.119    1105.929        -125.651     586.218              25              51
  227        1125.028   -1396.469         397.278      77.350             227             146
   66        -478.600     791.696        -623.504      13.126              66              72
   84         899.039     450.213         214.114    1004.775              84              74
  227         416.615    1506.643          76.723     -16.673             227             152
  107        -575.494     956.053         119.480     633.722             107              86
  190       -1003.727     339.796        -328.294     113.717             190             134
   42         406.180     705.932         307.926    1226.102              42              53
  142          28.916     512.857          56.220     -80.740             142             110
  249         341.479    1425.196         207.379    1373.852             249             157
  158        -378.776    1149.702         230.528     -55.413             158             118
  204        -466.033    1587.127         364.529    2128.195             204             134
  113        2059.581     130.010        2086.274    -563.482             113              95
  111       -1803.587     231.602        -437.347     187.590             111              88
  211         622.510    -513.916        1213.331      92.550             211             144
   86        -461.151    -547.079        -499.557    -153.933              86              75
  109          75.942    1844.097         394.263    1119.031             109              93
  154        -188.660     312.498        1157.941     430.149             154             109
  110        -248.215    -818.714         498.484    -522.833             110              94
   76       -1655.942     279.409         -86.904     765.756              76              70
    5         277.611   -1460.659        1095.039     473.794               5              41
   16        1391.053    -632.415         957.182     223.264              16              40
   74         -96.508   -1257.498         848.418    -500.889              74              76
  168         691.804   -1784.087         542.750     210.761             168             116
  249        1185.248   -1724.409         646.954    -836.459             249             163
  177         359.711    -732.684          22.715     782.904             177             121
  242        3238.534   -2365.746        1598.440   -1019.901             242             160
   60         799.304     676.041       -1202.165     278.509              60              62
   78        2824.732    1755.608        2762.977     728.948              78              78
   69         251.356   -3163.492         225.026   -2674.871              69              67
   70         327.866     233.365        -354.424     157.121              70              74
  238         737.575   -1103.545         613.798   -1362.555             238             151
   51       -1323.531   -1325.625       -1210.018   -1062.541              51              64
  132        -360.074      28.152       -1083.338     256.756             132              98
    9        -647.697    1014.579        -313.545     456.661               9              43
  223        -564.882   -1207.570        -419.454     286.284             223             144
   91        1856.090     706.497         -99.439     791.107              91              84
   67         507.857    1584.396         346.001     462.138              67              66
  253         589.078     468.683         482.267     370.473             253             165
  203         334.173     329.497         621.854    -339.462             203             134
   14        -849.682   -1257.134        -359.804    -439.420              14              46
  222         346.638     148.095        -434.680     273.616             222             143
  167        -142.432     415.857        -164.935     724.031             167             122
  197        2083.091     507.638         741.212     192.731             197             131
  135       -1642.406     818.327        -831.557    -266.272             135             106
  124          89.902     714.044         120.976    1773.019             124              94
  216        1845.089     503.597        1098.425      32.034             216             147
  122         156.727     550.220         370.815     510.224             122              93
  161        1705.762    -326.450        1099.991    -443.185             161             119
  244        -920.208     170.312        -433.123    -595.861             244             154
   54        -687.412    -651.740        -524.910     601.146              54              66
  167        2369.750    1972.428         562.857     959.919             167             116
  117       -1184.360    1316.868         578.516     134.339             117              97
  171        1164.764    -674.674        1042.272     393.127             171             118
  145        -238.254    -644.649         378.951   -1165.365             145             111
  202         126.805   -1089.379        -251.311     375.437             202             133
   36         616.273     496.945          96.091    -799.434              36              57
  146       -2192.941     -50.380        -931.289     891.003             146             105
  183        1553.946    -584.388         387.185      99.063             183             130
  209        -430.930    1720.139        -680.799    1394.513             209             137
   84        1642.871     562.156        1626.251     461.570              84              81
  225        -883.906    -395.082        -501.970     201.022             225             145
   21        2102.655    -219.456        1159.951    1045.003              21              49
  225        2669.581     141.698         643.271     -29.501             225             145
   97        1436.614    1401.321         554.368    -128.226              97              87
  199        -523.527    1975.513        -396.387     993.215             199             132
   14        1963.002    1439.495        2165.165    1056.129              14              46
   42        1737.707    -412.489        1192.346    -809.862              42              53
  122         712.149     247.834         975.407    -866.869             122             100
   42        -642.073    -271.400        -693.629    -460.491              42              53
  147         804.839    1949.595        1171.244     434.707             147             112
   91       -1554.544   -1238.149        -468.521   -1135.637              91              78
   15         -88.506    2062.452         402.721    1279.104              15              46
  194       -1008.062   -2504.785         743.480   -1246.385             194             129
  250        1029.563    -771.071        -884.357     452.403             250             164
   17        1068.755    2471.333         111.510     447.229              17              41
  152       -1030.801    3885.390         287.786    2008.678             152             115
  185         730.000      -0.465        3300.000       0.000             185              36
  162       -1029.426   -3886.366         287.784   -2008.680             162              42
   11        1069.729   -2470.779         111.510    -447.229              11              36
   93        1029.135     771.722        -884.357    -452.406              93              42
    1       -1009.036    2504.122         743.477    1246.385               1              36
   73         -87.814   -2062.848         402.723   -1279.103              73              42
  122       -1554.743    1237.356        -468.523    1135.635             122              36
  172         805.795   -1949.603        1171.245    -434.704             172              42
  173        -641.859     271.097        -693.630     460.490             173              36
  252         712.694    -247.807         975.403     866.872             252              42
    7        1737.871     412.702        1192.344     809.864               7              36
  142        1963.455   -1439.252        2165.167   -1056.124             142              42
  188        -522.802   -1975.804        -396.386    -993.216             188              36
  106        1437.372   -1400.680         554.367     128.228             106              42
  148        2669.618    -140.604         643.271      29.501             148              36
  142        2102.143     220.228        1159.953   -1045.001             142              42
    6        -884.337     394.675        -501.970    -201.022               6              36
   99        1642.856    -561.799        1626.251    -461.566              99              42
  143        -430.602   -1720.196        -680.796   -1394.516             143              36
   14        1553.401     585.084         387.184     -99.061              14              42
  140       -2193.167      49.640        -931.288    -891.006             140              36
  120         616.522    -496.645          96.088     799.435             120              42
   43         126.385    1089.466        -251.309    -375.438              43              36
  229        -238.427     644.390         378.947    1165.366             229              42
  224        1164.480     674.683        1042.274    -393.125             224              36
  182       -1183.854   -1317.632         578.516    -134.338             182              42
   16        2370.387   -1971.576         562.859    -959.918              16              36
   99        -687.875     651.641        -524.908    -601.148              99              42
   11        -919.991    -170.664        -433.124     595.859              11              36
   44        1705.778     326.903        1099.989     443.188              44              42
  156         156.899    -550.330         370.816    -510.223             156              36
  236        1845.113    -503.081        1098.425     -32.032             236              42
    5          89.782    -714.070         120.979   -1773.020               5              36
   40       -1642.093    -818.840        -831.560     266.270              40              42
  114        2083.303    -506.835         741.212    -192.728             114              36
  105        -142.501    -415.760        -164.933    -724.031             105              42
   10         346.534    -147.776        -434.679    -273.618              10              36
  150        -850.132    1256.852        -359.806     439.419             150              42
  195         334.400    -329.561         621.853     339.463             195              36
   31         589.282    -468.608         482.267    -370.472              31              42
  122         508.420   -1584.148         346.002    -462.138             122              36
   20        1856.108    -705.518         -99.437    -791.108              20              42
  101        -565.633    1207.562        -419.454    -286.286             101              36
    3        -647.475   -1014.663        -313.545    -456.660               3              42
  200        -360.093     -27.889       -1083.336    -256.758             200              36
    8       -1323.766    1325.459       -1210.020    1062.537               8              42
  231         737.525    1103.831         613.794    1362.556             231              36
  177         328.169    -233.095        -354.422    -157.122             177              42
  173         250.679    3163.431         225.023    2674.870             173              36
  184        2825.507   -1754.913        2762.979    -728.941             184              42
   28         799.546    -675.421       -1202.164    -278.512              28              36
  186        3237.535    2367.064        1598.437    1019.906             186              42
   39         359.052     732.811          22.718    -782.904              39              36
   65        1184.350    1724.792         646.951     836.459              65              42
   38         690.799    1784.094         542.750    -210.761              38              36
  136         -97.222    1257.094         848.416     500.890             136              42
  123        1390.483     632.519         957.182    -223.262             123              36
   14         276.531    1460.276        1095.039    -473.792              14              42
  200       -1656.208    -280.457         -86.902    -765.757             200              36
   52        -248.597     818.148         498.482     522.834              52              42
  143        -188.675    -313.157        1157.943    -430.148             143              36
   30          76.410   -1844.347         394.265   -1119.031              30              42
  214        -461.437     546.805        -499.557     153.930             214              36
   52         622.155     513.763        1213.331     -92.548              52              42
   54       -1803.487    -232.650        -437.347    -187.590              54              36
   55        2059.619    -129.826        2086.269     563.487              55              42
  239        -465.777   -1587.708         364.533   -2128.195             239              36
  199        -378.474   -1150.069         230.526      55.413             199              42
  146         341.879   -1425.187         207.381   -1373.852             146              36
   25          28.960    -512.898          56.218      80.740              25              42
   38         406.203    -705.880         307.929   -1226.102              38              36
  254       -1003.770    -340.260        -328.296    -113.718             254              42
  246        -575.098    -956.401         119.481    -633.721             246              36
  111         417.216   -1506.482          76.721      16.672             111              42
  208         899.092    -449.791         214.116   -1004.774             208              36
  165        -478.429    -791.671        -623.505     -13.128             165              42
  143        1124.370    1396.821         397.278     -77.350             143              36
  182       -1945.808   -1106.749        -125.650    -586.218             182              42
  126         -50.045    -457.422        -675.794     487.006             126              36
  201        1757.452     117.544        1423.034    1036.829             201              42
  220        3363.565    -587.526        1445.244   -1082.594             220              36
   66         780.627    -260.958        1003.786   -1243.504              66              42
  137          98.409   -1215.705        -341.382   -2059.874             137              36
   20       -1607.807     183.859        -295.203    -472.558              20              42
  140        -693.076   -2247.656        -391.245   -1775.122             140              36
  162       -1646.569   -1185.406       -1139.871    -475.081             162              42
  140         116.701   -1773.997       -1197.842   -1038.873             140              36
  188        -864.796    1754.992       -1751.520    1074.408             188              42
   11        1220.335    2377.986         446.699    1039.932              11              36
  158          -6.400     992.915        1035.801    -217.899             158              42
  184        -853.279   -1128.955        -566.726   -1629.009             184              36
  135       -2787.256     997.415        -899.223     688.756             135              42
  202         554.826   -2582.544         104.758    -835.522             202              36
   85        -485.765    1834.752       -1125.547     465.000              85              42
   87        -782.444    -462.914         212.064    -383.724              87              36
   31       -1083.911     529.857       -1177.332     388.811              31              42
   88        -110.533    -185.049         308.978     -44.885              88              36
  124       -1071.887     684.810       -1404.114     338.506             124              42
    4        -183.816    1255.349         497.098    1022.375               4              36
  108         136.758     332.578        -217.175      95.528             108              42
   68        -702.287    1339.050         567.321     469.525              68              36
   74        -769.094   -1350.404        -279.760    -356.176              74              42
  167         -14.233    1027.862         146.605     706.177             167              36
  125         103.837   -1033.089         285.097    -539.836             125              42
   24       -1456.705    1307.748        -895.499     397.590              24              36
   52        -532.218    -598.398         787.593    1097.142              52              42
  148        2343.212   -1145.690         789.465    -760.646             148              36
  133        -838.100      94.050        -331.905    -254.509             133              42
  159         443.442    -456.900        -265.133    -225.903             159              36
  202        -754.823    1598.667        -327.603     762.386             202              42
  132         650.384    -644.432         764.359    -222.160             132              36
  194        -669.761     879.319        -779.966      49.293             194              42
   91        -376.864     815.570         767.427     653.578              91              36
   31        -199.402   -1151.880          63.118    -698.749              31              42
  118        -676.677     140.762        -293.159     179.176             118              36
  143        -233.693      51.295        -257.495     100.943             143              42
  153       -1336.940    1488.720         -78.378     898.796             153              36
   69          93.671   -1359.119        1090.612     379.048              69              42
  153         889.186   -1192.489         297.900    -647.947             153              36
  207        -261.849    -256.712           2.494     267.646             207              42
  194         295.453    -739.374         407.984    -175.477             194              36
  205         606.836   -1123.264         340.382     430.756             205              42
  227        2867.811   -1096.865        1289.270    -822.759             227              36
  151         487.657    -811.038        -343.237    -947.065             151              42
   37         856.734     177.619         248.402    -866.064              37              36
  217       -1995.655   -1256.654       -1431.922    -853.866             217              42
  186        1381.617     855.603        -320.632     675.245             186              36
  243        -669.282    1223.447        -303.988    -428.764             243              42
   12        -910.133     107.779        -351.000     177.000              12              36
  247        -603.246    -167.067        -623.738    -498.366             247              42
   96       -1846.320     741.836       -1186.463     626.083              96              36
  175         -67.129     191.817        -357.193     974.202             175              42
   47         771.146    1763.279         111.463    1063.531              47              36
  239         952.375     388.050         929.321     376.399             239              42
  135         647.520     539.430        -147.587    -819.538             135              36
  196       -2678.836    2021.072       -1186.057    1078.240             196              42
  131        1024.559     775.593        1296.430    1079.934             131              36
  205        -423.576    -210.415        -119.491    -639.415             205              42
  119        -373.605    1698.776          31.182    1353.430             119              36
   85         821.014     -82.390        1411.038    -245.144              85              42
  223       -1066.572    -161.183        -537.589    -712.255             223              36
  196       -2031.305     885.517        -349.139    1344.990             196              42
  159        2524.335   -1232.863        2114.043     339.272             159              36
  151        1204.626   -1494.546         149.534   -2058.036             151              42
  111       -1570.305     952.378       -1227.746     -13.473             111              36
  105        -735.258     877.318        -249.942     310.023             105              42
  203       -1532.264     964.140        -197.219     156.291             203              36
  201       -2150.379    -856.308        -762.248     177.288             201              42
   51        -157.767    1059.707        -284.710    1307.113              51              36
  165        -728.256     548.242         261.720     795.442             165              42
   20         899.397     674.509         730.648    1171.907              20              36
  233          45.645     737.850         873.607      84.457             233              42
  226        -593.755    -321.954         985.496     704.431             226              36
  226        1376.495   -2784.664        1089.700   -1173.732             226              42
  106        -208.552     467.918        -683.190     220.314             106              36
  113         -27.540    -131.576        1051.137     298.950             113              42
  238         758.250   -1713.642         541.301    -278.847             238              36
  243        1272.281   -1383.144         497.443   -1005.732             243              42
   47        -219.967     -94.154        -862.136      18.591              47              36
  163        1263.269     857.534         730.473     -28.624             163              42
   36       -1826.227     -70.855        -731.374    -511.228              36              36
  187        -314.531    -256.768        -325.898     286.815             187              42
   17       -1332.823    1599.007        -933.611    1203.468              17              36
  227        1960.625    1316.450        2038.241    1491.040             227              42
   65        -494.431    -651.291         704.686   -1436.388              65              36
  246       -1374.120   -1145.903        -240.238     419.808             246              42
  154         739.519    -502.283         568.830     134.040             154              36
   16        1136.147    -595.929         881.382     140.227              16              42
   41         194.325    -587.409         506.435   -1000.429              41              36
  253        -432.475   -1180.497        -336.865      33.115             253              42
   18         591.698    1107.674         821.572     -46.939              18              36
  205       -1941.735   -3416.942          15.202   -1026.025             205              42
   70        1774.277    -940.814        -609.259     274.964              70              36
  135         891.867     883.134         879.739     200.765             135              42
  243         466.115    -973.721         382.230    -790.718             243              36
  248          55.208   -1547.215         262.077   -1101.029             248              42
   62       -1120.455   -1391.744       -1624.741   -1328.494              62              36
  246       -1830.413    1046.207       -1570.682    1257.393             246              42
   93         552.634    1241.726         166.937    1057.842              93              36
   32        -692.502     790.507         246.360     847.872              32              42
  128        1425.474    -430.857        1357.993     465.895             128              36
   36         926.826   -1495.548         731.076   -1440.474              36              42
   54       -1651.040    -778.440        -920.720    -501.389              54              36
  169         264.431   -2050.673        -176.395    -449.690             169              42
  163        -975.472     621.449       -1878.962      51.855             163              36
   87        -283.947    1281.404         -28.285    1900.109              87              42
  165        1157.387     746.460         414.003     142.373             165              36
  190        -787.155     499.222          69.270     872.452             190              42
   97        1258.945     184.779         767.736      38.393              97              36
  199       -1275.985    -741.643        -323.289     -93.940             199              42
   72         909.941     732.825           0.666     826.611              72              36
   97        -982.969    -180.617         322.972     129.508              97              42
  116         733.964      34.178        -308.654    1204.410             116              36
  183        1851.450    1094.913        1991.684     848.746             183              42
  120        1238.619   -1377.395         566.663    -897.039             120              36
  142         242.419     865.327         775.820     280.217             142              42
  100         617.928   -2313.280         774.446   -1190.930             100              36
  130        -124.380    -681.905        -561.656    -815.001             130              42
  248       -1701.996     -68.115        -877.760     239.647             248              36
  206         403.057    -651.326         266.225     957.570             206              42
   19        2021.930     -29.276         813.226     251.754              19              36
  150        1149.922    -716.956         999.696    -608.947             150              42
   22         -45.983    -915.508        -446.137    -760.305              22              36
   16         342.919    -689.401         334.343      60.579              16              42
   19        1068.926   -1180.668        -324.201    -770.607              19              36
   61         556.200     395.038           5.662     -41.472              61              42
  143        -187.183    -668.858        -941.013    -860.335             143              36
  120        -263.858    2058.907        -812.172    1097.191             120              42
  138        -579.208    1413.791         327.729     159.004             138              36
  125       -1838.453   -1247.752        -500.549     -20.369             125              42
  175         449.101     283.628        -522.117    1055.810             175              36
  232        1759.213    -201.160        1381.090     229.663             232              42
   54         231.597    -600.758       -1353.553   -1210.408              54              36
  135       -1458.870    3131.957        -829.252    2063.551             135              42
  242         927.639    1217.667         509.167     878.463             242              36
  133         -89.948    2454.349        1266.920    1284.050             133              42
  128         331.174   -2194.724        1029.758   -1283.079             128              36
   33       -1543.618     356.898        -896.191     192.709              33              42
  196        -401.730    -605.729         149.438     810.227             196              36
  118        1694.036     511.213        1055.829     717.229             118              42
  127         145.938   -1242.493         662.403    -805.539             127              36
  148         664.306   -1050.409          24.893    -108.417             148              42
   82         266.784      65.228        -536.240    -301.639              82              36
   10          36.455    1830.093         520.716    1292.181              10              42
  172         307.637   -2223.287         729.420   -1295.362             172              36
  149         299.433     430.449        -828.696     540.123             149              42
  208         297.512     699.402         610.612    -303.995             208              36
    7       -1552.112     443.376        -711.443     437.723               7              42
   92          70.456    -347.663        1049.674     296.878              92              36
  159         291.101   -2008.360         125.052    -954.272             159              42
   29       -1050.069   -1053.544        -768.723    -461.137              29              36
  121         848.679   -1067.097        -347.311     162.015             121              42
   26        -388.175     519.973        -938.862    -584.485              26              36
  112       -1334.207     629.743       -1113.943     956.371             112              42
   53        -706.470     845.074        -733.501      45.123              53              36
  114       -2981.999    1479.516       -1949.825    1784.142             114              42
  221         132.901    2772.569         491.463    3084.959             221              36
  168        2179.397     421.524        2688.623     915.684             168              42
   16        -804.785   -2251.632          -2.827   -1660.064              16              36
  217        -824.175     375.106        -853.834    1566.408             217              42
    9         435.941    -310.189        1245.033     213.960               9              36
  213         491.880   -2497.954        -256.251    -261.506             213              42
   27          34.645     736.647        -483.878     -14.310              27              36
   20       -1631.309   -1355.595        -950.046     132.943              20              42
  250       -1692.940     636.327       -2165.011    1270.274             250              36
  135         926.873    1969.684         288.868    2893.090             135              42
   49       -1373.568    1105.169        -396.503     652.163              49              36
  187         199.981    -330.642         -29.863    2841.622             187              42
  119        1008.727    2746.318         -72.016    1627.723             119              36
  229         675.679    1098.325        2083.267    3058.887             229              42
   24        -540.495   -1917.920        -517.443   -1049.720              24              36
   63         164.951    1389.823        -102.984    4880.322              63              42
   48         723.701     254.364         177.455     -41.797              48              36
   76       -1050.868    2870.665        -388.985    7294.825              76              42
  221       -1955.107     566.541         235.570    1291.701             221              36
   84        1809.679     949.651        1395.578   21121.793              84              42
