SINAL     NFT                         FFT                         NFT INVERSA     FFT INVERSA
-----     -----------------------     -----------------------     -----------     -----------
  138       64909.000       0.000       34865.495       0.000             138             103
   11       -1159.902    -806.360         -24.631  -19360.450              11              40
  166        3584.060    -540.571        2006.910     101.513             166             117
  177        -791.935    -463.960        -366.670   -8560.884             177             123
  237       -1096.860     918.018        -382.310    1199.289             237             152
  193         311.127    -431.741         902.484   -4573.930             193             131
   56        -185.495     305.007          35.674     895.847              56              62
   59        1997.286    -338.120        2092.793   -3841.554              59              64
  218       -2357.531   -1071.852        -831.878   -1009.801             218             143
  186         234.017   -1564.020         868.300   -2222.739             186             128
  160         575.389   -1782.308        -238.907   -1115.337             160             114
  212         -78.477    -362.271          10.766   -1910.374             212             141
  194        1237.024    -900.488         -10.955    -463.303             194             131
  171         222.607    1039.047         133.725   -1959.076             171             120
  168        -723.783    -405.964        -149.043    -430.186             168             118
  252        -623.765    -399.362        -119.747   -2141.482             252             161
   12       -1150.254    -336.206       -1075.705     220.019              12              40
   44         568.654    1329.057         757.342   -1039.191              44              57
  247       -2210.185   -1281.362        -745.256    -557.174             247             157
   71         741.727     341.539         462.389    -494.143              71              70
  198        -800.478   -1425.979          43.399    -902.486             198             133
  251         512.673    -842.143        -198.914   -1158.892             251             160
   20        -236.868    -234.662        -620.343    -505.880              20              44
  150        -227.150    1637.570        -329.408    -426.503             150             110
  132       -1831.833    -145.180          90.989    -112.559             132             100
  120         459.048   -1646.371         -58.623   -1254.106             120              95
  123       -1217.666     727.251       -1127.954    -167.423             123              95
   66        -956.924     694.163           7.697     187.987              66              68
   57        -599.038   -1536.381        -121.700    -383.963              57              62
  194        1444.019     101.167        -474.467      17.073             194             132
   98         257.159    2885.397         128.459     256.730              98              83
   89       -1989.323     949.443         -73.632     173.016              89              79
  219         460.457     671.576        1058.767     478.159             219             143
  252        -792.659   -1002.765         800.377   -1063.726             252             161
  148         336.866   -1357.376         396.680    -634.795             148             108
   94        -896.400   -1286.550         159.820   -1539.465              94              82
   62       -1035.719   -2401.778       -1086.971   -1119.087              62              65
  127       -1616.961     706.595       -1552.709     352.130             127              98
   68        1022.972     379.350         637.959    1152.690              68              68
   10         251.375     453.905         300.786    -918.248              10              40
  156       -1212.606    -590.176         -74.479     156.664             156             112
   92        -314.089    -970.640        -229.127    -844.761              92              81
  221        -785.282    -612.897        -671.971     798.024             221             144
    7        1946.260     695.280         536.080     282.576               7              38
  182         166.708     398.983         637.592     337.634             182             125
   60        1593.710    -813.032         511.815    -768.052              60              65
  215         385.291    1328.877         143.644     316.624             215             141
    5         577.548     273.533         764.504    -751.201               5              37
  207       -1040.609     353.917          81.605      -8.612             207             137
  197         540.308   -1141.149         686.196    -906.387             197             133
  186        -680.817     418.075        -218.633     -45.928             186             127
  153         192.934    -769.078         886.363    -530.466             153             111
  127         406.392    -629.549         670.064    -386.643             127              97
  138         626.902   -2860.993         920.539   -2531.625             138             104
  137       -2012.579   -1127.981       -2209.391    -942.855             137             102
    6          34.534     408.603         396.981     -16.019               6              38
   56       -2087.153   -1450.328       -1039.575   -1032.766              56              62
  185        -612.214   -1946.643        -233.513    -338.107             185             127
  106        -390.238   -1634.545       -1958.265    -314.405             106              87
  233        1962.536    2628.074         382.376    1847.791             233             151
  127         725.117     263.033         652.924    -856.538             127              97
  162        -325.360      48.959         122.890      89.536             162             116
  101        1139.416   -1090.481          51.182   -1153.448             101              84
  136        -761.878    1991.990        -405.062     307.326             136             103
   66        -157.026   -1691.927         725.260   -1240.306              66              67
  237       -1158.574    -528.701       -1459.384    -970.715             237             153
  194       -1629.544       5.139        -741.329     115.068             194             131
   80        -103.477    -319.443        -654.215     213.206              80              75
  192         370.270     416.328        -110.485    -144.338             192             130
   57        -962.062    1138.739        -991.014     218.378              57              63
  109        -538.435    1086.790         429.418     440.254             109              88
  203       -1298.123    -860.655        -694.985    -518.448             203             136
   89        -116.619     560.127         -20.634     771.351              89              78
   77         228.932    -408.216        -261.999    -671.815              77              73
   82       -1467.287    2574.054        -631.009    1070.769              82              75
   76       -1028.285    -881.136         928.383    -160.731              76              73
  247        -846.762   -1421.944        -763.283    -364.698             247             157
  237        -283.537      11.140         -49.248     720.821             237             153
  186         860.995    -644.404         462.709     -16.617             186             127
   64         118.577    -927.586        -132.198    -218.284              64              67
  204        1849.800     357.966         257.232     398.955             204             136
  240         917.566     637.413         734.180    -673.363             240             155
   83        -370.071    -463.381        -194.191    -970.715              83              75
  167       -1559.320    -760.918        -905.263   -1113.663             167             118
  186       -1396.117     250.288       -1991.522     549.016             186             127
   14         445.848    3723.577         216.115    1741.835              14              42
  153        -788.515    1091.240        1188.878     -55.997             153             110
    0       -1820.685   -1517.463         219.015   -1170.989              -0              35
  215       -2226.642   -2215.732       -1147.195    -702.944             215             141
  171        -648.982    -335.817        -818.613     318.003             171             120
  110       -1687.384    -115.135        -747.591     193.235             110              89
  198        -368.600    -605.292        -379.580     878.743             198             134
  168         238.236     298.412         163.968    -134.854             168             118
   33       -2765.121   -1311.262       -1322.677     299.289              33              51
  186        1658.605     484.171         254.599    1731.372             186             127
  140         716.632    -924.401         972.775    -442.120             140             105
  155         858.192   -1003.630        -848.889    -151.539             155             111
   89        -388.792    1334.779         -32.896     381.151              89              79
   27        -698.388   -1146.910       -1110.250     162.907              27              47
   67         576.458    2462.942         158.102    1918.313              67              68
   59         959.601   -1187.388         742.427    -364.489              59              63
  185        -124.669    1451.956        -643.133    1158.263             185             127
  143        1863.272    -346.704        1527.577      89.735             143             105
   65       -1013.773     -68.629       -1165.103    -257.974              65              67
  134        1630.660     578.887         657.171    1491.921             134             101
  105        1210.013    1286.026         255.929    -210.406             105              87
  164        -139.787     918.921         332.726     817.957             164             116
   89         170.522    1016.346         221.338     260.433              89              79
  240         463.869     -48.160        1198.951     937.091             240             154
  193        2259.124   -1092.869         885.426   -1072.195             193             131
   25        -209.888     591.873        -104.031    -135.449              25              46
   41        -558.586    -167.848        -334.875    -368.228              41              55
  136         -29.117     838.044         -31.182    1262.879             136             102
  190        1860.311     307.209        1334.488    -193.329             190             130
   64        -162.678    -180.466         159.340    -431.450              64              66
   20        -361.276    -162.094          94.225    -503.112              20              45
   66        -619.453   -1030.680        -365.359     173.603              66              67
   64        1646.225     808.945         492.554      21.688              64              67
  201       -1680.903    -963.168        -227.086    -745.347             201             134
  245         164.868    -368.178       -1249.625     434.679             245             157
   46          38.973    2337.397         460.449    1217.661              46              57
  126        -440.408    -920.781        -218.360     -13.223             126              98
  110         907.538    1510.963         505.782    1795.124             110              89
   38        2523.977    -568.117        1511.578    -254.733              38              54
   40        1106.861     776.795         564.308     -37.074              40              54
  138         679.590    -335.325          51.972    -620.034             138             104
   91         518.512    3384.673         490.001    1534.358              91              79
  123         657.666   -1205.703        2348.651   -1261.636             123              96
   98        -246.915   -1922.068        -398.000   -1301.000              98              83
  228        -420.836    -825.302        -121.884   -1094.896             228             149
   90       -1424.701    -792.682       -1292.888      21.395              90              79
  206        1211.424     258.709         -12.132     151.427             206             138
   26        -953.249    1893.458        -659.967     521.311              26              47
  119        -498.137     -67.524         265.364     400.398             119              94
   34         580.861    1358.827          31.750     997.698              34              51
   26         522.986     -34.163        1381.167    -251.726              26              48
  145          51.714    -282.166        -443.833    -202.695             145             106
  253        -594.819    1010.352         436.704     116.121             253             161
   24        -556.763    -351.666        -112.592     647.739              24              46
  116        1173.301     149.531        1333.417    -228.420             116              93
    3       -1197.065    -812.932        -482.071     103.061               3              35
  164        2061.363    -521.228        1631.579      96.888             164             117
   11         657.364   -1053.600        -238.502    -763.234              11              39
   46        1251.064    1372.502        1132.467    -253.420              46              58
  153       -2789.170   -1519.008       -1081.893   -1161.754             153             110
  251         149.487    1006.364         226.832    1393.562             251             160
  104          16.639   -1434.388        1388.013    -339.815             104              86
  147        2233.410   -3423.992         939.465   -1621.327             147             108
  126       -1172.851    -642.526       -1678.976   -1170.910             126              97
  140         121.303     -64.304         205.064     907.865             140             105
   96         812.156   -1463.763        -163.861   -1031.061              96              82
  219         261.009     295.287        -281.465     581.071             219             144
   67        1688.088    -535.178         594.459    -455.974              67              67
   58         277.962    -614.651         -52.426   -1020.792              58              64
  231        -548.644    -939.211       -1486.138    -382.248             231             149
   22        1654.140    2484.036         162.713    1033.535              22              46
  210        -756.563     416.149         113.620    -769.699             210             139
   51        -563.891    -260.332        -374.410     -65.569              51              60
  240        -635.328    -162.599        -789.121    -345.435             240             154
   21        -247.107    1384.603        -166.799     948.991              21              45
   41         -36.736   -1397.603         446.954    -761.022              41              54
  239         433.708    -774.614       -1315.998    -463.710             239             154
  117        -690.842    3008.101        -896.970     968.296             117              92
   58        -889.570     471.658         123.861     278.811              58              64
  199       -1390.103     799.568       -1215.887     579.764             199             133
    1         152.478    1158.793         782.953    1390.948               1              35
  241         110.084    -992.990        -291.418    -566.978             241             154
   28        -137.631    1810.572        -335.548    1385.394              28              49
  184         330.719     275.437         389.982     258.258             184             126
   41         155.484    1224.568           9.082     657.376              41              55
  105       -1409.123     472.055        -325.118     484.178             105              86
  173        1096.137     608.745         479.599    1790.195             173             121
   70        1895.938    1818.941        1159.560     560.554              70              69
   94         258.588     732.042        1785.032     763.741              94              82
  171        1666.411   -3265.544        1159.229   -1857.752             171             119
  154         171.183     408.018        -836.783     174.250             154             112
  159        1228.154     438.115         823.381       4.912             159             113
   51        -116.122     606.690         -94.036      31.907              51              60
  233         440.392     141.769         562.517     187.575             233             150
   62         813.367     633.394         668.639     327.245              62              66
  108         944.770    -948.872        1302.025    -745.320             108              88
   40         891.440   -1388.071         204.040    -989.804              40              55
   25         656.156    -837.714          33.095   -1379.923              25              46
  224       -1416.152     187.493       -1486.595    -468.037             224             147
   15        -483.103     636.333          -2.385     455.711              15              41
  251        -104.630   -1616.747        -467.789    -814.617             251             160
  180         493.388     955.102       -1293.501     293.742             180             124
   35        -981.470    3289.349        -523.303     934.993              35              52
   68       -1672.697      53.452         -49.526     667.499              68              68
  222         954.593     359.874        -370.367     674.495             222             146
   89         205.019    2996.980         509.302    1548.927              89              78
  212         997.511    -711.170        1537.406    -467.908             212             141
  122        -702.911    -437.935       -1137.259    -472.307             122              95
   26         893.070    2354.518         256.538    1297.461              26              48
   20       -1635.766    1190.393        -173.241      22.212              20              44
  104         376.321     391.900         457.718    1856.429             104              87
  149        2944.111    1255.707        1496.441    -188.838             149             108
   61        -872.288    1757.595         379.590     440.480              61              65
   85         788.075    -292.573        1385.963    -520.854              85              76
  131       -1095.316    -241.211        -450.079    -608.561             131             100
   78        -442.903     990.074          77.519     635.966              78              73
  185          -1.027     710.693         609.577     323.604             185             127
   99        -813.721    1122.598         580.252     327.570              99              83
   58        -242.580   -1491.662        1687.396     193.969              58              64
  189        2392.431   -3509.683         980.823   -2334.985             189             128
  207       -2447.246     164.890       -2164.380    -806.616             207             138
  227        -690.813    1385.625        -226.018    1990.180             227             147
  166        2067.704    -177.649        1918.980     -95.027             166             118
   90        -388.544    -771.557        -514.131   -1189.178              90              79
  124       -1211.525    1601.350         205.992    1229.802             124              97
  173        1224.583   -2932.184        1543.899   -1070.479             173             120
  204         557.937   -1285.039        -722.714   -1120.080             204             137
  198         -70.112     471.660        -567.330     105.710             198             133
  128         719.155    1119.395         422.995     174.778             128              99
  185        -954.625    -846.265        -479.776   -1381.752             185             126
  169       -1754.303    1854.586       -1645.147    1203.626             169             119
  160         281.804    1544.155        1082.405     690.938             160             114
  249       -1920.484     277.592        -572.678    -190.282             249             159
  202       -1094.527     363.463         252.392    1031.448             202             135
   60         286.431    -321.672         599.595      69.665              60              65
  110       -1146.511    -282.163          82.899     -30.190             110              89
  179        -517.060    -918.320         117.459     593.787             179             124
  203        1394.614    -934.061         922.645      36.421             203             135
  202         529.008    -854.100         126.030    -428.945             202             136
   74         714.302    -142.104         -40.832     -83.326              74              71
  246        -234.739    1427.113        -101.766     237.873             246             158
  184       -1365.921     -38.507         249.949     291.657             184             126
  197         601.813   -1046.736         580.771     137.805             197             133
   97          82.682   -1192.451         -28.985    -806.945              97              82
   18        -250.152     404.897        -732.379     796.134              18              44
  205         820.361     636.791         702.902     175.391             205             136
  161       -1047.300     719.224        -639.478     608.099             161             115
  217         593.578    1076.623        1280.779    1109.224             217             142
  214         408.644   -1070.125         919.715    -165.245             214             142
  134        1564.818    -993.606        1119.296    -413.690             134             101
  124         204.988    -390.345          -7.998    -711.676             124              97
  187        -379.851     -49.258         627.061    -316.468             187             127
   33       -1414.104   -2400.637        -526.028    -994.165              33              51
   79         356.280    -854.522        -250.282     167.437              79              73
  219        -584.073   -1056.839        -748.498    -397.029             219             144
  210         735.724     509.781        -523.307    1104.865             210             139
  254         307.450    1575.609          24.151     407.760             254             162
  240        -963.575    1270.483        -161.448    1543.005             240             154
  179        1640.404    1140.041        1867.049    1238.816             179             124
   86        1032.821   -2229.824        1693.773    -893.283              86              77
   68        1254.410    -966.868        -231.232    -522.680              68              69
   75         610.214    1032.872        1403.006     663.713              75              71
  225        1969.017   -3661.072        1193.198   -2377.276             225             147
   18       -2081.710     245.307       -2113.776    -897.183              18              43
   63       -1357.880     518.663        -227.697    1641.200              63              66
  181        1653.795   -1185.932        1503.400    -129.506             181             124
  253         257.089   -2958.751        -315.638   -1378.180             253             161
   12          71.460     226.620       -1078.493     484.295              12              40
   49         786.229    -297.085         191.703     748.129              49              59
  201        1903.427     698.374         336.983     551.847             201             134
    8        1017.159    -361.648         771.946     197.198               8              39
   43        2529.000       0.522         475.000       0.000              43              37
  119        1016.883     362.113         771.942    -197.196             119              38
  154        1903.425    -697.541         336.985    -551.848             154              37
  100         785.750     297.654         191.701    -748.129             100              38
   98          71.257    -226.150       -1078.492    -484.297              98              37
  172         255.962    2959.064        -315.643    1378.178             172              38
  213        1653.037    1186.256        1503.399     129.509             213              37
  179       -1358.107    -519.217        -227.694   -1641.200             179              38
  169       -2081.408    -245.722       -2113.777     897.179             169              37
   49        1968.073    3661.636        1193.190    2377.279              49              38
  168         610.558   -1032.968        1403.007    -663.709             168              37
  192        1254.042     967.279        -231.234     522.678             192              38
  247        1031.920    2229.746        1693.771     893.287             247              37
  109        1640.394   -1140.046        1867.052   -1238.812             109              38
   73        -963.496   -1271.023        -161.445   -1543.005              73              37
  251         307.856   -1575.409          24.151    -407.760             251              38
  247         735.630    -509.175        -523.305   -1104.865             247              37
  121        -584.678    1056.943        -748.500     397.025             121              38
  179         355.754     854.816        -250.282    -167.437             179              37
   88       -1415.039    2400.044        -526.032     994.163              88              38
  242        -379.739      48.841         627.060     316.470             242              37
   48         205.034     390.282          -8.000     711.674              48              38
   50        1564.465     993.935        1119.294     413.693              50              37
   12         408.073    1069.824         919.715     165.247              12              38
   46         593.658   -1076.829        1280.782   -1109.223              46              37
   13       -1047.203    -719.725        -639.478    -608.102              13              38
  204         820.495    -636.534         702.902    -175.389             204              37
  178        -250.184    -404.843        -732.377    -796.137             178              38
  233          82.183    1192.540         -28.988     806.945             233              37
   26         601.222    1046.713         580.772    -137.804              26              38
  191       -1366.079      37.701         249.949    -291.656             191              37
  157        -234.150   -1427.287        -101.765    -237.874             157              38
  215         714.294     142.480         -40.832      83.326             215              37
  210         528.647     854.310         126.028     428.945             210              38
  173        1393.990     934.409         922.645     -36.420             173              37
   48        -517.813     917.881         117.459    -593.787              48              38
   81       -1146.812     281.444          82.899      30.191              81              37
  221         286.115     321.395         599.595     -69.665             221              38
  153       -1094.694    -364.208         252.393   -1031.447             153              37
   96       -1920.374    -278.616        -572.679     190.281              96              38
  119         282.353   -1544.335        1082.406    -690.937             119              37
  254       -1753.647   -1855.061       -1645.145   -1203.631             254              38
  143        -954.567     846.038        -479.779    1381.752             143              37
  126         719.799   -1119.142         422.996    -174.778             126              38
  244         -69.804    -471.391        -567.331    -105.711             244              37
  213         557.650    1285.497        -722.716    1120.078             213              38
   48        1223.482    2932.291        1543.897    1070.482              48              37
  176       -1211.086   -1602.114         205.996   -1229.802             176              38
  108        -388.574     771.319        -514.132    1189.177             108              37
  207        2067.588     178.050        1918.981      95.032             207              38
  221        -690.679   -1385.929        -226.014   -1990.181             221              37
   88       -2446.972    -165.405       -2164.382     806.609              88              38
   45        2391.445    3510.408         980.818    2334.987              45              37
  187        -243.295    1490.854        1687.397    -193.966             187              38
  112        -813.371   -1123.528         580.251    -327.568             112              37
  154          -0.750    -711.089         609.578    -323.602             154              38
   76        -442.560    -990.459          77.520    -635.965              76              37
   72       -1095.180     240.617        -450.081     608.559              72              38
  165         788.201     292.357        1385.961     520.858             165              37
  140        -871.382   -1758.317         379.593    -440.480             140              38
  191        2944.644   -1254.887        1496.440     188.840             191              37
   79         376.094    -391.968         457.723   -1856.428              79              38
  133       -1635.406   -1191.196        -173.243     -22.214             133              37
   11         893.943   -2354.155         256.542   -1297.459              11              38
  185        -702.997     437.849       -1137.260     472.306             185              37
  187         997.346     711.185        1537.402     467.911             187              38
   99         205.957   -2997.074         509.305   -1548.925              99              37
   52         954.471    -359.409        -370.366    -674.496              52              38
  235       -1672.863     -54.166         -49.525    -667.499             235              37
   96        -980.185   -3289.578        -523.302    -934.995              96              38
    3         493.866    -954.346       -1293.502    -293.744               3              37
  113        -105.153    1617.009        -467.792     814.617             113              38
  150        -482.849    -636.412          -2.384    -455.711             150              37
   67       -1415.782    -187.699       -1486.596     468.032              67              38
   84         656.315     838.170          33.092    1379.925              84              37
  182         891.242    1388.370         204.039     989.803             182              38
  191         944.591     948.920        1302.022     745.323             191              37
   76         813.617    -633.371         668.641    -327.243              76              38
  134         440.437    -141.756         562.517    -187.574             134              37
    7        -115.799    -606.810         -94.036     -31.908               7              38
  228        1228.401    -437.671         823.381      -4.910             228              37
  155         171.397    -407.740        -836.782    -174.254             155              38
   30        1665.325    3265.894        1159.223    1857.755              30              37
  201         258.781    -732.596        1785.035    -763.737             201              38
   67        1896.406   -1818.579        1159.560    -560.552              67              37
   62        1095.864    -608.444         479.604   -1790.194              62              38
   87       -1409.270    -472.656        -325.119    -484.180              87              37
    4         155.840   -1224.574           9.084    -657.375               4              38
  234         330.665    -275.373         389.982    -258.257             234              37
  139        -137.190   -1810.512        -335.544   -1385.394             139              38
  106         109.592     993.079        -291.420     566.976             106              37
  161         152.590   -1158.863         782.956   -1390.945             161              38
   91       -1390.022    -800.007       -1215.887    -579.767              91              37
  183        -889.371    -472.004         123.861    -278.809             183              38
  196        -689.671   -3008.026        -896.968    -968.298             196              37
   60         433.564     775.298       -1315.999     463.707              60              38
  185         -37.214    1397.639         446.953     761.023             185              37
  243        -246.661   -1384.661        -166.796    -948.991             243              38
  185        -635.335     162.589        -789.123     345.433             185              37
  206        -563.824     260.188        -374.409      65.568             206              38
  136        -756.076    -416.457         113.618     769.700             136              37
  255        1655.174   -2483.150         162.717   -1033.534             255              38
    2        -548.877     939.554       -1486.139     382.244               2              37
   57         278.035     615.010         -52.428    1020.792              57              38
  105        1687.997     535.913         594.458     455.974             105              37
   70         261.046    -294.927        -281.462    -581.071              70              38
   28         811.588    1464.264        -163.863    1031.059              28              37
  184         121.125      64.508         205.067    -907.864             184              38
   12       -1172.932     642.501       -1678.979    1170.906              12              37
   39        2232.311    3424.769         939.461    1621.330              39              38
  246          15.900    1433.919        1388.012     339.818             246              37
   50         149.545   -1006.566         226.838   -1393.560              50              38
   59       -2789.544    1517.865       -1081.895    1161.753              59              37
  174        1251.914   -1372.233        1132.467     253.423             174              38
   23         657.162    1053.837        -238.505     763.232              23              37
  250        2061.028     521.769        1631.579     -96.883             250              38
  246       -1197.498     812.282        -482.072    -103.063             246              37
   43        1173.280    -149.413        1333.417     228.423              43              38
  158        -557.062     351.190        -112.592    -647.740             158              37
    2        -594.460   -1010.751         436.704    -116.118               2              38
  126          51.726     282.064        -443.833     202.695             126              37
  114         523.011      34.064        1381.167     251.730             114              38
   48         581.196   -1358.783          31.753    -997.700              48              37
  249        -498.297      67.258         265.365    -400.396             249              38
   85        -952.512   -1893.738        -659.966    -521.313              85              37
   19        1211.504    -257.988         -12.131    -151.426              19              38
    9       -1425.007     792.423       -1292.888     -21.399               9              37
   12        -420.888     825.246        -121.884    1094.899              12              38
  107        -247.256    1921.795        -398.000    1301.000             107              37
   59         657.547    1205.259        2348.643    1261.639              59              38
  167         519.857   -3384.816         490.005   -1534.357             167              37
   49         679.695     335.617          51.968     620.033              49              38
   89        1107.328    -776.450         564.308      37.076              89              37
  207        2523.696     568.857        1511.575     254.735             207              38
  235         907.641   -1510.700         505.786   -1795.122             235              37
  181        -441.006     920.555        -218.361      13.221             181              38
  130          39.612   -2337.360         460.450   -1217.660             130              37
   86         164.543     368.533       -1249.625    -434.683              86              38
   72       -1681.160     962.613        -227.088     745.347              72              37
   17        1646.561    -808.372         492.554     -21.688              17              38
   71        -619.917    1030.509        -365.359    -173.605              71              37
   77        -361.248     161.840          94.222     503.112              77              38
  131        -162.506     180.250         159.338     431.450             131              37
  110        1860.451    -306.764        1334.487     193.333             110              38
   68         -29.013    -838.093         -31.181   -1262.879              68              37
   12        -558.621     167.658        -334.876     368.226              12              38
   36        -209.418    -591.909        -104.032     135.447              36              37
   18        2258.837    1093.566         885.421    1072.196              18              38
  169         463.657      48.013        1198.952    -937.088             169              37
  165         170.747   -1016.523         221.337    -260.434             165              38
   13        -139.437    -919.061         332.726    -817.956              13              37
  226        1210.496   -1285.561         255.927     210.407             226              38
  131        1630.598    -578.148         657.173   -1491.920             131              37
  114       -1013.939      68.441       -1165.105     257.971             114              38
  153        1863.048     347.298        1527.576     -89.731             153              37
   24        -124.432   -1451.905        -643.131   -1158.265              24              38
   14         958.989    1187.720         742.425     364.491              14              37
  161         576.898   -2462.629         158.107   -1918.312             161              38
  205        -699.079    1146.927       -1110.250    -162.909             205              37
  154        -388.426   -1334.690         -32.894    -381.149             154              38
  191         857.749    1004.244        -848.889     151.537             191              37
   27         716.056     924.689         972.772     442.121              27              38
  190        1658.124    -483.515         254.603   -1731.371             190              37
   39       -2766.056    1310.404       -1322.677    -299.293              39              38
  205         238.142    -298.339         163.967     134.855             205              37
  151        -369.222     605.225        -379.578    -878.744             151              38
  234       -1687.732     114.609        -747.591    -193.236             234              37
   75        -649.342     335.745        -818.611    -318.004              75              38
   33       -2227.539    2214.911       -1147.197     702.942              33              37
  212       -1821.037    1516.287         219.012    1170.990             212              38
  144        -787.873   -1092.181        1188.877      56.000             144              37
  187         447.159   -3723.460         216.120   -1741.833             187              38
   56       -1396.044    -250.326       -1991.521    -549.020              56              37
  226       -1559.285     760.601        -905.265    1113.661             226              38
   28        -369.747     463.233        -194.195     970.714              28              37
    1         918.173    -637.096         734.178     673.367               1              38
  134        1849.952    -357.145         257.233    -398.955             134              37
  212         118.121     927.781        -132.199     218.282             212              38
   67         860.569     644.670         462.708      16.618              67              37
  115        -283.856     -11.218         -49.246    -720.821             115              38
   65        -847.471    1421.573        -763.283     364.696              65              37
  117       -1028.697     880.340         928.382     160.732             117              38
   75       -1466.327   -2574.722        -631.009   -1070.770              75              37
  160         228.917     408.396        -262.002     671.816             160              38
   79        -116.516    -560.133         -20.634    -771.350              79              37
  141       -1298.422     860.140        -694.986     518.446             141              38
  255        -537.967   -1087.121         429.417    -440.252             255              37
  211        -961.502   -1138.948        -991.013    -218.378             211              38
   88         370.547    -415.946        -110.485     144.338              88              37
  163        -103.662     319.621        -654.213    -213.206             163              38
   30       -1629.513      -5.506        -741.328    -115.070              30              37
   73       -1158.454     528.500       -1459.385     970.714              73              38
   16        -157.271    1691.733         725.259    1240.307              16              37
    8        -760.827   -1992.272        -405.062    -307.332               8              38
   98        1139.348    1091.021          51.178    1153.449              98              37
   25        -325.143     -49.119         122.891     -89.536              25              38
  126         725.472    -262.848         652.922     856.539             126              37
   59        1963.325   -2627.013         382.381   -1847.790              59              38
  238        -391.088    1635.061       -1958.266     314.401             238              37
   99        -613.074    1946.659        -233.513     338.108              99              38
   61       -2087.569    1449.559       -1039.576    1032.765              61              37
  196          34.845    -408.543         396.983      16.021             196              38
  126       -2012.645    1127.562       -2209.393     942.849             126              37
  159         626.390    2861.100         920.533    2531.628             159              38
   98         406.395     629.325         670.062     386.643              98              37
  225         192.786     768.808         886.362     530.469             225              38
  221        -680.484    -418.524        -218.632      45.926             221              37
   57         540.109    1141.090         686.194     906.388              57              38
   94       -1040.236    -354.599          81.604       8.612              94              37
  114         578.012    -273.584         764.502     751.202             114              38
  149         386.047   -1328.766         143.645    -316.625             149              37
  175        1593.579     813.583         511.811     768.053             175              38
  252         166.894    -399.030         637.591    -337.633             252              37
  165        1946.351    -694.532         536.080    -282.574             165              38
  108        -785.754     612.790        -671.970    -798.025             108              37
  103        -314.509     970.513        -229.129     844.762             103              38
   77       -1212.725     589.584         -74.479    -156.664              77              37
  166         251.712    -453.965         300.783     918.249             166              38
  210        1022.972    -378.990         637.961   -1152.688             210              37
  220       -1616.867    -706.846       -1552.708    -352.133             220              38
  160       -1036.381    2401.615       -1086.974    1119.084             160              37
   37        -896.553    1286.072         159.816    1539.467              37              38
  245         336.626    1357.167         396.679     634.797             245              37
   85        -792.812    1001.959         800.375    1063.731              85              38
  209         460.791    -671.978        1058.768    -478.158             209              37
   58       -1988.759    -950.535         -73.632    -173.021              58              38
   86         258.611   -2885.302         128.459    -256.729              86              37
    2        1444.188    -100.320        -474.466     -17.075               2              38
    1        -599.606    1536.198        -121.702     383.962               1              37
  193        -956.588    -694.621           7.698    -187.987             193              38
  212       -1217.110    -727.501       -1127.953     167.422             212              37
  190         458.737    1646.552         -58.625    1254.107             190              38
  201       -1831.589     144.294          90.989     112.559             201              37
   37        -226.103   -1637.646        -329.408     426.501              37              38
  105        -236.486     234.834        -620.343     505.878             105              37
   86         512.734     842.456        -198.916    1158.892              86              38
  245        -800.608    1425.602          43.398     902.485             245              37
   56         742.099    -341.422         462.388     494.144              56              38
   23       -2210.222    1280.424        -745.256     557.172              23              37
  148         569.635   -1329.014         757.339    1039.196             148              38
  153       -1149.897     335.891       -1075.704    -220.020             153              37
   56        -623.245     399.128        -119.752    2141.477              56              38
  194        -723.128     405.602        -149.043     430.185             194              37
   65         223.841   -1038.916         133.720    1959.074              65              38
   66        1237.433     901.074         -10.956     463.302              66              37
   97         -77.953     362.372          10.761    1910.373              97              38
  225         575.486    1782.540        -238.909    1115.336             225              37
  185         234.094    1563.872         868.294    2222.742             185              38
  160       -2356.831    1070.677        -831.880    1009.801             160              37
    4        1998.406     338.360        2092.783    3841.555               4              38
  235        -184.301    -305.383          35.676    -895.847             235              37
   14         312.314     431.544         902.472    4573.932              14              38
  214       -1094.774    -918.583        -382.307   -1199.290             214              37
   87        -789.343     463.617        -366.693    8560.878              87              38
   23        3587.369     541.585        2006.912    -101.508              23              37
   50       -1153.539     805.641         -24.681   19360.436              50              38
